1/08/2020 2:00:31 AM,UNIT 10604
1/08/2020 2:00:31 AM,333 CHAL 31C48183
1/08/2020 2:00:31 AM,RESP 9837C77B
1/08/2020 2:00:31 AM,230 Auth OK
1/08/2020 2:00:32 AM,TIME
1/08/2020 2:00:32 AM,211 TIME 1596247232
1/08/2020 2:00:32 AM,EVCOUNT 14
1/08/2020 2:00:32 AM,252 Event OK
1/08/2020 2:00:32 AM,TODO
1/08/2020 2:00:32 AM,226 Nothing to do
1/08/2020 2:00:32 AM,EVENT 49341 1596247202 -310123567/1219234721/2105/0/0 SWSTART OpusFC 5.0.58.510 R v:122
1/08/2020 2:00:32 AM,252 Event OK
1/08/2020 2:00:33 AM,EVENT 49342 1596237047 0/0/0/0/0 POWERDOWN v:121
1/08/2020 2:00:33 AM,252 Event OK
1/08/2020 2:00:33 AM,EVENT 49343 1596247202 0/0/0/0/0 INPUT 1 1 0 v:121
1/08/2020 2:00:33 AM,252 Event OK
1/08/2020 2:00:34 AM,EVENT 49344 1596247202 0/0/0/0/0 INPUT 2 0 0 v:121
1/08/2020 2:00:34 AM,252 Event OK
1/08/2020 2:00:34 AM,EVENT 49345 1596247202 0/0/0/0/0 INPUT 3 0 0 v:121
1/08/2020 2:00:34 AM,252 Event OK
1/08/2020 2:00:34 AM,EVENT 49346 1596247202 0/0/0/0/0 INPUT 4 0 0 v:121
1/08/2020 2:00:34 AM,252 Event OK
1/08/2020 2:00:35 AM,EVENT 49347 1596247202 0/0/0/0/0 INPUT 7 0 0 v:121
1/08/2020 2:00:35 AM,252 Event OK
1/08/2020 2:00:35 AM,EVENT 49348 1596247202 0/0/0/0/0 INPUT 8 1 0 v:121
1/08/2020 2:00:35 AM,252 Event OK
1/08/2020 2:00:35 AM,EVENT 49349 1596247204 0/0/0/0/0 ZONE_OK 2 100 FW=NO VERSION v:121
1/08/2020 2:00:35 AM,252 Event OK
1/08/2020 2:00:35 AM,EVENT 49350 1596247213 0/0/0/0/0 SIGNON 2494 03edef18 OK 26 90873 0 v:121
1/08/2020 2:00:35 AM,252 Event OK
1/08/2020 2:00:36 AM,EVENT 49351 1596247221 0/0/0/8/0 INPUT 7 1 0 v:122
1/08/2020 2:00:36 AM,252 Event OK
1/08/2020 2:00:36 AM,EVENT 49352 1596247222 0/0/0/8/0 INPUT 4 1 0 v:122
1/08/2020 2:00:36 AM,252 Event OK
1/08/2020 2:00:36 AM,EVENT 49353 1596247222 0/0/0/8/0 INPUT 7 0 0 v:121
1/08/2020 2:00:36 AM,252 Event OK
1/08/2020 2:00:37 AM,EVENT 49354 1596247225 0/0/0/8/0 INPUT 1 0 22 v:121
1/08/2020 2:00:37 AM,252 Event OK
1/08/2020 2:00:37 AM,EVENT 49355 1596247226 0/0/0/8/0 OILPRESSURE 49350 8 v:121
1/08/2020 2:00:37 AM,252 Event OK
1/08/2020 2:00:37 AM,QUIT
1/08/2020 2:00:37 AM,221 Session ended - goodbye
1/08/2020 2:09:33 AM,UNIT 10604
1/08/2020 2:09:33 AM,333 CHAL 56EB1199
1/08/2020 2:09:34 AM,RESP 9EB15C96
1/08/2020 2:09:34 AM,230 Auth OK
1/08/2020 2:09:34 AM,TIME
1/08/2020 2:09:34 AM,211 TIME 1596247774
1/08/2020 2:09:35 AM,EVCOUNT 4
1/08/2020 2:09:35 AM,252 Event OK
1/08/2020 2:09:36 AM,TODO
1/08/2020 2:09:36 AM,226 Nothing to do
1/08/2020 2:09:37 AM,EVENT 49356 1596247764 -310122370/1219233533/2114/8/0 INPUT 7 1 0 v:122
1/08/2020 2:09:37 AM,252 Event OK
1/08/2020 2:09:38 AM,EVENT 49357 1596247764 -310122370/1219233533/2114/8/0 INPUT 8 0 562 v:122
1/08/2020 2:09:38 AM,252 Event OK
1/08/2020 2:09:39 AM,EVENT 49358 1596247765 -310122379/1219233514/2101/8/0 INPUT 1 1 0 v:122
1/08/2020 2:09:39 AM,252 Event OK
1/08/2020 2:09:41 AM,EVENT 49359 1596247766 -310122396/1219233491/2082/8/0 INPUT 4 0 545 v:121
1/08/2020 2:09:41 AM,252 Event OK
1/08/2020 2:09:42 AM,EVENT 49360 1596247769 -310122422/1219233470/2048/8/0 TRIP 49350 0 545 12 9 557 v:121
1/08/2020 2:09:42 AM,252 Event OK
1/08/2020 2:09:43 AM,EVENT 49361 1596247769 -310122422/1219233470/2048/8/0 TRIPSUMMARY 49350 v:122
1/08/2020 2:09:43 AM,252 Event OK
1/08/2020 2:09:44 AM,QUIT
1/08/2020 2:09:44 AM,221 Session ended - goodbye
1/08/2020 2:10:23 AM,UNIT 10604
1/08/2020 2:10:23 AM,333 CHAL 771D804B
1/08/2020 2:10:23 AM,RESP 2A8DB8F2
1/08/2020 2:10:23 AM,230 Auth OK
1/08/2020 2:10:24 AM,TIME
1/08/2020 2:10:24 AM,211 TIME 1596247824
1/08/2020 2:10:25 AM,EVCOUNT 1
1/08/2020 2:10:25 AM,252 Event OK
1/08/2020 2:10:25 AM,TODO
1/08/2020 2:10:25 AM,226 Nothing to do
1/08/2020 2:10:26 AM,EVENT 49362 1596247814 -310122770/1219233479/2031/6/0 REPORT * 0 0 v:122
1/08/2020 2:10:26 AM,252 Event OK
1/08/2020 2:10:27 AM,QUIT
1/08/2020 2:10:27 AM,221 Session ended - goodbye
1/08/2020 2:50:40 AM,UNIT 10604
1/08/2020 2:50:40 AM,333 CHAL 6DFEECB9
1/08/2020 2:50:40 AM,RESP 5A820F0B
1/08/2020 2:50:40 AM,230 Auth OK
1/08/2020 2:50:40 AM,TIME
1/08/2020 2:50:40 AM,211 TIME 1596250240
1/08/2020 2:50:41 AM,EVCOUNT 14
1/08/2020 2:50:41 AM,252 Event OK
1/08/2020 2:50:41 AM,TODO
1/08/2020 2:50:41 AM,226 Nothing to do
1/08/2020 2:50:41 AM,EVENT 49363 1596250209 -310122770/1219233479/2031/0/0 SWSTART OpusFC 5.0.58.510 R v:121
1/08/2020 2:50:41 AM,252 Event OK
1/08/2020 2:50:42 AM,EVENT 49364 1596247769 0/0/0/0/0 POWERDOWN v:121
1/08/2020 2:50:42 AM,252 Event OK
1/08/2020 2:50:42 AM,EVENT 49365 1596250209 0/0/0/0/0 INPUT 1 1 0 v:121
1/08/2020 2:50:42 AM,252 Event OK
1/08/2020 2:50:42 AM,EVENT 49366 1596250209 0/0/0/0/0 INPUT 2 0 0 v:121
1/08/2020 2:50:42 AM,252 Event OK
1/08/2020 2:50:42 AM,EVENT 49367 1596250209 0/0/0/0/0 INPUT 3 0 0 v:121
1/08/2020 2:50:42 AM,252 Event OK
1/08/2020 2:50:43 AM,EVENT 49368 1596250209 0/0/0/0/0 INPUT 4 0 0 v:121
1/08/2020 2:50:43 AM,252 Event OK
1/08/2020 2:50:43 AM,EVENT 49369 1596250209 0/0/0/0/0 INPUT 7 0 0 v:121
1/08/2020 2:50:43 AM,252 Event OK
1/08/2020 2:50:43 AM,EVENT 49370 1596250209 0/0/0/0/0 INPUT 8 1 0 v:121
1/08/2020 2:50:43 AM,252 Event OK
1/08/2020 2:50:43 AM,EVENT 49371 1596250211 0/0/0/0/0 ZONE_OK 2 100 FW=NO VERSION v:121
1/08/2020 2:50:43 AM,252 Event OK
1/08/2020 2:50:44 AM,EVENT 49372 1596250222 0/0/0/0/0 SIGNON 2494 03edef18 OK 26 90873 0 v:121
1/08/2020 2:50:44 AM,252 Event OK
1/08/2020 2:50:44 AM,EVENT 49373 1596250231 -310121613/1219234710/9347/7/0 INPUT 7 1 0 v:121
1/08/2020 2:50:44 AM,252 Event OK
1/08/2020 2:50:44 AM,EVENT 49374 1596250232 -310121570/1219234684/8930/7/0 INPUT 4 1 0 v:121
1/08/2020 2:50:44 AM,252 Event OK
1/08/2020 2:50:45 AM,EVENT 49375 1596250232 -310121519/1219234654/8582/7/0 INPUT 7 0 1 v:121
1/08/2020 2:50:45 AM,252 Event OK
1/08/2020 2:50:45 AM,EVENT 49376 1596250232 -310121568/1219234574/8293/7/0 INPUT 1 0 23 v:121
1/08/2020 2:50:45 AM,252 Event OK
1/08/2020 2:50:45 AM,EVENT 49377 1596250234 -310121567/1219234396/7221/7/0 OILPRESSURE 49372 7 v:122
1/08/2020 2:50:45 AM,252 Event OK
1/08/2020 2:50:45 AM,QUIT
1/08/2020 2:50:45 AM,221 Session ended - goodbye
1/08/2020 2:58:10 AM,UNIT 10604
1/08/2020 2:58:10 AM,333 CHAL 4D98F4C0
1/08/2020 2:58:11 AM,RESP F7E1A591
1/08/2020 2:58:11 AM,230 Auth OK
1/08/2020 2:58:11 AM,TIME
1/08/2020 2:58:11 AM,211 TIME 1596250691
1/08/2020 2:58:12 AM,EVCOUNT 2
1/08/2020 2:58:12 AM,252 Event OK
1/08/2020 2:58:13 AM,TODO
1/08/2020 2:58:13 AM,226 Nothing to do
1/08/2020 2:58:13 AM,EVENT 49378 1596250680 -310123802/1219234123/3196/8/3 INPUT 4 0 449 v:122
1/08/2020 2:58:13 AM,252 Event OK
1/08/2020 2:58:14 AM,EVENT 49379 1596250680 -310123840/1219234165/3430/8/3 INPUT 4 1 0 v:122
1/08/2020 2:58:14 AM,252 Event OK
1/08/2020 2:58:15 AM,QUIT
1/08/2020 2:58:15 AM,221 Session ended - goodbye
1/08/2020 2:58:25 AM,UNIT 10604
1/08/2020 2:58:25 AM,333 CHAL 79BCE21D
1/08/2020 2:58:26 AM,RESP ED54AA67
1/08/2020 2:58:26 AM,230 Auth OK
1/08/2020 2:58:27 AM,TIME
1/08/2020 2:58:27 AM,211 TIME 1596250707
1/08/2020 2:58:27 AM,EVCOUNT 2
1/08/2020 2:58:27 AM,252 Event OK
1/08/2020 2:58:28 AM,TODO
1/08/2020 2:58:28 AM,226 Nothing to do
1/08/2020 2:58:29 AM,EVENT 49380 1596250693 -310122357/1219233638/2223/8/0 INPUT 4 0 13 v:122
1/08/2020 2:58:29 AM,252 Event OK
1/08/2020 2:58:30 AM,EVENT 49381 1596250693 -310122372/1219233626/2220/8/0 INPUT 4 1 0 v:122
1/08/2020 2:58:30 AM,252 Event OK
1/08/2020 2:58:31 AM,EVENT 49382 1596250701 -310122838/1219232985/1300/8/7 INPUT 3 1 0 v:122
1/08/2020 2:58:31 AM,252 Event OK
1/08/2020 2:58:31 AM,QUIT
1/08/2020 2:58:31 AM,221 Session ended - goodbye
1/08/2020 3:01:56 AM,UNIT 10604
1/08/2020 3:01:56 AM,333 CHAL 7CC4F4AC
1/08/2020 3:01:57 AM,RESP 9E0C3D00
1/08/2020 3:01:57 AM,230 Auth OK
1/08/2020 3:01:57 AM,TIME
1/08/2020 3:01:57 AM,211 TIME 1596250917
1/08/2020 3:01:58 AM,EVCOUNT 1
1/08/2020 3:01:58 AM,252 Event OK
1/08/2020 3:01:59 AM,TODO
1/08/2020 3:01:59 AM,226 Nothing to do
1/08/2020 3:02:00 AM,EVENT 49383 1596250906 -310101649/1219144440/693/7/9 INPUT 3 0 206 v:122
1/08/2020 3:02:00 AM,252 Event OK
1/08/2020 3:02:01 AM,QUIT
1/08/2020 3:02:01 AM,221 Session ended - goodbye
1/08/2020 3:02:14 AM,UNIT 10604
1/08/2020 3:02:14 AM,333 CHAL 7138B88A
1/08/2020 3:02:14 AM,RESP 57E7EE71
1/08/2020 3:02:14 AM,230 Auth OK
1/08/2020 3:02:15 AM,TIME
1/08/2020 3:02:15 AM,211 TIME 1596250935
1/08/2020 3:02:15 AM,EVCOUNT 1
1/08/2020 3:02:15 AM,252 Event OK
1/08/2020 3:02:16 AM,TODO
1/08/2020 3:02:16 AM,226 Nothing to do
1/08/2020 3:02:17 AM,EVENT 49384 1596250924 -310103959/1219144896/755/0/8 INPUT 3 1 0 v:122
1/08/2020 3:02:17 AM,252 Event OK
1/08/2020 3:02:17 AM,QUIT
1/08/2020 3:02:17 AM,221 Session ended - goodbye
1/08/2020 3:05:57 AM,UNIT 10604
1/08/2020 3:05:57 AM,333 CHAL 7D7ED564
1/08/2020 3:05:57 AM,RESP B0031DB9
1/08/2020 3:05:57 AM,230 Auth OK
1/08/2020 3:05:58 AM,TIME
1/08/2020 3:05:58 AM,211 TIME 1596251158
1/08/2020 3:05:58 AM,EVCOUNT 1
1/08/2020 3:05:58 AM,252 Event OK
1/08/2020 3:05:59 AM,TODO
1/08/2020 3:05:59 AM,226 Nothing to do
1/08/2020 3:06:00 AM,EVENT 49385 1596251147 -310123455/1219234545/688/11/9 INPUT 3 0 224 v:122
1/08/2020 3:06:00 AM,252 Event OK
1/08/2020 3:06:01 AM,QUIT
1/08/2020 3:06:01 AM,221 Session ended - goodbye
1/08/2020 3:06:11 AM,UNIT 10604
1/08/2020 3:06:11 AM,333 CHAL 3E25818F
1/08/2020 3:06:12 AM,RESP 9F6B9D0B
1/08/2020 3:06:12 AM,230 Auth OK
1/08/2020 3:06:13 AM,TIME
1/08/2020 3:06:13 AM,211 TIME 1596251173
1/08/2020 3:06:13 AM,EVCOUNT 2
1/08/2020 3:06:13 AM,252 Event OK
1/08/2020 3:06:14 AM,TODO
1/08/2020 3:06:14 AM,226 Nothing to do
1/08/2020 3:06:15 AM,EVENT 49386 1596251154 -310123299/1219234277/700/11/3 INPUT 4 0 461 v:122
1/08/2020 3:06:15 AM,252 Event OK
1/08/2020 3:06:15 AM,EVENT 49387 1596251154 -310123317/1219234310/699/11/0 INPUT 4 1 0 v:122
1/08/2020 3:06:15 AM,252 Event OK
1/08/2020 3:06:16 AM,QUIT
1/08/2020 3:06:16 AM,221 Session ended - goodbye
1/08/2020 3:06:26 AM,UNIT 10604
1/08/2020 3:06:26 AM,333 CHAL 40D29CFB
1/08/2020 3:06:27 AM,RESP 5FBEB7BC
1/08/2020 3:06:27 AM,230 Auth OK
1/08/2020 3:06:27 AM,TIME
1/08/2020 3:06:27 AM,211 TIME 1596251187
1/08/2020 3:06:28 AM,EVCOUNT 7
1/08/2020 3:06:28 AM,252 Event OK
1/08/2020 3:06:29 AM,TODO
1/08/2020 3:06:29 AM,226 Nothing to do
1/08/2020 3:06:30 AM,EVENT 49388 1596251170 -310123288/1219235513/680/7/2 INPUT 4 0 16 v:122
1/08/2020 3:06:30 AM,252 Event OK
1/08/2020 3:06:31 AM,EVENT 49389 1596251170 -310123288/1219235513/680/7/2 INPUT 4 1 0 v:122
1/08/2020 3:06:31 AM,252 Event OK
1/08/2020 3:06:32 AM,EVENT 49390 1596251178 -310123241/1219235751/727/7/0 INPUT 7 1 0 v:122
1/08/2020 3:06:32 AM,252 Event OK
1/08/2020 3:06:33 AM,EVENT 49391 1596251178 -310123241/1219235751/727/7/0 INPUT 8 0 969 v:122
1/08/2020 3:06:33 AM,252 Event OK
1/08/2020 3:06:34 AM,EVENT 49392 1596251179 -310123244/1219235756/730/7/0 INPUT 1 1 0 v:121
1/08/2020 3:06:34 AM,252 Event OK
1/08/2020 3:06:35 AM,EVENT 49393 1596251180 -310123249/1219235765/739/7/0 INPUT 8 1 0 v:121
1/08/2020 3:06:35 AM,252 Event OK
1/08/2020 3:06:36 AM,EVENT 49394 1596251180 -310123249/1219235765/739/7/0 INPUT 7 0 2 v:121
1/08/2020 3:06:36 AM,252 Event OK
1/08/2020 3:06:37 AM,EVENT 49395 1596251181 -310123253/1219235773/748/7/0 INPUT 4 0 11 v:122
1/08/2020 3:06:37 AM,252 Event OK
1/08/2020 3:06:38 AM,EVENT 49396 1596251183 -310123260/1219235786/763/7/0 INPUT 7 1 0 v:122
1/08/2020 3:06:38 AM,252 Event OK
1/08/2020 3:06:39 AM,EVENT 49397 1596251183 -310123260/1219235786/763/7/0 INPUT 8 0 3 v:122
1/08/2020 3:06:39 AM,252 Event OK
1/08/2020 3:06:39 AM,EVENT 49398 1596251184 -310123264/1219235793/770/7/0 OILPRESSURE 49372 3 v:122
1/08/2020 3:06:39 AM,252 Event OK
1/08/2020 3:06:40 AM,EVENT 49399 1596251187 -310123274/1219235808/786/7/0 REPORT 49372 0 58 v:121
1/08/2020 3:06:40 AM,252 Event OK
1/08/2020 3:06:41 AM,EVENT 49400 1596251187 -310123278/1219235814/792/7/0 TRIP 49372 430 520 16 10 966 v:121
1/08/2020 3:06:41 AM,252 Event OK
1/08/2020 3:06:42 AM,EVENT 49401 1596251187 -310123278/1219235814/792/7/0 TRIPSUMMARY 49372 v:122
1/08/2020 3:06:42 AM,252 Event OK
1/08/2020 3:06:43 AM,QUIT
1/08/2020 3:06:43 AM,221 Session ended - goodbye
1/08/2020 10:05:54 AM,UNIT 10604
1/08/2020 10:05:54 AM,333 CHAL 144C285D
1/08/2020 10:05:54 AM,RESP 2B63284B
1/08/2020 10:05:54 AM,230 Auth OK
1/08/2020 10:05:54 AM,TIME
1/08/2020 10:05:54 AM,211 TIME 1596276354
1/08/2020 10:05:55 AM,EVCOUNT 14
1/08/2020 10:05:55 AM,252 Event OK
1/08/2020 10:05:55 AM,TODO
1/08/2020 10:05:55 AM,226 Nothing to do
1/08/2020 10:05:55 AM,EVENT 49402 1596276325 0/0/0/0/0 SWSTART OpusFC 5.0.58.510 R v:122
1/08/2020 10:05:55 AM,252 Event OK
1/08/2020 10:05:56 AM,EVENT 49403 1596251187 0/0/0/0/0 POWERDOWN v:121
1/08/2020 10:05:56 AM,252 Event OK
1/08/2020 10:05:56 AM,EVENT 49404 1596276325 0/0/0/0/0 INPUT 1 1 0 v:121
1/08/2020 10:05:56 AM,252 Event OK
1/08/2020 10:05:56 AM,EVENT 49405 1596276325 0/0/0/0/0 INPUT 2 0 0 v:121
1/08/2020 10:05:56 AM,252 Event OK
1/08/2020 10:05:56 AM,EVENT 49406 1596276325 0/0/0/0/0 INPUT 3 0 0 v:121
1/08/2020 10:05:56 AM,252 Event OK
1/08/2020 10:05:56 AM,EVENT 49407 1596276325 0/0/0/0/0 INPUT 4 0 0 v:121
1/08/2020 10:05:56 AM,252 Event OK
1/08/2020 10:05:57 AM,EVENT 49408 1596276325 0/0/0/0/0 INPUT 7 0 0 v:121
1/08/2020 10:05:57 AM,252 Event OK
1/08/2020 10:05:57 AM,EVENT 49409 1596276325 0/0/0/0/0 INPUT 8 1 0 v:121
1/08/2020 10:05:57 AM,252 Event OK
1/08/2020 10:05:57 AM,EVENT 49410 1596276327 0/0/0/0/0 ZONE_OK 2 100 FW=NO VERSION v:121
1/08/2020 10:05:57 AM,252 Event OK
1/08/2020 10:05:57 AM,EVENT 49411 1596276336 0/0/0/0/0 SIGNON 2521 03cffbfc OK_CL 26 180201 0 v:121
1/08/2020 10:05:57 AM,252 Event OK
1/08/2020 10:05:57 AM,EVENT 49412 1596276340 0/0/0/12/0 CHECKLIST 49411 OK 0 5 432 F v:121
1/08/2020 10:05:57 AM,252 Event OK
1/08/2020 10:05:58 AM,EVENT 49413 1596276346 0/0/0/12/0 INPUT 7 1 0 v:121
1/08/2020 10:05:58 AM,252 Event OK
1/08/2020 10:05:58 AM,EVENT 49414 1596276346 0/0/0/12/0 INPUT 4 1 0 v:121
1/08/2020 10:05:58 AM,252 Event OK
1/08/2020 10:05:58 AM,EVENT 49415 1596276347 0/0/0/12/0 INPUT 7 0 1 v:121
1/08/2020 10:05:58 AM,252 Event OK
1/08/2020 10:05:58 AM,EVENT 49416 1596276350 0/0/0/12/5 INPUT 1 0 24 v:121
1/08/2020 10:05:58 AM,252 Event OK
1/08/2020 10:05:59 AM,EVENT 49417 1596276351 0/0/0/12/7 OILPRESSURE 49411 9 v:121
1/08/2020 10:05:59 AM,252 Event OK
1/08/2020 10:05:59 AM,EVENT 49418 1596276352 0/0/0/12/8 INPUT 3 1 0 v:121
1/08/2020 10:05:59 AM,252 Event OK
1/08/2020 10:05:59 AM,QUIT
1/08/2020 10:05:59 AM,221 Session ended - goodbye
1/08/2020 10:06:09 AM,UNIT 10604
1/08/2020 10:06:09 AM,333 CHAL 6258E78D
1/08/2020 10:06:09 AM,RESP 7A73512B
1/08/2020 10:06:09 AM,230 Auth OK
1/08/2020 10:06:10 AM,TIME
1/08/2020 10:06:10 AM,211 TIME 1596276370
1/08/2020 10:06:10 AM,EVCOUNT 0
1/08/2020 10:06:10 AM,252 Event OK
1/08/2020 10:06:11 AM,TODO
1/08/2020 10:06:11 AM,226 Nothing to do
1/08/2020 10:06:11 AM,QUIT
1/08/2020 10:06:11 AM,221 Session ended - goodbye
1/08/2020 10:07:12 AM,UNIT 10604
1/08/2020 10:07:12 AM,333 CHAL 6A6C4B9F
1/08/2020 10:07:13 AM,RESP C791532A
1/08/2020 10:07:13 AM,230 Auth OK
1/08/2020 10:07:13 AM,TIME
1/08/2020 10:07:13 AM,211 TIME 1596276433
1/08/2020 10:07:13 AM,EVCOUNT 1
1/08/2020 10:07:13 AM,252 Event OK
1/08/2020 10:07:14 AM,TODO
1/08/2020 10:07:14 AM,226 Nothing to do
1/08/2020 10:07:15 AM,EVENT 49419 1596276423 -310143215/1219231057/700/9/10 INPUT 3 0 71 v:121
1/08/2020 10:07:15 AM,252 Event OK
1/08/2020 10:07:15 AM,QUIT
1/08/2020 10:07:15 AM,221 Session ended - goodbye
1/08/2020 10:07:25 AM,UNIT 10604
1/08/2020 10:07:25 AM,333 CHAL 49C9E1B5
1/08/2020 10:07:26 AM,RESP 2768FDCE
1/08/2020 10:07:26 AM,230 Auth OK
1/08/2020 10:07:26 AM,TIME
1/08/2020 10:07:26 AM,211 TIME 1596276446
1/08/2020 10:07:27 AM,EVCOUNT 6
1/08/2020 10:07:27 AM,252 Event OK
1/08/2020 10:07:27 AM,TODO
1/08/2020 10:07:27 AM,226 Nothing to do
1/08/2020 10:07:28 AM,EVENT 49420 1596276431 -310143814/1219230994/712/9/3 INPUT 7 1 0 v:121
1/08/2020 10:07:28 AM,252 Event OK
1/08/2020 10:07:28 AM,EVENT 49421 1596276431 -310143814/1219230994/712/9/3 INPUT 8 0 105 v:121
1/08/2020 10:07:28 AM,252 Event OK
1/08/2020 10:07:29 AM,EVENT 49422 1596276431 -310143816/1219230995/719/9/3 INPUT 1 1 0 v:121
1/08/2020 10:07:29 AM,252 Event OK
1/08/2020 10:07:30 AM,EVENT 49423 1596276432 -310143822/1219230995/726/9/3 INPUT 4 0 87 v:121
1/08/2020 10:07:30 AM,252 Event OK
1/08/2020 10:07:30 AM,EVENT 49424 1596276435 -310143838/1219230990/750/9/0 TRIP 49411 71 16 10 7 97 v:121
1/08/2020 10:07:30 AM,252 Event OK
1/08/2020 10:07:31 AM,EVENT 49425 1596276435 -310143838/1219230990/750/9/0 TRIPSUMMARY 49411 v:121
1/08/2020 10:07:31 AM,252 Event OK
1/08/2020 10:07:32 AM,QUIT
1/08/2020 10:07:32 AM,221 Session ended - goodbye
1/08/2020 10:07:42 AM,UNIT 10604
1/08/2020 10:07:42 AM,333 CHAL 3DCEE1ED
1/08/2020 10:07:42 AM,RESP EBC6DD4E
1/08/2020 10:07:42 AM,230 Auth OK
1/08/2020 10:07:43 AM,TIME
1/08/2020 10:07:43 AM,211 TIME 1596276463
1/08/2020 10:07:43 AM,EVCOUNT 1
1/08/2020 10:07:43 AM,252 Event OK
1/08/2020 10:07:44 AM,TODO
1/08/2020 10:07:44 AM,226 Nothing to do
1/08/2020 10:07:44 AM,EVENT 49426 1596276449 -310143869/1219230929/836/5/0 REPORT * 0 178 v:121
1/08/2020 10:07:44 AM,252 Event OK
1/08/2020 10:07:45 AM,QUIT
1/08/2020 10:07:45 AM,221 Session ended - goodbye
1/08/2020 10:12:29 AM,UNIT 10604
1/08/2020 10:12:29 AM,333 CHAL 462672A5
1/08/2020 10:12:29 AM,RESP 166E1488
1/08/2020 10:12:29 AM,230 Auth OK
1/08/2020 10:12:30 AM,TIME
1/08/2020 10:12:30 AM,211 TIME 1596276750
1/08/2020 10:12:30 AM,EVCOUNT 2
1/08/2020 10:12:30 AM,252 Event OK
1/08/2020 10:12:31 AM,TODO
1/08/2020 10:12:31 AM,226 Nothing to do
1/08/2020 10:12:31 AM,EVENT 49427 1596276740 -310143743/1219231018/870/5/0 INPUT 8 1 0 v:121
1/08/2020 10:12:31 AM,252 Event OK
1/08/2020 10:12:32 AM,EVENT 49428 1596276741 -310143740/1219231021/871/5/0 INPUT 7 0 310 v:121
1/08/2020 10:12:32 AM,252 Event OK
1/08/2020 10:12:32 AM,QUIT
1/08/2020 10:12:32 AM,221 Session ended - goodbye
1/08/2020 10:12:43 AM,UNIT 10604
1/08/2020 10:12:43 AM,333 CHAL 27545E82
1/08/2020 10:12:43 AM,RESP 0CEB405E
1/08/2020 10:12:43 AM,230 Auth OK
1/08/2020 10:12:44 AM,TIME
1/08/2020 10:12:44 AM,211 TIME 1596276764
1/08/2020 10:12:44 AM,EVCOUNT 2
1/08/2020 10:12:44 AM,252 Event OK
1/08/2020 10:12:45 AM,TODO
1/08/2020 10:12:45 AM,226 Nothing to do
1/08/2020 10:12:45 AM,EVENT 49429 1596276751 -310143732/1219231036/875/5/0 SIGNON 2521 03cffbfc OK 26 180201 0 v:121
1/08/2020 10:12:45 AM,252 Event OK
1/08/2020 10:12:46 AM,EVENT 49430 1596276758 -310143756/1219231022/873/5/0 INPUT 7 1 0 v:121
1/08/2020 10:12:46 AM,252 Event OK
1/08/2020 10:12:47 AM,EVENT 49431 1596276758 -310143756/1219231020/877/5/0 INPUT 7 0 0 v:121
1/08/2020 10:12:47 AM,252 Event OK
1/08/2020 10:12:47 AM,EVENT 49432 1596276758 -310143755/1219231018/881/5/0 INPUT 4 1 0 v:121
1/08/2020 10:12:47 AM,252 Event OK
1/08/2020 10:12:48 AM,EVENT 49433 1596276758 -310143755/1219231018/881/5/0 INPUT 1 0 327 v:121
1/08/2020 10:12:48 AM,252 Event OK
1/08/2020 10:12:49 AM,EVENT 49434 1596276760 -310143751/1219231010/896/5/0 OILPRESSURE 49429 4 v:121
1/08/2020 10:12:49 AM,252 Event OK
1/08/2020 10:12:49 AM,QUIT
1/08/2020 10:12:49 AM,221 Session ended - goodbye
1/08/2020 10:13:01 AM,UNIT 10604
1/08/2020 10:13:01 AM,333 CHAL 7421A635
1/08/2020 10:13:02 AM,RESP 627523A7
1/08/2020 10:13:02 AM,230 Auth OK
1/08/2020 10:13:02 AM,TIME
1/08/2020 10:13:02 AM,211 TIME 1596276782
1/08/2020 10:13:03 AM,EVCOUNT 2
1/08/2020 10:13:03 AM,252 Event OK
1/08/2020 10:13:03 AM,TODO
1/08/2020 10:13:03 AM,226 Nothing to do
1/08/2020 10:13:04 AM,EVENT 49435 1596276772 -310143474/1219231051/924/5/0 INPUT 4 0 14 v:121
1/08/2020 10:13:04 AM,252 Event OK
1/08/2020 10:13:05 AM,EVENT 49436 1596276773 -310143474/1219231051/924/5/0 INPUT 4 1 0 v:121
1/08/2020 10:13:05 AM,252 Event OK
1/08/2020 10:13:06 AM,EVENT 49437 1596276778 -310142962/1219230875/898/5/3 INPUT 4 0 6 v:121
1/08/2020 10:13:06 AM,252 Event OK
1/08/2020 10:13:07 AM,EVENT 49438 1596276778 -310142962/1219230875/898/5/3 INPUT 4 1 0 v:121
1/08/2020 10:13:07 AM,252 Event OK
1/08/2020 10:13:07 AM,EVENT 49439 1596276780 -310143112/1219231003/882/5/3 INPUT 3 1 0 v:121
1/08/2020 10:13:07 AM,252 Event OK
1/08/2020 10:13:08 AM,QUIT
1/08/2020 10:13:08 AM,221 Session ended - goodbye
1/08/2020 10:14:20 AM,UNIT 10604
1/08/2020 10:14:20 AM,333 CHAL 6ED5E7AD
1/08/2020 10:14:21 AM,RESP 8CFC72C4
1/08/2020 10:14:21 AM,230 Auth OK
1/08/2020 10:14:21 AM,TIME
1/08/2020 10:14:21 AM,211 TIME 1596276861
1/08/2020 10:14:22 AM,EVCOUNT 1
1/08/2020 10:14:22 AM,252 Event OK
1/08/2020 10:14:22 AM,TODO
1/08/2020 10:14:22 AM,226 Nothing to do
1/08/2020 10:14:23 AM,EVENT 49440 1596276851 -310122610/1219237001/760/12/11 INPUT 3 0 71 v:121
1/08/2020 10:14:23 AM,252 Event OK
1/08/2020 10:14:24 AM,QUIT
1/08/2020 10:14:24 AM,221 Session ended - goodbye
1/08/2020 10:15:33 AM,UNIT 10604
1/08/2020 10:15:33 AM,333 CHAL 2E0F8761
1/08/2020 10:15:33 AM,RESP 985A2B52
1/08/2020 10:15:33 AM,230 Auth OK
1/08/2020 10:15:34 AM,TIME
1/08/2020 10:15:34 AM,211 TIME 1596276934
1/08/2020 10:15:35 AM,EVCOUNT 4
1/08/2020 10:15:35 AM,252 Event OK
1/08/2020 10:15:35 AM,TODO
1/08/2020 10:15:35 AM,226 Nothing to do
1/08/2020 10:15:36 AM,EVENT 49441 1596276925 -310121230/1219236152/775/11/3 INPUT 7 1 0 v:122
1/08/2020 10:15:36 AM,252 Event OK
1/08/2020 10:15:37 AM,EVENT 49442 1596276925 -310121230/1219236152/775/11/3 INPUT 8 0 184 v:122
1/08/2020 10:15:37 AM,252 Event OK
1/08/2020 10:15:37 AM,EVENT 49443 1596276925 -310121225/1219236146/775/11/3 INPUT 1 1 0 v:121
1/08/2020 10:15:37 AM,252 Event OK
1/08/2020 10:15:38 AM,EVENT 49444 1596276926 -310121227/1219236143/776/11/3 INPUT 4 0 148 v:121
1/08/2020 10:15:38 AM,252 Event OK
1/08/2020 10:15:39 AM,EVENT 49445 1596276929 -310121227/1219236137/784/11/0 TRIP 49429 72 96 11 8 179 v:121
1/08/2020 10:15:39 AM,252 Event OK
1/08/2020 10:15:40 AM,EVENT 49446 1596276929 -310121227/1219236137/784/11/0 TRIPSUMMARY 49429 v:121
1/08/2020 10:15:40 AM,252 Event OK
1/08/2020 10:15:40 AM,QUIT
1/08/2020 10:15:40 AM,221 Session ended - goodbye
1/08/2020 10:16:33 AM,UNIT 10604
1/08/2020 10:16:33 AM,333 CHAL 44C875F6
1/08/2020 10:16:34 AM,RESP 529D4F03
1/08/2020 10:16:34 AM,230 Auth OK
1/08/2020 10:16:34 AM,TIME
1/08/2020 10:16:34 AM,211 TIME 1596276994
1/08/2020 10:16:35 AM,EVCOUNT 2
1/08/2020 10:16:35 AM,252 Event OK
1/08/2020 10:16:36 AM,TODO
1/08/2020 10:16:36 AM,226 Nothing to do
1/08/2020 10:16:36 AM,EVENT 49447 1596276985 -310121297/1219236201/753/12/0 INPUT 8 1 0 v:121
1/08/2020 10:16:36 AM,252 Event OK
1/08/2020 10:16:37 AM,EVENT 49448 1596276985 -310121300/1219236201/752/12/0 INPUT 7 0 60 v:121
1/08/2020 10:16:37 AM,252 Event OK
1/08/2020 10:16:38 AM,QUIT
1/08/2020 10:16:38 AM,221 Session ended - goodbye
1/08/2020 10:16:48 AM,UNIT 10604
1/08/2020 10:16:48 AM,333 CHAL A54668E
1/08/2020 10:16:49 AM,RESP 9C627373
1/08/2020 10:16:49 AM,230 Auth OK
1/08/2020 10:16:49 AM,TIME
1/08/2020 10:16:49 AM,211 TIME 1596277009
1/08/2020 10:16:50 AM,EVCOUNT 6
1/08/2020 10:16:50 AM,252 Event OK
1/08/2020 10:16:51 AM,TODO
1/08/2020 10:16:51 AM,226 Nothing to do
1/08/2020 10:16:52 AM,EVENT 49449 1596276992 -310121318/1219236207/738/12/0 SIGNON 2521 03cffbfc OK 26 180201 0 v:121
1/08/2020 10:16:52 AM,252 Event OK
1/08/2020 10:16:52 AM,EVENT 49450 1596276999 -310121335/1219236204/748/12/0 INPUT 7 1 0 v:122
1/08/2020 10:16:52 AM,252 Event OK
1/08/2020 10:16:53 AM,EVENT 49451 1596277000 -310121335/1219236204/748/12/0 INPUT 4 1 0 v:122
1/08/2020 10:16:53 AM,252 Event OK
1/08/2020 10:16:54 AM,EVENT 49452 1596277000 -310121336/1219236204/749/12/0 INPUT 7 0 0 v:122
1/08/2020 10:16:54 AM,252 Event OK
1/08/2020 10:16:55 AM,EVENT 49453 1596277000 -310121336/1219236204/749/12/0 INPUT 1 0 75 v:122
1/08/2020 10:16:55 AM,252 Event OK
1/08/2020 10:16:56 AM,EVENT 49454 1596277001 -310121339/1219236203/750/12/0 OILPRESSURE 49449 4 v:121
1/08/2020 10:16:56 AM,252 Event OK
1/08/2020 10:16:56 AM,EVENT 49455 1596277009 -310120394/1219235500/758/12/8 INPUT 3 1 0 v:121
1/08/2020 10:16:56 AM,252 Event OK
1/08/2020 10:16:57 AM,QUIT
1/08/2020 10:16:57 AM,221 Session ended - goodbye
1/08/2020 10:17:24 AM,UNIT 10604
1/08/2020 10:17:24 AM,333 CHAL 7885B398
1/08/2020 10:18:06 AM,UNIT 10604
1/08/2020 10:18:06 AM,333 CHAL 2A03D7CE
1/08/2020 10:18:07 AM,RESP 87AF6DA8
1/08/2020 10:18:07 AM,230 Auth OK
1/08/2020 10:18:08 AM,TIME
1/08/2020 10:18:08 AM,211 TIME 1596277088
1/08/2020 10:18:08 AM,EVCOUNT 7
1/08/2020 10:18:08 AM,252 Event OK
1/08/2020 10:18:09 AM,TODO
1/08/2020 10:18:09 AM,226 Nothing to do
1/08/2020 10:18:10 AM,EVENT 49456 1596277031 -310121166/1219229896/779/12/10 INPUT 3 0 21 v:121
1/08/2020 10:18:10 AM,252 Event OK
1/08/2020 10:18:10 AM,EVENT 49457 1596277034 -310121426/1219229597/774/2/5 INPUT 7 1 0 v:121
1/08/2020 10:18:10 AM,252 Event OK
1/08/2020 10:18:12 AM,EVENT 49458 1596277034 -310121426/1219229597/774/2/5 INPUT 8 0 49 v:121
1/08/2020 10:18:12 AM,252 Event OK
1/08/2020 10:18:13 AM,EVENT 49459 1596277034 -310121426/1219229597/774/2/4 INPUT 1 1 0 v:121
1/08/2020 10:18:13 AM,252 Event OK
1/08/2020 10:18:14 AM,EVENT 49460 1596277035 -310121436/1219229592/763/2/3 INPUT 4 0 36 v:121
1/08/2020 10:18:14 AM,252 Event OK
1/08/2020 10:18:15 AM,EVENT 49461 1596277038 -310121452/1219229588/747/2/0 TRIP 49449 21 15 10 7 46 v:121
1/08/2020 10:18:15 AM,252 Event OK
1/08/2020 10:18:16 AM,EVENT 49462 1596277038 -310121452/1219229588/747/2/0 TRIPSUMMARY 49449 v:121
1/08/2020 10:18:16 AM,252 Event OK
1/08/2020 10:18:16 AM,QUIT
1/08/2020 10:18:16 AM,221 Session ended - goodbye
1/08/2020 10:19:25 AM,UNIT 10604
1/08/2020 10:19:25 AM,333 CHAL 6481FFCB
1/08/2020 10:19:25 AM,RESP 631E5FCB
1/08/2020 10:19:25 AM,230 Auth OK
1/08/2020 10:19:26 AM,TIME
1/08/2020 10:19:26 AM,211 TIME 1596277166
1/08/2020 10:19:26 AM,EVCOUNT 2
1/08/2020 10:19:26 AM,252 Event OK
1/08/2020 10:19:27 AM,TODO
1/08/2020 10:19:27 AM,226 Nothing to do
1/08/2020 10:19:27 AM,EVENT 49463 1596277154 -310121380/1219229586/761/0/0 INPUT 8 1 0 v:121
1/08/2020 10:19:27 AM,252 Event OK
1/08/2020 10:19:28 AM,EVENT 49464 1596277154 -310121380/1219229582/761/0/0 INPUT 7 0 120 v:121
1/08/2020 10:19:28 AM,252 Event OK
1/08/2020 10:19:28 AM,QUIT
1/08/2020 10:19:28 AM,221 Session ended - goodbye
1/08/2020 10:19:39 AM,UNIT 10604
1/08/2020 10:19:39 AM,333 CHAL 377172B8
1/08/2020 10:19:39 AM,RESP 209C96F6
1/08/2020 10:19:39 AM,230 Auth OK
1/08/2020 10:19:40 AM,TIME
1/08/2020 10:19:40 AM,211 TIME 1596277180
1/08/2020 10:19:40 AM,EVCOUNT 6
1/08/2020 10:19:40 AM,252 Event OK
1/08/2020 10:19:41 AM,TODO
1/08/2020 10:19:41 AM,226 Nothing to do
1/08/2020 10:19:42 AM,EVENT 49465 1596277163 -310121381/1219229541/746/0/0 SIGNON 2521 03cffbfc OK 26 180201 0 v:121
1/08/2020 10:19:42 AM,252 Event OK
1/08/2020 10:19:42 AM,EVENT 49466 1596277169 -310121384/1219229559/751/0/0 INPUT 7 1 0 v:121
1/08/2020 10:19:42 AM,252 Event OK
1/08/2020 10:19:43 AM,EVENT 49467 1596277169 -310121385/1219229562/752/0/0 INPUT 7 0 0 v:121
1/08/2020 10:19:43 AM,252 Event OK
1/08/2020 10:19:44 AM,EVENT 49468 1596277169 -310121385/1219229562/752/0/0 INPUT 1 0 135 v:121
1/08/2020 10:19:44 AM,252 Event OK
1/08/2020 10:19:44 AM,EVENT 49469 1596277169 -310121386/1219229564/753/0/0 INPUT 4 1 0 v:121
1/08/2020 10:19:44 AM,252 Event OK
1/08/2020 10:19:45 AM,EVENT 49470 1596277170 -310121387/1219229571/753/0/0 OILPRESSURE 49465 2 v:121
1/08/2020 10:19:45 AM,252 Event OK
1/08/2020 10:19:46 AM,QUIT
1/08/2020 10:19:46 AM,221 Session ended - goodbye
1/08/2020 10:19:57 AM,UNIT 10604
1/08/2020 10:19:57 AM,333 CHAL 648FE0A3
1/08/2020 10:19:58 AM,RESP 78A67671
1/08/2020 10:19:58 AM,230 Auth OK
1/08/2020 10:19:59 AM,TIME
1/08/2020 10:19:59 AM,211 TIME 1596277199
1/08/2020 10:20:00 AM,EVCOUNT 3
1/08/2020 10:20:00 AM,252 Event OK
1/08/2020 10:20:00 AM,TODO
1/08/2020 10:20:00 AM,226 Nothing to do
1/08/2020 10:20:01 AM,EVENT 49471 1596277180 -310121561/1219229422/741/0/5 INPUT 3 1 0 v:121
1/08/2020 10:20:01 AM,252 Event OK
1/08/2020 8:55:57 PM,UNIT 10604
1/08/2020 8:55:57 PM,333 CHAL 313EC99F
1/08/2020 8:55:58 PM,RESP 913C8717
1/08/2020 8:55:58 PM,230 Auth OK
1/08/2020 8:55:58 PM,TIME
1/08/2020 8:55:58 PM,211 TIME 1596315358
1/08/2020 8:55:58 PM,EVCOUNT 916
1/08/2020 8:55:58 PM,252 Event OK
1/08/2020 8:55:58 PM,TODO
1/08/2020 8:55:58 PM,226 Nothing to do
1/08/2020 8:55:59 PM,EVENT 49472 1596277188 -310122395/1219226591/729/1/11 INPUT 3 0 8 v:121
1/08/2020 8:55:59 PM,252 Event OK
1/08/2020 8:55:59 PM,EVENT 49473 1596277190 -310122417/1219226084/724/1/6 INPUT 3 1 0 v:121
1/08/2020 8:55:59 PM,252 Event OK
1/08/2020 8:55:59 PM,EVENT 49474 1596277837 0/0/0/0/11 INPUT 3 0 647 v:122
1/08/2020 8:55:59 PM,252 Event OK
1/08/2020 8:55:59 PM,EVENT 49475 1596277840 0/0/0/0/5 INPUT 7 1 0 v:122
1/08/2020 8:55:59 PM,252 Event OK
1/08/2020 8:56:00 PM,EVENT 49476 1596277840 0/0/0/0/5 INPUT 8 0 686 v:122
1/08/2020 8:56:00 PM,252 Event OK
1/08/2020 8:56:00 PM,EVENT 49477 1596277840 0/0/0/0/5 INPUT 1 1 0 v:122
1/08/2020 8:56:00 PM,252 Event OK
1/08/2020 8:56:00 PM,EVENT 49478 1596277841 0/0/0/0/5 INPUT 4 0 672 v:122
1/08/2020 8:56:00 PM,252 Event OK
1/08/2020 8:56:00 PM,EVENT 49479 1596277844 0/0/0/0/0 TRIP 49465 655 17 9 6 681 v:121
1/08/2020 8:56:00 PM,252 Event OK
1/08/2020 8:56:00 PM,EVENT 49480 1596277844 0/0/0/0/0 TRIPSUMMARY 49465 v:122
1/08/2020 8:56:00 PM,252 Event OK
1/08/2020 8:56:01 PM,EVENT 49481 1596277943 0/0/0/0/0 INPUT 8 1 0 v:122
1/08/2020 8:56:01 PM,252 Event OK
1/08/2020 8:56:01 PM,EVENT 49482 1596277943 0/0/0/0/0 INPUT 7 0 103 v:122
1/08/2020 8:56:01 PM,252 Event OK
1/08/2020 8:56:01 PM,EVENT 49483 1596277951 0/0/0/0/0 SIGNON 2521 03cffbfc OK 26 180201 0 v:122
1/08/2020 8:56:01 PM,252 Event OK
1/08/2020 8:56:01 PM,EVENT 49484 1596277957 0/0/0/0/0 INPUT 4 1 0 v:122
1/08/2020 8:56:01 PM,252 Event OK
1/08/2020 8:56:02 PM,EVENT 49485 1596277957 0/0/0/0/0 INPUT 1 0 118 v:122
1/08/2020 8:56:02 PM,252 Event OK
1/08/2020 8:56:02 PM,EVENT 49486 1596277959 0/0/0/0/0 OILPRESSURE 49483 3 v:122
1/08/2020 8:56:02 PM,252 Event OK
1/08/2020 8:56:02 PM,EVENT 49487 1596277960 0/0/0/0/0 INPUT 4 0 4 v:122
1/08/2020 8:56:02 PM,252 Event OK
1/08/2020 8:56:02 PM,EVENT 49488 1596277961 0/0/0/0/0 INPUT 4 1 0 v:122
1/08/2020 8:56:02 PM,252 Event OK
1/08/2020 8:56:03 PM,EVENT 49489 1596277964 0/0/0/0/2 INPUT 4 0 4 v:123
1/08/2020 8:56:03 PM,252 Event OK
1/08/2020 8:56:03 PM,EVENT 49490 1596277964 0/0/0/0/2 INPUT 4 1 0 v:122
1/08/2020 8:56:03 PM,252 Event OK
1/08/2020 8:56:03 PM,EVENT 49491 1596277990 0/0/0/0/5 INPUT 3 1 0 v:122
1/08/2020 8:56:03 PM,252 Event OK
1/08/2020 8:56:03 PM,EVENT 49492 1596278101 0/0/0/0/10 INPUT 3 0 110 v:122
1/08/2020 8:56:03 PM,252 Event OK
1/08/2020 8:56:04 PM,EVENT 49493 1596278131 0/0/0/0/0 INPUT 7 1 0 v:122
1/08/2020 8:56:04 PM,252 Event OK
1/08/2020 8:56:04 PM,EVENT 49494 1596278131 0/0/0/0/0 INPUT 8 0 188 v:122
1/08/2020 8:56:04 PM,252 Event OK
1/08/2020 8:56:04 PM,EVENT 49495 1596278131 0/0/0/0/0 INPUT 1 1 0 v:122
1/08/2020 8:56:04 PM,252 Event OK
1/08/2020 8:56:04 PM,EVENT 49496 1596278132 0/0/0/0/0 INPUT 4 0 168 v:122
1/08/2020 8:56:04 PM,252 Event OK
1/08/2020 8:56:04 PM,EVENT 49497 1596278135 0/0/0/0/0 TRIP 49483 110 66 8 5 184 v:122
1/08/2020 8:56:04 PM,252 Event OK
1/08/2020 8:56:05 PM,EVENT 49498 1596278135 0/0/0/0/0 TRIPSUMMARY 49483 v:122
1/08/2020 8:56:05 PM,252 Event OK
1/08/2020 8:56:05 PM,EVENT 49499 1596278324 0/0/0/0/0 INPUT 8 1 0 v:122
1/08/2020 8:56:05 PM,252 Event OK
1/08/2020 8:56:05 PM,EVENT 49500 1596278324 0/0/0/0/0 INPUT 7 0 193 v:122
1/08/2020 8:56:05 PM,252 Event OK
1/08/2020 8:56:05 PM,EVENT 49501 1596278337 0/0/0/0/0 SIGNON * 0 NOCARD 26 0 280201 v:122
1/08/2020 8:56:05 PM,252 Event OK
1/08/2020 8:56:06 PM,EVENT 49502 1596278347 0/0/0/0/0 SIGNON 2521 03cffbfc OK 26 180201 0 v:122
1/08/2020 8:56:06 PM,252 Event OK
1/08/2020 8:56:06 PM,EVENT 49503 1596278353 0/0/0/0/0 INPUT 7 1 0 v:122
1/08/2020 8:56:06 PM,252 Event OK
1/08/2020 8:56:06 PM,EVENT 49504 1596278353 0/0/0/0/0 INPUT 4 1 0 v:123
1/08/2020 8:56:06 PM,252 Event OK
1/08/2020 8:56:07 PM,EVENT 49505 1596278353 0/0/0/0/0 INPUT 7 0 1 v:123
1/08/2020 8:56:07 PM,252 Event OK
1/08/2020 8:56:07 PM,EVENT 49506 1596278354 0/0/0/0/0 INPUT 1 0 223 v:123
1/08/2020 8:56:07 PM,252 Event OK
1/08/2020 8:56:07 PM,EVENT 49507 1596278355 0/0/0/0/0 OILPRESSURE 49502 3 v:122
1/08/2020 8:56:07 PM,252 Event OK
1/08/2020 8:56:07 PM,EVENT 49508 1596278365 0/0/0/99/7 INPUT 3 1 0 v:122
1/08/2020 8:56:07 PM,252 Event OK
1/08/2020 8:56:08 PM,EVENT 49509 1596278369 0/0/0/99/9 INPUT 3 0 5 v:122
1/08/2020 8:56:08 PM,252 Event OK
1/08/2020 8:56:08 PM,EVENT 49510 1596278370 0/0/0/99/9 INPUT 3 1 0 v:122
1/08/2020 8:56:08 PM,252 Event OK
1/08/2020 8:56:08 PM,EVENT 49511 1596278401 0/0/0/0/18 REPORT 49502 0 0 v:122
1/08/2020 8:56:08 PM,252 Event OK
1/08/2020 8:56:08 PM,EVENT 49512 1596278479 0/0/0/0/9 INPUT 3 0 110 v:122
1/08/2020 8:56:08 PM,252 Event OK
1/08/2020 8:56:09 PM,EVENT 49513 1596278484 0/0/0/0/5 INPUT 3 1 0 v:122
1/08/2020 8:56:09 PM,252 Event OK
1/08/2020 8:56:09 PM,EVENT 49514 1596278487 0/0/0/0/10 INPUT 3 0 3 v:122
1/08/2020 8:56:09 PM,252 Event OK
1/08/2020 8:56:09 PM,EVENT 49515 1596278490 0/0/0/0/8 INPUT 3 1 0 v:122
1/08/2020 8:56:09 PM,252 Event OK
1/08/2020 8:56:09 PM,EVENT 49516 1596278684 0/0/0/0/12 INPUT 3 0 194 v:122
1/08/2020 8:56:09 PM,252 Event OK
1/08/2020 8:56:10 PM,EVENT 49517 1596279039 0/0/0/0/8 INPUT 3 1 0 v:122
1/08/2020 8:56:10 PM,252 Event OK
1/08/2020 8:56:10 PM,EVENT 49518 1596279398 0/0/0/0/10 INPUT 3 0 360 v:122
1/08/2020 8:56:10 PM,252 Event OK
1/08/2020 8:56:10 PM,EVENT 49519 1596279613 0/0/0/0/6 INPUT 3 1 0 v:122
1/08/2020 8:56:10 PM,252 Event OK
1/08/2020 8:56:11 PM,EVENT 49520 1596279623 0/0/0/0/11 INPUT 3 0 11 v:122
1/08/2020 8:56:11 PM,252 Event OK
1/08/2020 8:56:11 PM,EVENT 49521 1596279628 0/0/0/0/3 INPUT 7 1 0 v:122
1/08/2020 8:56:11 PM,252 Event OK
1/08/2020 8:56:11 PM,EVENT 49522 1596279628 0/0/0/0/3 INPUT 8 0 1304 v:122
1/08/2020 8:56:11 PM,252 Event OK
1/08/2020 8:56:11 PM,EVENT 49523 1596279628 0/0/0/0/3 INPUT 1 1 0 v:122
1/08/2020 8:56:11 PM,252 Event OK
1/08/2020 8:56:12 PM,EVENT 49524 1596279629 0/0/0/0/3 INPUT 4 0 1277 v:122
1/08/2020 8:56:12 PM,252 Event OK
1/08/2020 8:56:12 PM,EVENT 49525 1596279632 0/0/0/0/0 TRIP 49502 683 594 9 6 1286 v:122
1/08/2020 8:56:12 PM,252 Event OK
1/08/2020 8:56:12 PM,EVENT 49526 1596279632 0/0/0/0/0 TRIPSUMMARY 49502 v:122
1/08/2020 8:56:12 PM,252 Event OK
1/08/2020 8:56:12 PM,EVENT 49527 1596279995 0/0/0/0/0 INPUT 8 1 0 v:122
1/08/2020 8:56:12 PM,252 Event OK
1/08/2020 8:56:13 PM,EVENT 49528 1596279995 0/0/0/0/0 INPUT 7 0 367 v:122
1/08/2020 8:56:13 PM,252 Event OK
1/08/2020 8:56:13 PM,EVENT 49529 1596280003 0/0/0/0/0 SIGNON 2521 03cffbfc OK 26 180201 0 v:122
1/08/2020 8:56:13 PM,252 Event OK
1/08/2020 8:56:13 PM,EVENT 49530 1596280008 0/0/0/0/0 INPUT 7 1 0 v:122
1/08/2020 8:56:13 PM,252 Event OK
1/08/2020 8:56:13 PM,EVENT 49531 1596280008 0/0/0/0/0 INPUT 7 0 1 v:122
1/08/2020 8:56:13 PM,252 Event OK
1/08/2020 8:56:14 PM,EVENT 49532 1596280009 0/0/0/0/0 INPUT 4 1 0 v:122
1/08/2020 8:56:14 PM,252 Event OK
1/08/2020 8:56:14 PM,EVENT 49533 1596280009 0/0/0/0/0 INPUT 1 0 380 v:122
1/08/2020 8:56:14 PM,252 Event OK
1/08/2020 8:56:14 PM,EVENT 49534 1596280010 0/0/0/0/0 OILPRESSURE 49529 2 v:122
1/08/2020 8:56:14 PM,252 Event OK
1/08/2020 8:56:14 PM,EVENT 49535 1596280027 0/0/0/99/6 INPUT 3 1 0 v:121
1/08/2020 8:56:14 PM,252 Event OK
1/08/2020 8:56:15 PM,EVENT 49536 1596280047 0/0/0/99/10 INPUT 3 0 20 v:122
1/08/2020 8:56:15 PM,252 Event OK
1/08/2020 8:56:15 PM,EVENT 49537 1596280092 0/0/0/0/0 INPUT 4 0 84 v:122
1/08/2020 8:56:15 PM,252 Event OK
1/08/2020 8:56:15 PM,EVENT 49538 1596280092 0/0/0/0/0 INPUT 4 1 0 v:122
1/08/2020 8:56:15 PM,252 Event OK
1/08/2020 8:56:16 PM,EVENT 49539 1596280134 0/0/0/0/6 INPUT 3 1 0 v:122
1/08/2020 8:56:16 PM,252 Event OK
1/08/2020 8:56:16 PM,EVENT 49540 1596280148 0/0/0/0/12 INPUT 3 0 13 v:122
1/08/2020 8:56:16 PM,252 Event OK
1/08/2020 8:56:16 PM,EVENT 49541 1596280150 0/0/0/0/8 INPUT 4 0 58 v:122
1/08/2020 8:56:16 PM,252 Event OK
1/08/2020 8:56:17 PM,EVENT 49542 1596280150 0/0/0/0/8 INPUT 4 1 0 v:122
1/08/2020 8:56:17 PM,252 Event OK
1/08/2020 8:56:17 PM,EVENT 49543 1596280151 0/0/0/0/8 INPUT 7 1 0 v:122
1/08/2020 8:56:17 PM,252 Event OK
1/08/2020 8:56:17 PM,EVENT 49544 1596280151 0/0/0/0/8 INPUT 8 0 156 v:122
1/08/2020 8:56:17 PM,252 Event OK
1/08/2020 8:56:17 PM,EVENT 49545 1596280151 0/0/0/0/8 INPUT 1 1 0 v:122
1/08/2020 8:56:17 PM,252 Event OK
1/08/2020 8:56:18 PM,EVENT 49546 1596280153 0/0/0/0/0 INPUT 4 0 3 v:122
1/08/2020 8:56:18 PM,252 Event OK
1/08/2020 8:56:18 PM,EVENT 49547 1596280155 0/0/0/0/0 TRIP 49529 33 112 8 6 153 v:121
1/08/2020 8:56:18 PM,252 Event OK
1/08/2020 8:56:18 PM,EVENT 49548 1596280155 0/0/0/0/0 TRIPSUMMARY 49529 v:121
1/08/2020 8:56:18 PM,252 Event OK
1/08/2020 8:56:19 PM,EVENT 49549 1596282067 0/0/0/0/0 SWSTART OpusFC 5.0.58.510 R v:122
1/08/2020 8:56:19 PM,252 Event OK
1/08/2020 8:56:19 PM,EVENT 49550 1596280155 0/0/0/0/0 POWERDOWN v:121
1/08/2020 8:56:19 PM,252 Event OK
1/08/2020 8:56:20 PM,EVENT 49551 1596282067 0/0/0/0/0 INPUT 1 1 0 v:121
1/08/2020 8:56:20 PM,252 Event OK
1/08/2020 8:56:20 PM,EVENT 49552 1596282067 0/0/0/0/0 INPUT 2 0 0 v:122
1/08/2020 8:56:20 PM,252 Event OK
1/08/2020 8:56:20 PM,EVENT 49553 1596282067 0/0/0/0/0 INPUT 3 0 0 v:122
1/08/2020 8:56:20 PM,252 Event OK
1/08/2020 8:56:20 PM,EVENT 49554 1596282067 0/0/0/0/0 INPUT 4 0 0 v:122
1/08/2020 8:56:20 PM,252 Event OK
1/08/2020 8:56:21 PM,EVENT 49555 1596282067 0/0/0/0/0 INPUT 7 0 0 v:122
1/08/2020 8:56:21 PM,252 Event OK
1/08/2020 8:56:21 PM,EVENT 49556 1596282067 0/0/0/0/0 INPUT 8 1 0 v:122
1/08/2020 8:56:21 PM,252 Event OK
1/08/2020 8:56:21 PM,EVENT 49557 1596282069 0/0/0/0/0 ZONE_OK 2 100 FW=NO VERSION v:122
1/08/2020 8:56:21 PM,252 Event OK
1/08/2020 8:56:22 PM,EVENT 49558 1596282076 0/0/0/0/0 SIGNON 2521 03cffbfc OK 26 180201 0 v:122
1/08/2020 8:56:22 PM,252 Event OK
1/08/2020 8:56:22 PM,EVENT 49559 1596282081 0/0/0/99/0 INPUT 7 1 0 v:122
1/08/2020 8:56:22 PM,252 Event OK
1/08/2020 8:56:22 PM,EVENT 49560 1596282082 0/0/0/99/0 INPUT 4 1 0 v:122
1/08/2020 8:56:22 PM,252 Event OK
1/08/2020 8:56:23 PM,EVENT 49561 1596282082 0/0/0/99/0 INPUT 7 0 2 v:122
1/08/2020 8:56:23 PM,252 Event OK
1/08/2020 8:56:23 PM,EVENT 49562 1596282083 0/0/0/99/0 INPUT 1 0 15 v:122
1/08/2020 8:56:23 PM,252 Event OK
1/08/2020 8:56:23 PM,EVENT 49563 1596282084 0/0/0/99/3 OILPRESSURE 49558 3 v:122
1/08/2020 8:56:23 PM,252 Event OK
1/08/2020 8:56:24 PM,EVENT 49564 1596282112 0/0/0/0/2 INPUT 4 0 31 v:122
1/08/2020 8:56:24 PM,252 Event OK
1/08/2020 8:56:24 PM,EVENT 49565 1596282112 0/0/0/0/2 INPUT 4 1 0 v:122
1/08/2020 8:56:24 PM,252 Event OK
1/08/2020 8:56:24 PM,EVENT 49566 1596282132 0/0/0/0/8 INPUT 3 1 0 v:122
1/08/2020 8:56:24 PM,252 Event OK
1/08/2020 8:56:24 PM,EVENT 49567 1596282150 0/0/0/0/11 INPUT 3 0 17 v:122
1/08/2020 8:56:24 PM,252 Event OK
1/08/2020 8:56:25 PM,EVENT 49568 1596282259 0/0/0/0/5 INPUT 3 1 0 v:122
1/08/2020 8:56:25 PM,252 Event OK
1/08/2020 8:56:25 PM,EVENT 49569 1596282303 0/0/0/0/11 INPUT 3 0 43 v:122
1/08/2020 8:56:25 PM,252 Event OK
1/08/2020 8:56:25 PM,EVENT 49570 1596282305 0/0/0/0/6 ENGINEOVERSPEED 49558 22 3551 v:122
1/08/2020 8:56:25 PM,252 Event OK
1/08/2020 8:56:26 PM,EVENT 49571 1596282328 0/0/0/0/6 INPUT 3 1 0 v:122
1/08/2020 8:56:26 PM,252 Event OK
1/08/2020 8:56:26 PM,EVENT 49572 1596282328 0/0/0/0/8 INPUT 3 0 1 v:122
1/08/2020 8:56:26 PM,252 Event OK
1/08/2020 8:56:26 PM,EVENT 49573 1596282363 0/0/0/0/5 INPUT 3 1 0 v:122
1/08/2020 8:56:26 PM,252 Event OK
1/08/2020 8:56:27 PM,EVENT 49574 1596282364 0/0/0/0/8 INPUT 3 0 0 v:122
1/08/2020 8:56:27 PM,252 Event OK
1/08/2020 8:56:27 PM,EVENT 49575 1596282366 0/0/0/0/7 INPUT 4 0 254 v:122
1/08/2020 8:56:27 PM,252 Event OK
1/08/2020 8:56:27 PM,EVENT 49576 1596282366 0/0/0/0/7 INPUT 4 1 0 v:122
1/08/2020 8:56:27 PM,252 Event OK
1/08/2020 8:56:27 PM,EVENT 49577 1596282376 0/0/0/0/5 INPUT 3 1 0 v:122
1/08/2020 8:56:27 PM,252 Event OK
1/08/2020 8:56:28 PM,EVENT 49578 1596282421 0/0/0/0/11 INPUT 3 0 45 v:122
1/08/2020 8:56:28 PM,252 Event OK
1/08/2020 8:56:28 PM,EVENT 49579 1596282455 0/0/0/0/2 INPUT 4 0 89 v:122
1/08/2020 8:56:28 PM,252 Event OK
1/08/2020 8:56:28 PM,EVENT 49580 1596282455 0/0/0/0/2 INPUT 4 1 0 v:122
1/08/2020 8:56:28 PM,252 Event OK
1/08/2020 8:56:29 PM,EVENT 49581 1596282458 0/0/0/0/4 INPUT 3 1 0 v:122
1/08/2020 8:56:29 PM,252 Event OK
1/08/2020 8:56:29 PM,EVENT 49582 1596282479 0/0/0/0/12 INPUT 3 0 20 v:122
1/08/2020 8:56:29 PM,252 Event OK
1/08/2020 8:56:29 PM,EVENT 49583 1596282490 0/0/0/0/5 INPUT 3 1 0 v:122
1/08/2020 8:56:29 PM,252 Event OK
1/08/2020 8:56:29 PM,EVENT 49584 1596282493 0/0/0/0/15 INPUT 3 0 2 v:122
1/08/2020 8:56:29 PM,252 Event OK
1/08/2020 8:56:30 PM,EVENT 49585 1596282494 0/0/0/0/8 INPUT 4 0 39 v:122
1/08/2020 8:56:30 PM,252 Event OK
1/08/2020 8:56:30 PM,EVENT 49586 1596282495 0/0/0/0/8 INPUT 4 1 0 v:122
1/08/2020 8:56:30 PM,252 Event OK
1/08/2020 8:56:30 PM,EVENT 49587 1596282543 0/0/0/0/3 INPUT 7 1 0 v:122
1/08/2020 8:56:30 PM,252 Event OK
1/08/2020 8:56:31 PM,EVENT 49588 1596282544 0/0/0/0/3 INPUT 8 0 476 v:122
1/08/2020 8:56:31 PM,252 Event OK
1/08/2020 8:56:31 PM,EVENT 49589 1596282544 0/0/0/0/3 INPUT 1 1 0 v:122
1/08/2020 8:56:31 PM,252 Event OK
1/08/2020 8:56:31 PM,EVENT 49590 1596282544 0/0/0/0/3 INPUT 4 0 50 v:121
1/08/2020 8:56:31 PM,252 Event OK
1/08/2020 8:56:32 PM,EVENT 49591 1596282544 0/0/0/0/3 INPUT 8 1 0 v:121
1/08/2020 8:56:32 PM,252 Event OK
1/08/2020 8:56:32 PM,EVENT 49592 1596282545 0/0/0/0/0 INPUT 7 0 1 v:121
1/08/2020 8:56:32 PM,252 Event OK
1/08/2020 8:56:33 PM,EVENT 49593 1596282778 0/0/0/0/0 INPUT 7 1 0 v:122
1/08/2020 8:56:33 PM,252 Event OK
1/08/2020 8:56:33 PM,EVENT 49594 1596282779 0/0/0/0/0 INPUT 7 0 1 v:122
1/08/2020 8:56:33 PM,252 Event OK
1/08/2020 8:56:33 PM,EVENT 49595 1596282779 0/0/0/0/0 INPUT 4 1 0 v:122
1/08/2020 8:56:33 PM,252 Event OK
1/08/2020 8:56:34 PM,EVENT 49596 1596282780 0/0/0/0/0 INPUT 1 0 236 v:122
1/08/2020 8:56:34 PM,252 Event OK
1/08/2020 8:56:34 PM,EVENT 49597 1596282781 0/0/0/0/0 OILPRESSURE 49558 235 v:121
1/08/2020 8:56:34 PM,252 Event OK
1/08/2020 8:56:34 PM,EVENT 49598 1596282804 0/0/0/0/3 INPUT 7 1 0 v:121
1/08/2020 8:56:34 PM,252 Event OK
1/08/2020 8:56:34 PM,EVENT 49599 1596282804 0/0/0/0/3 INPUT 8 0 259 v:121
1/08/2020 8:56:34 PM,252 Event OK
1/08/2020 8:56:34 PM,EVENT 49600 1596282804 0/0/0/0/3 INPUT 1 1 0 v:121
1/08/2020 8:56:34 PM,252 Event OK
1/08/2020 8:56:35 PM,EVENT 49601 1596282806 0/0/0/0/0 INPUT 4 0 27 v:121
1/08/2020 8:56:35 PM,252 Event OK
1/08/2020 8:56:35 PM,EVENT 49602 1596282808 0/0/0/0/0 TRIP 49558 128 362 243 235 733 v:121
1/08/2020 8:56:35 PM,252 Event OK
1/08/2020 8:56:35 PM,EVENT 49603 1596282808 0/0/0/0/0 TRIPSUMMARY 49558 v:121
1/08/2020 8:56:35 PM,252 Event OK
1/08/2020 8:56:36 PM,EVENT 49604 1596282862 0/0/0/0/0 REPORT * 0 0 v:121
1/08/2020 8:56:36 PM,252 Event OK
1/08/2020 8:56:36 PM,EVENT 49605 1596282917 0/0/0/0/0 INPUT 8 1 0 v:122
1/08/2020 8:56:36 PM,252 Event OK
1/08/2020 8:56:36 PM,EVENT 49606 1596282918 0/0/0/0/0 INPUT 7 0 114 v:122
1/08/2020 8:56:36 PM,252 Event OK
1/08/2020 8:56:37 PM,EVENT 49607 1596282927 0/0/0/0/0 SIGNON 2521 03cffbfc OK 26 180201 0 v:122
1/08/2020 8:56:37 PM,252 Event OK
1/08/2020 8:56:37 PM,EVENT 49608 1596282932 0/0/0/0/0 INPUT 7 1 0 v:122
1/08/2020 8:56:37 PM,252 Event OK
1/08/2020 8:56:37 PM,EVENT 49609 1596282932 0/0/0/0/0 INPUT 4 1 0 v:122
1/08/2020 8:56:37 PM,252 Event OK
1/08/2020 8:56:37 PM,EVENT 49610 1596282932 0/0/0/0/0 INPUT 7 0 1 v:122
1/08/2020 8:56:37 PM,252 Event OK
1/08/2020 8:56:37 PM,EVENT 49611 1596282934 0/0/0/0/0 INPUT 1 0 130 v:122
1/08/2020 8:56:37 PM,252 Event OK
1/08/2020 8:56:38 PM,EVENT 49612 1596282935 0/0/0/0/5 OILPRESSURE 49607 3 v:122
1/08/2020 8:56:38 PM,252 Event OK
1/08/2020 8:56:38 PM,EVENT 49613 1596282938 0/0/0/0/7 INPUT 3 1 0 v:122
1/08/2020 8:56:38 PM,252 Event OK
1/08/2020 8:56:38 PM,EVENT 49614 1596282938 0/0/0/0/9 INPUT 3 0 1 v:121
1/08/2020 8:56:38 PM,252 Event OK
1/08/2020 8:56:39 PM,EVENT 49615 1596282941 0/0/0/0/5 INPUT 7 1 0 v:122
1/08/2020 8:56:39 PM,252 Event OK
1/08/2020 8:56:39 PM,EVENT 49616 1596282941 0/0/0/0/5 INPUT 8 0 24 v:121
1/08/2020 8:56:39 PM,252 Event OK
1/08/2020 8:56:40 PM,EVENT 49617 1596282941 0/0/0/0/5 INPUT 1 1 0 v:121
1/08/2020 8:56:40 PM,252 Event OK
1/08/2020 8:56:40 PM,EVENT 49618 1596282943 0/0/0/0/5 INPUT 4 0 11 v:121
1/08/2020 8:56:40 PM,252 Event OK
1/08/2020 8:56:40 PM,EVENT 49619 1596282946 0/0/0/0/0 TRIP 49607 1 10 9 6 20 v:121
1/08/2020 8:56:40 PM,252 Event OK
1/08/2020 8:56:40 PM,EVENT 49620 1596282946 0/0/0/0/0 TRIPSUMMARY 49607 v:121
1/08/2020 8:56:40 PM,252 Event OK
1/08/2020 8:56:41 PM,EVENT 49621 1596282947 0/0/0/0/0 INPUT 8 1 0 v:122
1/08/2020 8:56:41 PM,252 Event OK
1/08/2020 8:56:41 PM,EVENT 49622 1596282947 0/0/0/0/0 INPUT 7 0 5 v:122
1/08/2020 8:56:41 PM,252 Event OK
1/08/2020 8:56:42 PM,EVENT 49623 1596282948 0/0/0/0/0 INPUT 7 1 0 v:122
1/08/2020 8:56:42 PM,252 Event OK
1/08/2020 8:56:42 PM,EVENT 49624 1596282948 0/0/0/0/0 INPUT 8 0 2 v:122
1/08/2020 8:56:42 PM,252 Event OK
1/08/2020 8:56:42 PM,EVENT 49625 1596283039 0/0/0/0/0 INPUT 8 1 0 v:122
1/08/2020 8:56:42 PM,252 Event OK
1/08/2020 8:56:42 PM,EVENT 49626 1596283039 0/0/0/0/0 INPUT 7 0 90 v:122
1/08/2020 8:56:42 PM,252 Event OK
1/08/2020 8:56:43 PM,EVENT 49627 1596283047 0/0/0/0/0 SIGNON 2521 03cffbfc OK 26 180201 0 v:122
1/08/2020 8:56:43 PM,252 Event OK
1/08/2020 8:56:43 PM,EVENT 49628 1596283052 0/0/0/0/0 INPUT 7 1 0 v:122
1/08/2020 8:56:43 PM,252 Event OK
1/08/2020 8:56:43 PM,EVENT 49629 1596283052 0/0/0/0/0 INPUT 4 1 0 v:122
1/08/2020 8:56:43 PM,252 Event OK
1/08/2020 8:56:44 PM,EVENT 49630 1596283053 0/0/0/0/0 INPUT 7 0 1 v:122
1/08/2020 8:56:44 PM,252 Event OK
1/08/2020 8:56:44 PM,EVENT 49631 1596283054 0/0/0/0/0 INPUT 1 0 112 v:122
1/08/2020 8:56:44 PM,252 Event OK
1/08/2020 8:56:44 PM,EVENT 49632 1596283055 0/0/0/0/0 OILPRESSURE 49627 3 v:122
1/08/2020 8:56:44 PM,252 Event OK
1/08/2020 8:56:44 PM,EVENT 49633 1596283058 0/0/0/0/7 INPUT 3 1 0 v:122
1/08/2020 8:56:44 PM,252 Event OK
1/08/2020 8:56:45 PM,EVENT 49634 1596283065 0/0/0/99/12 INPUT 3 0 8 v:122
1/08/2020 8:56:45 PM,252 Event OK
1/08/2020 8:56:45 PM,EVENT 49635 1596283068 0/0/0/99/5 INPUT 7 1 0 v:122
1/08/2020 8:56:45 PM,252 Event OK
1/08/2020 8:56:46 PM,EVENT 49636 1596283068 0/0/0/99/5 INPUT 8 0 30 v:122
1/08/2020 8:56:46 PM,252 Event OK
1/08/2020 8:56:46 PM,EVENT 49637 1596283069 0/0/0/99/5 INPUT 1 1 0 v:121
1/08/2020 8:56:46 PM,252 Event OK
1/08/2020 8:56:46 PM,EVENT 49638 1596283069 0/0/0/99/5 INPUT 8 1 0 v:122
1/08/2020 8:56:46 PM,252 Event OK
1/08/2020 8:56:47 PM,EVENT 49639 1596283069 0/0/0/99/5 INPUT 7 0 1 v:122
1/08/2020 8:56:47 PM,252 Event OK
1/08/2020 8:56:47 PM,EVENT 49640 1596283070 0/0/0/99/5 INPUT 4 0 19 v:122
1/08/2020 8:56:47 PM,252 Event OK
1/08/2020 8:56:48 PM,EVENT 49641 1596283117 0/0/0/0/0 INPUT 4 1 0 v:122
1/08/2020 8:56:48 PM,252 Event OK
1/08/2020 8:56:48 PM,EVENT 49642 1596283117 0/0/0/0/0 INPUT 7 1 0 v:122
1/08/2020 8:56:48 PM,252 Event OK
1/08/2020 8:56:48 PM,EVENT 49643 1596283118 0/0/0/0/0 INPUT 7 0 1 v:122
1/08/2020 8:56:48 PM,252 Event OK
1/08/2020 8:56:49 PM,EVENT 49644 1596283118 0/0/0/0/0 INPUT 1 0 49 v:122
1/08/2020 8:56:49 PM,252 Event OK
1/08/2020 8:56:49 PM,EVENT 49645 1596283119 0/0/0/0/0 OILPRESSURE 49627 49 v:122
1/08/2020 8:56:49 PM,252 Event OK
1/08/2020 8:56:49 PM,EVENT 49646 1596283142 0/0/0/0/6 INPUT 3 1 0 v:121
1/08/2020 8:56:49 PM,252 Event OK
1/08/2020 8:56:50 PM,EVENT 49647 1596283207 0/0/0/0/14 INPUT 3 0 66 v:122
1/08/2020 8:56:50 PM,252 Event OK
1/08/2020 8:56:50 PM,EVENT 49648 1596283213 0/0/0/0/6 INPUT 3 1 0 v:121
1/08/2020 8:56:50 PM,252 Event OK
1/08/2020 8:56:51 PM,EVENT 49649 1596283280 0/0/0/0/18 ENGINEOVERSPEED 49627 34 3774 v:121
1/08/2020 8:56:51 PM,252 Event OK
1/08/2020 8:56:51 PM,EVENT 49650 1596283371 0/0/0/0/12 INPUT 3 0 159 v:122
1/08/2020 8:56:51 PM,252 Event OK
1/08/2020 8:56:51 PM,EVENT 49651 1596283391 0/0/0/0/6 INPUT 3 1 0 v:122
1/08/2020 8:56:51 PM,252 Event OK
1/08/2020 8:56:51 PM,EVENT 49652 1596283472 0/0/0/0/17 INPUT 3 0 81 v:121
1/08/2020 8:56:51 PM,252 Event OK
1/08/2020 8:56:52 PM,EVENT 49653 1596283472 0/0/0/0/11 INPUT 7 1 0 v:121
1/08/2020 8:56:52 PM,252 Event OK
1/08/2020 8:56:52 PM,EVENT 49654 1596283472 0/0/0/0/11 INPUT 8 0 404 v:121
1/08/2020 8:56:52 PM,252 Event OK
1/08/2020 8:56:53 PM,EVENT 49655 1596283473 0/0/0/0/9 INPUT 1 1 0 v:121
1/08/2020 8:56:53 PM,252 Event OK
1/08/2020 8:56:53 PM,EVENT 49656 1596283473 0/0/0/0/5 ENGINEOVERSPEED 49627 59 3913 v:121
1/08/2020 8:56:53 PM,252 Event OK
1/08/2020 8:56:53 PM,EVENT 49657 1596283474 0/0/0/0/5 INPUT 4 0 358 v:121
1/08/2020 8:56:53 PM,252 Event OK
1/08/2020 8:56:54 PM,EVENT 49658 1596283477 0/0/0/0/0 TRIP 49627 314 63 54 46 431 v:121
1/08/2020 8:56:54 PM,252 Event OK
1/08/2020 8:56:54 PM,EVENT 49659 1596283477 0/0/0/0/0 TRIPSUMMARY 49627 v:121
1/08/2020 8:56:54 PM,252 Event OK
1/08/2020 8:56:55 PM,EVENT 49660 1596283567 0/0/0/0/0 INPUT 8 1 0 v:121
1/08/2020 8:56:55 PM,252 Event OK
1/08/2020 8:56:55 PM,EVENT 49661 1596283568 0/0/0/0/0 INPUT 7 0 95 v:121
1/08/2020 8:56:55 PM,252 Event OK
1/08/2020 8:56:56 PM,EVENT 49662 1596283575 0/0/0/0/0 SIGNON 2521 03cffbfc OK 26 180201 0 v:121
1/08/2020 8:56:56 PM,252 Event OK
1/08/2020 8:56:56 PM,EVENT 49663 1596283580 0/0/0/0/0 INPUT 7 1 0 v:122
1/08/2020 8:56:56 PM,252 Event OK
1/08/2020 8:56:56 PM,EVENT 49664 1596283581 0/0/0/0/0 INPUT 4 1 0 v:122
1/08/2020 8:56:56 PM,252 Event OK
1/08/2020 8:56:57 PM,EVENT 49665 1596283581 0/0/0/0/0 INPUT 7 0 0 v:122
1/08/2020 8:56:57 PM,252 Event OK
1/08/2020 8:56:57 PM,EVENT 49666 1596283582 0/0/0/0/0 INPUT 1 0 110 v:122
1/08/2020 8:56:57 PM,252 Event OK
1/08/2020 8:56:58 PM,EVENT 49667 1596283583 0/0/0/0/0 INPUT 4 0 3 v:122
1/08/2020 8:56:58 PM,252 Event OK
1/08/2020 8:56:58 PM,EVENT 49668 1596283583 0/0/0/0/0 INPUT 4 1 0 v:122
1/08/2020 8:56:58 PM,252 Event OK
1/08/2020 8:56:58 PM,EVENT 49669 1596283584 0/0/0/0/0 OILPRESSURE 49662 4 v:122
1/08/2020 8:56:58 PM,252 Event OK
1/08/2020 8:56:59 PM,EVENT 49670 1596283586 0/0/0/0/6 INPUT 3 1 0 v:121
1/08/2020 8:56:59 PM,252 Event OK
1/08/2020 8:56:59 PM,EVENT 49671 1596283679 0/0/0/0/13 INPUT 3 0 93 v:122
1/08/2020 8:56:59 PM,252 Event OK
1/08/2020 8:56:59 PM,EVENT 49672 1596283691 0/0/0/0/8 INPUT 3 1 0 v:122
1/08/2020 8:56:59 PM,252 Event OK
1/08/2020 8:57:00 PM,EVENT 49673 1596283997 0/0/0/0/10 INPUT 3 0 307 v:122
1/08/2020 8:57:00 PM,252 Event OK
1/08/2020 8:57:00 PM,EVENT 49674 1596283999 0/0/0/0/8 INPUT 3 1 0 v:122
1/08/2020 8:57:00 PM,252 Event OK
1/08/2020 8:57:00 PM,EVENT 49675 1596284019 0/0/0/0/9 INPUT 3 0 20 v:122
1/08/2020 8:57:00 PM,252 Event OK
1/08/2020 8:57:01 PM,EVENT 49676 1596284118 0/0/0/0/4 INPUT 3 1 0 v:122
1/08/2020 8:57:01 PM,252 Event OK
1/08/2020 8:57:01 PM,EVENT 49677 1596284387 0/0/0/0/14 INPUT 3 0 268 v:121
1/08/2020 8:57:01 PM,252 Event OK
1/08/2020 8:57:01 PM,EVENT 49678 1596284397 0/0/0/0/3 INPUT 4 0 814 v:122
1/08/2020 8:57:01 PM,252 Event OK
1/08/2020 8:57:02 PM,EVENT 49679 1596284397 0/0/0/0/3 INPUT 4 1 0 v:122
1/08/2020 8:57:02 PM,252 Event OK
1/08/2020 8:57:02 PM,EVENT 49680 1596284414 0/0/0/0/6 INPUT 3 1 0 v:122
1/08/2020 8:57:02 PM,252 Event OK
1/08/2020 8:57:02 PM,EVENT 49681 1596284416 0/0/0/0/9 INPUT 3 0 1 v:122
1/08/2020 8:57:02 PM,252 Event OK
1/08/2020 8:57:03 PM,EVENT 49682 1596284697 0/0/0/0/0 REPORT 49662 0 0 v:122
1/08/2020 8:57:03 PM,252 Event OK
1/08/2020 8:57:03 PM,EVENT 49683 1596284828 0/0/0/0/7 INPUT 3 1 0 v:122
1/08/2020 8:57:03 PM,252 Event OK
1/08/2020 8:57:03 PM,EVENT 49684 1596284867 0/0/0/0/9 INPUT 3 0 39 v:122
1/08/2020 8:57:03 PM,252 Event OK
1/08/2020 8:57:04 PM,EVENT 49685 1596284868 0/0/0/0/5 INPUT 7 1 0 v:122
1/08/2020 8:57:04 PM,252 Event OK
1/08/2020 8:57:04 PM,EVENT 49686 1596284868 0/0/0/0/5 INPUT 8 0 1302 v:122
1/08/2020 8:57:04 PM,252 Event OK
1/08/2020 8:57:04 PM,EVENT 49687 1596284869 0/0/0/0/4 INPUT 1 1 0 v:122
1/08/2020 8:57:04 PM,252 Event OK
1/08/2020 8:57:04 PM,EVENT 49688 1596284870 0/0/0/0/3 INPUT 4 0 473 v:121
1/08/2020 8:57:04 PM,252 Event OK
1/08/2020 8:57:05 PM,EVENT 49689 1596284873 0/0/0/0/0 TRIP 49662 728 562 9 5 1299 v:122
1/08/2020 8:57:05 PM,252 Event OK
1/08/2020 8:57:05 PM,EVENT 49690 1596284873 0/0/0/0/0 TRIPSUMMARY 49662 v:122
1/08/2020 8:57:05 PM,252 Event OK
1/08/2020 8:57:05 PM,EVENT 49691 1596285182 0/0/0/0/0 INPUT 8 1 0 v:122
1/08/2020 8:57:05 PM,252 Event OK
1/08/2020 8:57:06 PM,EVENT 49692 1596285182 0/0/0/0/0 INPUT 7 0 313 v:122
1/08/2020 8:57:06 PM,252 Event OK
1/08/2020 8:57:06 PM,EVENT 49693 1596285191 0/0/0/0/0 SIGNON 2521 03cffbfc OK 26 180201 0 v:122
1/08/2020 8:57:06 PM,252 Event OK
1/08/2020 8:57:06 PM,EVENT 49694 1596285198 0/0/0/0/0 INPUT 4 1 0 v:122
1/08/2020 8:57:06 PM,252 Event OK
1/08/2020 8:57:07 PM,EVENT 49695 1596285198 0/0/0/0/0 INPUT 1 0 329 v:122
1/08/2020 8:57:07 PM,252 Event OK
1/08/2020 8:57:07 PM,EVENT 49696 1596285199 0/0/0/0/0 OILPRESSURE 49693 3 v:122
1/08/2020 8:57:07 PM,252 Event OK
1/08/2020 8:57:07 PM,EVENT 49697 1596285218 0/0/0/0/7 INPUT 3 1 0 v:122
1/08/2020 8:57:07 PM,252 Event OK
1/08/2020 8:57:07 PM,EVENT 49698 1596285246 0/0/0/0/12 INPUT 3 0 28 v:122
1/08/2020 8:57:07 PM,252 Event OK
1/08/2020 8:57:08 PM,EVENT 49699 1596285266 0/0/0/0/8 INPUT 3 1 0 v:122
1/08/2020 8:57:08 PM,252 Event OK
1/08/2020 8:57:08 PM,EVENT 49700 1596285273 0/0/0/0/9 INPUT 3 0 7 v:122
1/08/2020 8:57:08 PM,252 Event OK
1/08/2020 8:57:08 PM,EVENT 49701 1596285277 0/0/0/0/6 INPUT 4 0 80 v:122
1/08/2020 8:57:08 PM,252 Event OK
1/08/2020 8:57:09 PM,EVENT 49702 1596285277 0/0/0/0/6 INPUT 4 1 0 v:122
1/08/2020 8:57:09 PM,252 Event OK
1/08/2020 8:57:09 PM,EVENT 49703 1596285280 0/0/0/0/5 INPUT 3 1 0 v:122
1/08/2020 8:57:09 PM,252 Event OK
1/08/2020 8:57:09 PM,EVENT 49704 1596285323 0/0/0/0/12 INPUT 3 0 44 v:122
1/08/2020 8:57:09 PM,252 Event OK
1/08/2020 8:57:10 PM,EVENT 49705 1596285611 0/0/0/0/5 INPUT 3 1 0 v:122
1/08/2020 8:57:10 PM,252 Event OK
1/08/2020 8:57:10 PM,EVENT 49706 1596285619 0/0/0/0/13 INPUT 3 0 8 v:122
1/08/2020 8:57:10 PM,252 Event OK
1/08/2020 8:57:10 PM,EVENT 49707 1596285736 0/0/0/0/0 INPUT 4 0 459 v:122
1/08/2020 8:57:10 PM,252 Event OK
1/08/2020 8:57:10 PM,EVENT 49708 1596285736 0/0/0/0/0 INPUT 4 1 0 v:122
1/08/2020 8:57:10 PM,252 Event OK
1/08/2020 8:57:11 PM,EVENT 49709 1596285850 0/0/0/0/6 INPUT 3 1 0 v:122
1/08/2020 8:57:11 PM,252 Event OK
1/08/2020 8:57:11 PM,EVENT 49710 1596285867 0/0/0/0/11 INPUT 3 0 16 v:122
1/08/2020 8:57:11 PM,252 Event OK
1/08/2020 8:57:11 PM,EVENT 49711 1596285869 0/0/0/0/7 INPUT 3 1 0 v:122
1/08/2020 8:57:11 PM,252 Event OK
1/08/2020 8:57:12 PM,EVENT 49712 1596285893 0/0/0/0/9 INPUT 3 0 25 v:122
1/08/2020 8:57:12 PM,252 Event OK
1/08/2020 8:57:12 PM,EVENT 49713 1596285923 0/0/0/0/8 INPUT 3 1 0 v:122
1/08/2020 8:57:12 PM,252 Event OK
1/08/2020 8:57:12 PM,EVENT 49714 1596285925 0/0/0/0/9 INPUT 3 0 3 v:122
1/08/2020 8:57:12 PM,252 Event OK
1/08/2020 8:57:13 PM,EVENT 49715 1596285931 0/0/0/0/5 INPUT 7 1 0 v:122
1/08/2020 8:57:13 PM,252 Event OK
1/08/2020 8:57:13 PM,EVENT 49716 1596285931 0/0/0/0/5 INPUT 8 0 749 v:122
1/08/2020 8:57:13 PM,252 Event OK
1/08/2020 8:57:13 PM,EVENT 49717 1596285931 0/0/0/0/5 INPUT 1 1 0 v:122
1/08/2020 8:57:13 PM,252 Event OK
1/08/2020 8:57:13 PM,EVENT 49718 1596285931 0/0/0/0/5 INPUT 4 0 195 v:122
1/08/2020 8:57:13 PM,252 Event OK
1/08/2020 8:57:14 PM,EVENT 49719 1596285931 0/0/0/0/5 INPUT 4 1 0 v:122
1/08/2020 8:57:14 PM,252 Event OK
1/08/2020 8:57:14 PM,EVENT 49720 1596285933 0/0/0/0/5 INPUT 4 0 2 v:122
1/08/2020 8:57:14 PM,252 Event OK
1/08/2020 8:57:14 PM,EVENT 49721 1596285935 0/0/0/0/0 TRIP 49693 131 605 8 6 744 v:122
1/08/2020 8:57:14 PM,252 Event OK
1/08/2020 8:57:15 PM,EVENT 49722 1596285935 0/0/0/0/0 TRIPSUMMARY 49693 v:122
1/08/2020 8:57:15 PM,252 Event OK
1/08/2020 8:57:15 PM,EVENT 49723 1596286052 0/0/0/0/0 INPUT 8 1 0 v:122
1/08/2020 8:57:15 PM,252 Event OK
1/08/2020 8:57:15 PM,EVENT 49724 1596286053 0/0/0/0/0 INPUT 7 0 122 v:122
1/08/2020 8:57:15 PM,252 Event OK
1/08/2020 8:57:16 PM,EVENT 49725 1596286062 0/0/0/0/0 SIGNON 2521 03cffbfc OK 26 180201 0 v:122
1/08/2020 8:57:16 PM,252 Event OK
1/08/2020 8:57:16 PM,EVENT 49726 1596286067 0/0/0/0/0 INPUT 7 1 0 v:122
1/08/2020 8:57:16 PM,252 Event OK
1/08/2020 8:57:16 PM,EVENT 49727 1596286068 0/0/0/0/0 INPUT 1 0 138 v:122
1/08/2020 8:57:16 PM,252 Event OK
1/08/2020 8:57:17 PM,EVENT 49728 1596286068 0/0/0/0/0 INPUT 4 1 0 v:122
1/08/2020 8:57:17 PM,252 Event OK
1/08/2020 8:57:17 PM,EVENT 49729 1596286068 0/0/0/0/0 INPUT 7 0 1 v:122
1/08/2020 8:57:17 PM,252 Event OK
1/08/2020 8:57:18 PM,EVENT 49730 1596286070 0/0/0/0/3 OILPRESSURE 49725 3 v:122
1/08/2020 8:57:18 PM,252 Event OK
1/08/2020 8:57:18 PM,EVENT 49731 1596286076 0/0/0/0/3 INPUT 4 0 8 v:122
1/08/2020 8:57:18 PM,252 Event OK
1/08/2020 8:57:18 PM,EVENT 49732 1596286076 0/0/0/0/3 INPUT 4 1 0 v:122
1/08/2020 8:57:18 PM,252 Event OK
1/08/2020 8:57:19 PM,EVENT 49733 1596286108 0/0/0/0/0 INPUT 4 0 32 v:122
1/08/2020 8:57:19 PM,252 Event OK
1/08/2020 8:57:19 PM,EVENT 49734 1596286109 0/0/0/0/0 INPUT 4 1 0 v:122
1/08/2020 8:57:19 PM,252 Event OK
1/08/2020 8:57:19 PM,EVENT 49735 1596286119 0/0/0/99/4 INPUT 4 0 11 v:122
1/08/2020 8:57:19 PM,252 Event OK
1/08/2020 8:57:20 PM,EVENT 49736 1596286119 0/0/0/99/4 INPUT 4 1 0 v:122
1/08/2020 8:57:20 PM,252 Event OK
1/08/2020 8:57:20 PM,EVENT 49737 1596286134 0/0/0/99/8 INPUT 3 1 0 v:122
1/08/2020 8:57:20 PM,252 Event OK
1/08/2020 8:57:20 PM,EVENT 49738 1596286140 0/0/0/0/10 INPUT 3 0 5 v:122
1/08/2020 8:57:20 PM,252 Event OK
1/08/2020 8:57:21 PM,EVENT 49739 1596286143 0/0/0/0/4 INPUT 7 1 0 v:122
1/08/2020 8:57:21 PM,252 Event OK
1/08/2020 8:57:21 PM,EVENT 49740 1596286143 0/0/0/0/4 INPUT 8 0 90 v:122
1/08/2020 8:57:21 PM,252 Event OK
1/08/2020 8:57:22 PM,EVENT 49741 1596286143 0/0/0/0/3 INPUT 1 1 0 v:122
1/08/2020 8:57:22 PM,252 Event OK
1/08/2020 8:57:22 PM,EVENT 49742 1596286144 0/0/0/0/3 INPUT 4 0 25 v:122
1/08/2020 8:57:22 PM,252 Event OK
1/08/2020 8:57:22 PM,EVENT 49743 1596286147 0/0/0/0/0 TRIP 49725 5 71 9 6 85 v:122
1/08/2020 8:57:22 PM,252 Event OK
1/08/2020 8:57:22 PM,EVENT 49744 1596286147 0/0/0/0/0 TRIPSUMMARY 49725 v:122
1/08/2020 8:57:22 PM,252 Event OK
1/08/2020 8:57:23 PM,EVENT 49745 1596286301 0/0/0/0/0 INPUT 8 1 0 v:122
1/08/2020 8:57:23 PM,252 Event OK
1/08/2020 8:57:23 PM,EVENT 49746 1596286301 0/0/0/0/0 INPUT 7 0 159 v:122
1/08/2020 8:57:23 PM,252 Event OK
1/08/2020 8:57:23 PM,EVENT 49747 1596286308 0/0/0/0/0 SIGNON 2521 03cffbfc OK 26 180201 0 v:122
1/08/2020 8:57:23 PM,252 Event OK
1/08/2020 8:57:24 PM,EVENT 49748 1596286313 0/0/0/0/0 INPUT 7 1 0 v:122
1/08/2020 8:57:24 PM,252 Event OK
1/08/2020 8:57:24 PM,EVENT 49749 1596286313 0/0/0/0/0 INPUT 4 1 0 v:122
1/08/2020 8:57:24 PM,252 Event OK
1/08/2020 8:57:24 PM,EVENT 49750 1596286314 0/0/0/0/0 INPUT 7 0 1 v:122
1/08/2020 8:57:24 PM,252 Event OK
1/08/2020 8:57:25 PM,EVENT 49751 1596286314 0/0/0/0/0 INPUT 1 0 171 v:122
1/08/2020 8:57:25 PM,252 Event OK
1/08/2020 8:57:25 PM,EVENT 49752 1596286315 0/0/0/0/0 OILPRESSURE 49747 2 v:122
1/08/2020 8:57:25 PM,252 Event OK
1/08/2020 8:57:25 PM,EVENT 49753 1596286334 0/0/0/0/6 INPUT 7 1 0 v:122
1/08/2020 8:57:25 PM,252 Event OK
1/08/2020 8:57:26 PM,EVENT 49754 1596286334 0/0/0/0/6 INPUT 8 0 33 v:122
1/08/2020 8:57:26 PM,252 Event OK
1/08/2020 8:57:26 PM,EVENT 49755 1596286334 0/0/0/0/5 INPUT 1 1 0 v:122
1/08/2020 8:57:26 PM,252 Event OK
1/08/2020 8:57:26 PM,EVENT 49756 1596286336 0/0/0/0/5 INPUT 4 0 23 v:121
1/08/2020 8:57:26 PM,252 Event OK
1/08/2020 8:57:27 PM,EVENT 49757 1596286338 0/0/0/0/0 TRIP 49747 0 23 8 6 31 v:122
1/08/2020 8:57:27 PM,252 Event OK
1/08/2020 8:57:27 PM,EVENT 49758 1596286338 0/0/0/0/0 TRIPSUMMARY 49747 v:122
1/08/2020 8:57:27 PM,252 Event OK
1/08/2020 8:57:27 PM,EVENT 49759 1596288680 0/0/0/0/0 SWSTART OpusFC 5.0.58.510 R v:122
1/08/2020 8:57:27 PM,252 Event OK
1/08/2020 8:57:28 PM,EVENT 49760 1596286338 0/0/0/0/0 POWERDOWN v:122
1/08/2020 8:57:28 PM,252 Event OK
1/08/2020 8:57:28 PM,EVENT 49761 1596288680 0/0/0/0/0 INPUT 1 1 0 v:122
1/08/2020 8:57:28 PM,252 Event OK
1/08/2020 8:57:28 PM,EVENT 49762 1596288680 0/0/0/0/0 INPUT 2 0 0 v:122
1/08/2020 8:57:28 PM,252 Event OK
1/08/2020 8:57:29 PM,EVENT 49763 1596288680 0/0/0/0/0 INPUT 3 0 0 v:122
1/08/2020 8:57:29 PM,252 Event OK
1/08/2020 8:57:29 PM,EVENT 49764 1596288680 0/0/0/0/0 INPUT 4 0 0 v:122
1/08/2020 8:57:29 PM,252 Event OK
1/08/2020 8:57:30 PM,EVENT 49765 1596288680 0/0/0/0/0 INPUT 7 0 0 v:122
1/08/2020 8:57:30 PM,252 Event OK
1/08/2020 8:57:30 PM,EVENT 49766 1596288680 0/0/0/0/0 INPUT 8 1 0 v:122
1/08/2020 8:57:30 PM,252 Event OK
1/08/2020 8:57:30 PM,EVENT 49767 1596288682 0/0/0/0/0 ZONE_OK 2 100 FW=NO VERSION v:122
1/08/2020 8:57:30 PM,252 Event OK
1/08/2020 8:57:30 PM,EVENT 49768 1596288689 0/0/0/0/0 SIGNON 2521 03cffbfc OK 26 180201 0 v:122
1/08/2020 8:57:30 PM,252 Event OK
1/08/2020 8:57:31 PM,EVENT 49769 1596288694 0/0/0/0/0 INPUT 7 1 0 v:122
1/08/2020 8:57:31 PM,252 Event OK
1/08/2020 8:57:31 PM,EVENT 49770 1596288695 0/0/0/99/0 INPUT 4 1 0 v:122
1/08/2020 8:57:31 PM,252 Event OK
1/08/2020 8:57:31 PM,EVENT 49771 1596288695 0/0/0/99/0 INPUT 7 0 1 v:122
1/08/2020 8:57:31 PM,252 Event OK
1/08/2020 8:57:32 PM,EVENT 49772 1596288696 0/0/0/99/0 INPUT 1 0 16 v:122
1/08/2020 8:57:32 PM,252 Event OK
1/08/2020 8:57:32 PM,EVENT 49773 1596288697 0/0/0/99/6 INPUT 3 1 0 v:122
1/08/2020 8:57:32 PM,252 Event OK
1/08/2020 8:57:32 PM,EVENT 49774 1596288698 0/0/0/99/8 OILPRESSURE 49768 4 v:122
1/08/2020 8:57:32 PM,252 Event OK
1/08/2020 8:57:33 PM,EVENT 49775 1596288768 0/0/0/0/14 INPUT 3 0 71 v:122
1/08/2020 8:57:33 PM,252 Event OK
1/08/2020 8:57:33 PM,EVENT 49776 1596288885 0/0/0/0/6 INPUT 3 1 0 v:122
1/08/2020 8:57:33 PM,252 Event OK
1/08/2020 8:57:33 PM,EVENT 49777 1596288914 0/0/0/0/11 INPUT 3 0 29 v:122
1/08/2020 8:57:33 PM,252 Event OK
1/08/2020 8:57:33 PM,EVENT 49778 1596288938 0/0/0/0/0 INPUT 4 0 244 v:122
1/08/2020 8:57:33 PM,252 Event OK
1/08/2020 8:57:34 PM,EVENT 49779 1596288938 0/0/0/0/0 INPUT 4 1 0 v:122
1/08/2020 8:57:34 PM,252 Event OK
1/08/2020 8:57:34 PM,EVENT 49780 1596288975 0/0/0/0/0 INPUT 4 0 37 v:122
1/08/2020 8:57:34 PM,252 Event OK
1/08/2020 8:57:35 PM,EVENT 49781 1596288975 0/0/0/0/0 INPUT 4 1 0 v:122
1/08/2020 8:57:35 PM,252 Event OK
1/08/2020 8:57:35 PM,EVENT 49782 1596288983 0/0/0/0/3 INPUT 4 0 8 v:122
1/08/2020 8:57:35 PM,252 Event OK
1/08/2020 8:57:35 PM,EVENT 49783 1596288983 0/0/0/0/3 INPUT 4 1 0 v:122
1/08/2020 8:57:35 PM,252 Event OK
1/08/2020 8:57:35 PM,EVENT 49784 1596288992 0/0/0/0/3 INPUT 4 0 9 v:122
1/08/2020 8:57:35 PM,252 Event OK
1/08/2020 8:57:36 PM,EVENT 49785 1596288992 0/0/0/0/3 INPUT 4 1 0 v:122
1/08/2020 8:57:36 PM,252 Event OK
1/08/2020 8:57:36 PM,EVENT 49786 1596288996 0/0/0/0/7 INPUT 3 1 0 v:122
1/08/2020 8:57:36 PM,252 Event OK
1/08/2020 8:57:36 PM,EVENT 49787 1596289026 0/0/0/99/11 INPUT 3 0 31 v:122
1/08/2020 8:57:36 PM,252 Event OK
1/08/2020 8:57:37 PM,EVENT 49788 1596289060 0/0/0/0/4 INPUT 3 1 0 v:122
1/08/2020 8:57:37 PM,252 Event OK
1/08/2020 8:57:37 PM,EVENT 49789 1596289101 0/0/0/0/14 INPUT 3 0 41 v:122
1/08/2020 8:57:37 PM,252 Event OK
1/08/2020 8:57:37 PM,EVENT 49790 1596289115 0/0/0/0/4 INPUT 4 0 123 v:122
1/08/2020 8:57:37 PM,252 Event OK
1/08/2020 8:57:38 PM,EVENT 49791 1596289115 0/0/0/0/4 INPUT 4 1 0 v:122
1/08/2020 8:57:38 PM,252 Event OK
1/08/2020 8:57:38 PM,EVENT 49792 1596289535 0/0/0/0/7 INPUT 3 1 0 v:122
1/08/2020 8:57:38 PM,252 Event OK
1/08/2020 8:57:38 PM,EVENT 49793 1596289556 0/0/0/0/11 INPUT 3 0 20 v:122
1/08/2020 8:57:38 PM,252 Event OK
1/08/2020 8:57:39 PM,EVENT 49794 1596289566 0/0/0/0/5 INPUT 3 1 0 v:122
1/08/2020 8:57:39 PM,252 Event OK
1/08/2020 8:57:39 PM,EVENT 49795 1596289626 0/0/0/0/22 ENGINEOVERSPEED 49768 11 3774 v:122
1/08/2020 8:57:39 PM,252 Event OK
1/08/2020 8:57:39 PM,EVENT 49796 1596289824 0/0/0/0/23 ENGINEOVERSPEED 49768 11 3458 v:122
1/08/2020 8:57:39 PM,252 Event OK
1/08/2020 8:57:40 PM,EVENT 49797 1596289960 0/0/0/0/22 ENGINEOVERSPEED 49768 15 3465 v:121
1/08/2020 8:57:40 PM,252 Event OK
1/08/2020 8:57:40 PM,EVENT 49798 1596290083 0/0/0/0/12 INPUT 3 0 517 v:121
1/08/2020 8:57:40 PM,252 Event OK
1/08/2020 8:57:40 PM,EVENT 49799 1596290151 0/0/0/0/3 INPUT 3 1 0 v:122
1/08/2020 8:57:40 PM,252 Event OK
1/08/2020 8:57:41 PM,EVENT 49800 1596290196 0/0/0/0/13 INPUT 3 0 45 v:122
1/08/2020 8:57:41 PM,252 Event OK
1/08/2020 8:57:41 PM,EVENT 49801 1596290218 0/0/0/0/3 INPUT 4 0 1103 v:122
1/08/2020 8:57:41 PM,252 Event OK
1/08/2020 8:57:41 PM,EVENT 49802 1596290219 0/0/0/0/3 INPUT 4 1 0 v:122
1/08/2020 8:57:41 PM,252 Event OK
1/08/2020 8:57:42 PM,EVENT 49803 1596290373 0/0/0/0/7 INPUT 3 1 0 v:122
1/08/2020 8:57:42 PM,252 Event OK
1/08/2020 8:57:42 PM,EVENT 49804 1596290375 0/0/0/0/9 INPUT 3 0 2 v:122
1/08/2020 8:57:42 PM,252 Event OK
1/08/2020 8:57:42 PM,EVENT 49805 1596290405 0/0/0/0/7 INPUT 3 1 0 v:122
1/08/2020 8:57:42 PM,252 Event OK
1/08/2020 8:57:43 PM,EVENT 49806 1596290512 0/0/0/0/18 REPORT 49768 0 0 v:122
1/08/2020 8:57:43 PM,252 Event OK
1/08/2020 8:57:44 PM,EVENT 49807 1596290525 0/0/0/0/12 INPUT 3 0 119 v:122
1/08/2020 8:57:44 PM,252 Event OK
1/08/2020 8:57:44 PM,EVENT 49808 1596290529 0/0/0/0/3 INPUT 4 0 311 v:122
1/08/2020 8:57:44 PM,252 Event OK
1/08/2020 8:57:44 PM,EVENT 49809 1596290529 0/0/0/0/3 INPUT 4 1 0 v:122
1/08/2020 8:57:44 PM,252 Event OK
1/08/2020 8:57:45 PM,EVENT 49810 1596290534 0/0/0/0/7 INPUT 3 1 0 v:122
1/08/2020 8:57:45 PM,252 Event OK
1/08/2020 8:57:45 PM,EVENT 49811 1596290536 0/0/0/0/9 IMPACT 49768 17 0 0 0 17 0 C v:122
1/08/2020 8:57:45 PM,252 Event OK
1/08/2020 8:57:46 PM,EVENT 49812 1596290537 0/0/0/0/10 INPUT 3 0 3 v:122
1/08/2020 8:57:46 PM,252 Event OK
1/08/2020 8:57:46 PM,EVENT 49813 1596290540 0/0/0/0/6 INPUT 3 1 0 v:122
1/08/2020 8:57:46 PM,252 Event OK
1/08/2020 8:57:46 PM,EVENT 49814 1596290692 0/0/0/0/9 INPUT 3 0 152 v:122
1/08/2020 8:57:46 PM,252 Event OK
1/08/2020 8:57:47 PM,EVENT 49815 1596290700 0/0/0/0/5 INPUT 4 0 171 v:122
1/08/2020 8:57:47 PM,252 Event OK
1/08/2020 8:57:47 PM,EVENT 49816 1596290700 0/0/0/0/5 INPUT 4 1 0 v:122
1/08/2020 8:57:47 PM,252 Event OK
1/08/2020 8:57:47 PM,EVENT 49817 1596290710 0/0/0/0/0 INPUT 7 1 0 v:122
1/08/2020 8:57:47 PM,252 Event OK
1/08/2020 8:57:48 PM,EVENT 49818 1596290710 0/0/0/0/0 INPUT 8 0 2030 v:122
1/08/2020 8:57:48 PM,252 Event OK
1/08/2020 8:57:48 PM,EVENT 49819 1596290711 0/0/0/0/0 INPUT 1 1 0 v:122
1/08/2020 8:57:48 PM,252 Event OK
1/08/2020 8:57:49 PM,EVENT 49820 1596290712 0/0/0/0/0 INPUT 4 0 11 v:122
1/08/2020 8:57:49 PM,252 Event OK
1/08/2020 8:57:49 PM,EVENT 49821 1596290715 0/0/0/0/0 TRIP 49768 1030 987 10 6 2027 v:122
1/08/2020 8:57:49 PM,252 Event OK
1/08/2020 8:57:49 PM,EVENT 49822 1596290715 0/0/0/0/0 TRIPSUMMARY 49768 v:122
1/08/2020 8:57:49 PM,252 Event OK
1/08/2020 8:57:49 PM,EVENT 49823 1596290749 0/0/0/0/0 INPUT 7 0 38 v:122
1/08/2020 8:57:49 PM,252 Event OK
1/08/2020 8:57:50 PM,EVENT 49824 1596290749 0/0/0/0/0 INPUT 8 1 0 v:122
1/08/2020 8:57:50 PM,252 Event OK
1/08/2020 8:57:50 PM,EVENT 49825 1596290756 0/0/0/0/0 SIGNON 2521 03cffbfc OK 26 180201 0 v:122
1/08/2020 8:57:50 PM,252 Event OK
1/08/2020 8:57:51 PM,EVENT 49826 1596290761 0/0/0/0/0 INPUT 4 1 0 v:122
1/08/2020 8:57:51 PM,252 Event OK
1/08/2020 8:57:51 PM,EVENT 49827 1596290762 0/0/0/0/0 INPUT 1 0 51 v:122
1/08/2020 8:57:51 PM,252 Event OK
1/08/2020 8:57:52 PM,EVENT 49828 1596290763 0/0/0/0/0 OILPRESSURE 49825 2 v:122
1/08/2020 8:57:52 PM,252 Event OK
1/08/2020 8:57:52 PM,EVENT 49829 1596290796 0/0/0/0/0 INPUT 1 1 0 v:122
1/08/2020 8:57:52 PM,252 Event OK
1/08/2020 8:57:53 PM,EVENT 49830 1596290797 0/0/0/0/0 INPUT 4 0 36 v:122
1/08/2020 8:57:53 PM,252 Event OK
1/08/2020 8:57:53 PM,EVENT 49831 1596290823 0/0/0/0/0 INPUT 1 0 27 v:122
1/08/2020 8:57:53 PM,252 Event OK
1/08/2020 8:57:53 PM,EVENT 49832 1596290823 0/0/0/0/0 INPUT 1 1 0 v:122
1/08/2020 8:57:53 PM,252 Event OK
1/08/2020 8:57:54 PM,EVENT 49833 1596290823 0/0/0/0/0 INPUT 1 0 0 v:122
1/08/2020 8:57:54 PM,252 Event OK
1/08/2020 8:57:54 PM,EVENT 49834 1596290823 0/0/0/0/0 INPUT 4 1 0 v:122
1/08/2020 8:57:54 PM,252 Event OK
1/08/2020 8:57:54 PM,EVENT 49835 1596290824 0/0/0/0/0 OILPRESSURE 49825 27 v:122
1/08/2020 8:57:54 PM,252 Event OK
1/08/2020 8:57:55 PM,EVENT 49836 1596290828 0/0/0/0/0 INPUT 4 0 6 v:122
1/08/2020 8:57:55 PM,252 Event OK
1/08/2020 8:57:55 PM,EVENT 49837 1596290829 0/0/0/0/0 INPUT 4 1 0 v:122
1/08/2020 8:57:55 PM,252 Event OK
1/08/2020 8:57:55 PM,EVENT 49838 1596290836 0/0/0/0/0 INPUT 4 0 8 v:122
1/08/2020 8:57:55 PM,252 Event OK
1/08/2020 8:57:56 PM,EVENT 49839 1596290837 0/0/0/0/0 INPUT 4 1 0 v:122
1/08/2020 8:57:56 PM,252 Event OK
1/08/2020 8:57:56 PM,EVENT 49840 1596290873 0/0/0/0/0 INPUT 4 0 37 v:122
1/08/2020 8:57:56 PM,252 Event OK
1/08/2020 8:57:56 PM,EVENT 49841 1596290873 0/0/0/0/0 INPUT 4 1 0 v:122
1/08/2020 8:57:56 PM,252 Event OK
1/08/2020 8:57:57 PM,EVENT 49842 1596290886 0/0/0/0/8 INPUT 3 1 0 v:122
1/08/2020 8:57:57 PM,252 Event OK
1/08/2020 8:57:57 PM,EVENT 49843 1596290888 0/0/0/0/9 INPUT 3 0 3 v:122
1/08/2020 8:57:57 PM,252 Event OK
1/08/2020 8:57:57 PM,EVENT 49844 1596290890 0/0/0/0/8 INPUT 3 1 0 v:122
1/08/2020 8:57:57 PM,252 Event OK
1/08/2020 8:57:58 PM,EVENT 49845 1596290890 0/0/0/0/8 INPUT 3 0 1 v:122
1/08/2020 8:57:58 PM,252 Event OK
1/08/2020 8:57:58 PM,EVENT 49846 1596290893 0/0/0/0/6 INPUT 7 1 0 v:122
1/08/2020 8:57:58 PM,252 Event OK
1/08/2020 8:57:58 PM,EVENT 49847 1596290893 0/0/0/0/6 INPUT 8 0 144 v:122
1/08/2020 8:57:58 PM,252 Event OK
1/08/2020 8:57:59 PM,EVENT 49848 1596290893 0/0/0/0/5 INPUT 1 1 0 v:122
1/08/2020 8:57:59 PM,252 Event OK
1/08/2020 8:57:59 PM,EVENT 49849 1596290895 0/0/0/0/5 INPUT 4 0 22 v:122
1/08/2020 8:57:59 PM,252 Event OK
1/08/2020 8:57:59 PM,EVENT 49850 1596290897 0/0/0/0/0 TRIP 49825 4 105 33 25 142 v:122
1/08/2020 8:57:59 PM,252 Event OK
1/08/2020 8:58:00 PM,EVENT 49851 1596290897 0/0/0/0/0 TRIPSUMMARY 49825 v:122
1/08/2020 8:58:00 PM,252 Event OK
1/08/2020 8:58:00 PM,EVENT 49852 1596291329 0/0/0/0/0 INPUT 8 1 0 v:122
1/08/2020 8:58:00 PM,252 Event OK
1/08/2020 8:58:00 PM,EVENT 49853 1596291329 0/0/0/0/0 INPUT 7 0 436 v:122
1/08/2020 8:58:00 PM,252 Event OK
1/08/2020 8:58:01 PM,EVENT 49854 1596291336 0/0/0/0/0 SIGNON 2521 03cffbfc OK 26 180201 0 v:122
1/08/2020 8:58:01 PM,252 Event OK
1/08/2020 8:58:01 PM,EVENT 49855 1596291342 0/0/0/0/0 INPUT 7 1 0 v:122
1/08/2020 8:58:01 PM,252 Event OK
1/08/2020 8:58:02 PM,EVENT 49856 1596291342 0/0/0/0/0 INPUT 4 1 0 v:122
1/08/2020 8:58:02 PM,252 Event OK
1/08/2020 8:58:02 PM,EVENT 49857 1596291342 0/0/0/0/0 INPUT 7 0 0 v:122
1/08/2020 8:58:02 PM,252 Event OK
1/08/2020 8:58:02 PM,EVENT 49858 1596291343 0/0/0/0/0 INPUT 1 0 449 v:122
1/08/2020 8:58:02 PM,252 Event OK
1/08/2020 8:58:03 PM,EVENT 49859 1596291344 0/0/0/0/0 OILPRESSURE 49854 3 v:122
1/08/2020 8:58:03 PM,252 Event OK
1/08/2020 8:58:03 PM,EVENT 49860 1596291347 0/0/0/0/2 INPUT 4 0 6 v:122
1/08/2020 8:58:03 PM,252 Event OK
1/08/2020 8:58:03 PM,EVENT 49861 1596291347 0/0/0/0/2 INPUT 4 1 0 v:122
1/08/2020 8:58:03 PM,252 Event OK
1/08/2020 8:58:04 PM,EVENT 49862 1596291380 0/0/0/0/7 INPUT 7 1 0 v:122
1/08/2020 8:58:04 PM,252 Event OK
1/08/2020 8:58:04 PM,EVENT 49863 1596291380 0/0/0/0/7 INPUT 8 0 52 v:122
1/08/2020 8:58:04 PM,252 Event OK
1/08/2020 8:58:04 PM,EVENT 49864 1596291381 0/0/0/0/6 INPUT 1 1 0 v:122
1/08/2020 8:58:04 PM,252 Event OK
1/08/2020 8:58:05 PM,EVENT 49865 1596291382 0/0/0/0/6 INPUT 4 0 35 v:122
1/08/2020 8:58:05 PM,252 Event OK
1/08/2020 8:58:05 PM,EVENT 49866 1596291385 0/0/0/0/0 TRIP 49854 0 41 8 5 49 v:122
1/08/2020 8:58:05 PM,252 Event OK
1/08/2020 8:58:06 PM,EVENT 49867 1596291385 0/0/0/0/0 TRIPSUMMARY 49854 v:122
1/08/2020 8:58:06 PM,252 Event OK
1/08/2020 8:58:06 PM,EVENT 49868 1596294426 0/0/0/0/0 SWSTART OpusFC 5.0.58.510 R v:122
1/08/2020 8:58:06 PM,252 Event OK
1/08/2020 8:58:07 PM,EVENT 49869 1596291385 0/0/0/0/0 POWERDOWN v:122
1/08/2020 8:58:07 PM,252 Event OK
1/08/2020 8:58:08 PM,EVENT 49870 1596294426 0/0/0/0/0 INPUT 1 1 0 v:122
1/08/2020 8:58:08 PM,252 Event OK
1/08/2020 8:58:08 PM,EVENT 49871 1596294426 0/0/0/0/0 INPUT 2 0 0 v:122
1/08/2020 8:58:08 PM,252 Event OK
1/08/2020 8:58:08 PM,EVENT 49872 1596294426 0/0/0/0/0 INPUT 3 0 0 v:122
1/08/2020 8:58:08 PM,252 Event OK
1/08/2020 8:58:09 PM,EVENT 49873 1596294426 0/0/0/0/0 INPUT 4 0 0 v:122
1/08/2020 8:58:09 PM,252 Event OK
1/08/2020 8:58:10 PM,EVENT 49874 1596294426 0/0/0/0/0 INPUT 7 0 0 v:122
1/08/2020 8:58:10 PM,252 Event OK
1/08/2020 8:58:10 PM,EVENT 49875 1596294426 0/0/0/0/0 INPUT 8 1 0 v:122
1/08/2020 8:58:10 PM,252 Event OK
1/08/2020 8:58:11 PM,EVENT 49876 1596294428 0/0/0/0/0 ZONE_OK 2 100 FW=NO VERSION v:122
1/08/2020 8:58:11 PM,252 Event OK
1/08/2020 8:58:12 PM,EVENT 49877 1596294435 0/0/0/0/0 SIGNON 2521 03cffbfc OK 26 180201 0 v:122
1/08/2020 8:58:12 PM,252 Event OK
1/08/2020 8:58:12 PM,EVENT 49878 1596294440 0/0/0/99/0 INPUT 7 1 0 v:122
1/08/2020 8:58:12 PM,252 Event OK
1/08/2020 8:58:13 PM,EVENT 49879 1596294441 0/0/0/99/0 INPUT 4 1 0 v:122
1/08/2020 8:58:13 PM,252 Event OK
1/08/2020 8:58:13 PM,EVENT 49880 1596294441 0/0/0/99/0 INPUT 7 0 1 v:123
1/08/2020 8:58:13 PM,252 Event OK
1/08/2020 8:58:15 PM,EVENT 49881 1596294443 0/0/0/99/0 INPUT 4 0 3 v:123
1/08/2020 8:58:15 PM,252 Event OK
1/08/2020 8:58:15 PM,EVENT 49882 1596294443 0/0/0/99/0 INPUT 4 1 0 v:123
1/08/2020 8:58:15 PM,252 Event OK
1/08/2020 8:58:16 PM,EVENT 49883 1596294444 0/0/0/99/0 INPUT 1 0 17 v:123
1/08/2020 8:58:16 PM,252 Event OK
1/08/2020 8:58:16 PM,EVENT 49884 1596294445 0/0/0/99/0 OILPRESSURE 49877 5 v:122
1/08/2020 8:58:16 PM,252 Event OK
1/08/2020 8:58:16 PM,EVENT 49885 1596294446 0/0/0/99/0 INPUT 4 0 3 v:122
1/08/2020 8:58:16 PM,252 Event OK
1/08/2020 8:58:17 PM,EVENT 49886 1596294446 0/0/0/99/0 INPUT 4 1 0 v:122
1/08/2020 8:58:17 PM,252 Event OK
1/08/2020 8:58:17 PM,EVENT 49887 1596294452 0/0/0/0/2 INPUT 4 0 6 v:122
1/08/2020 8:58:17 PM,252 Event OK
1/08/2020 8:58:18 PM,EVENT 49888 1596294453 0/0/0/0/2 INPUT 4 1 0 v:122
1/08/2020 8:58:18 PM,252 Event OK
1/08/2020 8:58:18 PM,EVENT 49889 1596294455 0/0/0/0/3 INPUT 4 0 3 v:122
1/08/2020 8:58:18 PM,252 Event OK
1/08/2020 8:58:19 PM,EVENT 49890 1596294455 0/0/0/0/3 INPUT 4 1 0 v:122
1/08/2020 8:58:19 PM,252 Event OK
1/08/2020 8:58:19 PM,EVENT 49891 1596294472 0/0/0/0/7 INPUT 3 1 0 v:122
1/08/2020 8:58:19 PM,252 Event OK
1/08/2020 8:58:20 PM,EVENT 49892 1596294473 0/0/0/0/9 INPUT 3 0 2 v:122
1/08/2020 8:58:20 PM,252 Event OK
1/08/2020 8:58:20 PM,EVENT 49893 1596294484 0/0/0/0/8 INPUT 3 1 0 v:122
1/08/2020 8:58:20 PM,252 Event OK
1/08/2020 8:58:20 PM,EVENT 49894 1596294561 0/0/0/0/12 INPUT 3 0 77 v:123
1/08/2020 8:58:20 PM,252 Event OK
1/08/2020 8:58:21 PM,EVENT 49895 1596294608 0/0/0/0/0 INPUT 4 0 153 v:123
1/08/2020 8:58:21 PM,252 Event OK
1/08/2020 8:58:21 PM,EVENT 49896 1596294608 0/0/0/0/0 INPUT 4 1 0 v:123
1/08/2020 8:58:21 PM,252 Event OK
1/08/2020 8:58:22 PM,EVENT 49897 1596294616 0/0/0/0/0 INPUT 4 0 8 v:123
1/08/2020 8:58:22 PM,252 Event OK
1/08/2020 8:58:22 PM,EVENT 49898 1596294616 0/0/0/0/0 INPUT 4 1 0 v:123
1/08/2020 8:58:22 PM,252 Event OK
1/08/2020 8:58:22 PM,EVENT 49899 1596294630 0/0/0/0/3 INPUT 7 1 0 v:122
1/08/2020 8:58:22 PM,252 Event OK
1/08/2020 8:58:23 PM,EVENT 49900 1596294630 0/0/0/0/3 INPUT 8 0 204 v:122
1/08/2020 8:58:23 PM,252 Event OK
1/08/2020 8:58:23 PM,EVENT 49901 1596294631 0/0/0/0/3 INPUT 1 1 0 v:122
1/08/2020 8:58:23 PM,252 Event OK
1/08/2020 8:58:24 PM,EVENT 49902 1596294631 0/0/0/0/3 INPUT 4 0 15 v:122
1/08/2020 8:58:24 PM,252 Event OK
1/08/2020 8:58:24 PM,EVENT 49903 1596294635 0/0/0/0/0 TRIP 49877 79 112 9 5 200 v:121
1/08/2020 8:58:24 PM,252 Event OK
1/08/2020 8:58:24 PM,EVENT 49904 1596294635 0/0/0/0/0 TRIPSUMMARY 49877 v:121
1/08/2020 8:58:24 PM,252 Event OK
1/08/2020 8:58:26 PM,EVENT 49905 1596294672 0/0/0/0/0 REPORT * 0 0 v:121
1/08/2020 8:58:26 PM,252 Event OK
1/08/2020 8:58:26 PM,EVENT 49906 1596294730 0/0/0/0/0 INPUT 8 1 0 v:121
1/08/2020 8:58:26 PM,252 Event OK
1/08/2020 8:58:26 PM,EVENT 49907 1596294730 0/0/0/0/0 INPUT 7 0 99 v:122
1/08/2020 8:58:26 PM,252 Event OK
1/08/2020 8:58:27 PM,EVENT 49908 1596294738 0/0/0/0/0 SIGNON 2521 03cffbfc OK 26 180201 0 v:122
1/08/2020 8:58:27 PM,252 Event OK
1/08/2020 8:58:27 PM,EVENT 49909 1596294751 0/0/0/0/0 INPUT 7 1 0 v:123
1/08/2020 8:58:27 PM,252 Event OK
1/08/2020 8:58:28 PM,EVENT 49910 1596294752 0/0/0/0/0 INPUT 4 1 0 v:123
1/08/2020 8:58:28 PM,252 Event OK
1/08/2020 8:58:28 PM,EVENT 49911 1596294752 0/0/0/0/0 INPUT 1 0 122 v:123
1/08/2020 8:58:28 PM,252 Event OK
1/08/2020 8:58:28 PM,EVENT 49912 1596294752 0/0/0/0/0 INPUT 7 0 1 v:123
1/08/2020 8:58:28 PM,252 Event OK
1/08/2020 8:58:29 PM,EVENT 49913 1596294754 0/0/0/0/0 OILPRESSURE 49908 11 v:122
1/08/2020 8:58:29 PM,252 Event OK
1/08/2020 8:58:29 PM,EVENT 49914 1596294758 0/0/0/0/6 INPUT 3 1 0 v:122
1/08/2020 8:58:29 PM,252 Event OK
1/08/2020 8:58:30 PM,EVENT 49915 1596294799 0/0/0/99/21 ENGINEOVERSPEED 49908 7 3620 v:122
1/08/2020 8:58:30 PM,252 Event OK
1/08/2020 8:58:31 PM,EVENT 49916 1596294896 0/0/0/0/15 INPUT 3 0 139 v:122
1/08/2020 8:58:31 PM,252 Event OK
1/08/2020 8:58:31 PM,EVENT 49917 1596294902 0/0/0/0/6 INPUT 3 1 0 v:122
1/08/2020 8:58:31 PM,252 Event OK
1/08/2020 8:58:31 PM,EVENT 49918 1596295094 0/0/0/0/20 ENGINEOVERSPEED 49908 61 3717 v:122
1/08/2020 8:58:31 PM,252 Event OK
1/08/2020 8:58:32 PM,EVENT 49919 1596295102 0/0/0/0/13 INPUT 3 0 200 v:122
1/08/2020 8:58:32 PM,252 Event OK
1/08/2020 8:58:32 PM,EVENT 49920 1596295103 0/0/0/0/9 INPUT 7 1 0 v:122
1/08/2020 8:58:32 PM,252 Event OK
1/08/2020 8:58:33 PM,EVENT 49921 1596295103 0/0/0/0/9 INPUT 8 0 373 v:122
1/08/2020 8:58:33 PM,252 Event OK
1/08/2020 8:58:33 PM,EVENT 49922 1596295103 0/0/0/0/8 INPUT 1 1 0 v:122
1/08/2020 8:58:33 PM,252 Event OK
1/08/2020 8:58:33 PM,EVENT 49923 1596295105 0/0/0/0/7 INPUT 4 0 354 v:121
1/08/2020 8:58:33 PM,252 Event OK
1/08/2020 8:58:34 PM,EVENT 49924 1596295107 0/0/0/0/0 TRIP 49908 339 15 15 13 369 v:122
1/08/2020 8:58:34 PM,252 Event OK
1/08/2020 8:58:34 PM,EVENT 49925 1596295107 0/0/0/0/0 TRIPSUMMARY 49908 v:122
1/08/2020 8:58:34 PM,252 Event OK
1/08/2020 8:58:34 PM,EVENT 49926 1596295175 0/0/0/0/0 INPUT 8 1 0 v:122
1/08/2020 8:58:34 PM,252 Event OK
1/08/2020 8:58:34 PM,EVENT 49927 1596295175 0/0/0/0/0 INPUT 7 0 72 v:122
1/08/2020 8:58:34 PM,252 Event OK
1/08/2020 8:58:35 PM,EVENT 49928 1596295183 0/0/0/0/0 SIGNON 2521 03cffbfc OK 26 180201 0 v:122
1/08/2020 8:58:35 PM,252 Event OK
1/08/2020 8:58:35 PM,EVENT 49929 1596295188 0/0/0/0/0 INPUT 7 1 0 v:122
1/08/2020 8:58:35 PM,252 Event OK
1/08/2020 8:58:35 PM,EVENT 49930 1596295188 0/0/0/0/0 INPUT 7 0 1 v:122
1/08/2020 8:58:35 PM,252 Event OK
1/08/2020 8:58:36 PM,EVENT 49931 1596295189 0/0/0/0/0 INPUT 1 0 86 v:122
1/08/2020 8:58:36 PM,252 Event OK
1/08/2020 8:58:36 PM,EVENT 49932 1596295189 0/0/0/0/0 INPUT 4 1 0 v:122
1/08/2020 8:58:36 PM,252 Event OK
1/08/2020 8:58:36 PM,EVENT 49933 1596295190 0/0/0/0/5 OILPRESSURE 49928 2 v:122
1/08/2020 8:58:36 PM,252 Event OK
1/08/2020 8:58:37 PM,EVENT 49934 1596295203 0/0/0/0/5 INPUT 1 1 0 v:122
1/08/2020 8:58:37 PM,252 Event OK
1/08/2020 8:58:37 PM,EVENT 49935 1596295204 0/0/0/0/3 INPUT 4 0 16 v:122
1/08/2020 8:58:37 PM,252 Event OK
1/08/2020 8:58:37 PM,EVENT 49936 1596295210 0/0/0/0/0 INPUT 7 1 0 v:122
1/08/2020 8:58:37 PM,252 Event OK
1/08/2020 8:58:37 PM,EVENT 49937 1596295210 0/0/0/0/0 INPUT 4 1 0 v:122
1/08/2020 8:58:37 PM,252 Event OK
1/08/2020 8:58:38 PM,EVENT 49938 1596295211 0/0/0/0/0 INPUT 7 0 1 v:122
1/08/2020 8:58:38 PM,252 Event OK
1/08/2020 8:58:38 PM,EVENT 49939 1596295211 0/0/0/0/0 INPUT 1 0 7 v:122
1/08/2020 8:58:38 PM,252 Event OK
1/08/2020 8:58:38 PM,EVENT 49940 1596295212 0/0/0/0/6 OILPRESSURE 49928 7 v:122
1/08/2020 8:58:38 PM,252 Event OK
1/08/2020 8:58:39 PM,EVENT 49941 1596295213 0/0/0/0/6 INPUT 3 1 0 v:122
1/08/2020 8:58:39 PM,252 Event OK
1/08/2020 8:58:39 PM,EVENT 49942 1596295229 0/0/0/0/12 INPUT 3 0 16 v:122
1/08/2020 8:58:39 PM,252 Event OK
1/08/2020 8:58:39 PM,EVENT 49943 1596295240 0/0/0/0/5 INPUT 3 1 0 v:122
1/08/2020 8:58:39 PM,252 Event OK
1/08/2020 8:58:40 PM,EVENT 49944 1596295302 0/0/0/0/10 INPUT 3 0 62 v:122
1/08/2020 8:58:40 PM,252 Event OK
1/08/2020 8:58:40 PM,EVENT 49945 1596295303 0/0/0/0/8 INPUT 3 1 0 v:122
1/08/2020 8:58:40 PM,252 Event OK
1/08/2020 8:58:40 PM,EVENT 49946 1596295327 0/0/0/0/13 INPUT 3 0 25 v:122
1/08/2020 8:58:40 PM,252 Event OK
1/08/2020 8:58:41 PM,EVENT 49947 1596295331 0/0/0/0/7 INPUT 3 1 0 v:122
1/08/2020 8:58:41 PM,252 Event OK
1/08/2020 8:58:41 PM,EVENT 49948 1596295331 0/0/0/0/8 INPUT 3 0 1 v:122
1/08/2020 8:58:41 PM,252 Event OK
1/08/2020 8:58:41 PM,EVENT 49949 1596295467 0/0/0/99/7 INPUT 3 1 0 v:122
1/08/2020 8:58:41 PM,252 Event OK
1/08/2020 8:58:42 PM,EVENT 49950 1596295490 0/0/0/0/11 INPUT 3 0 23 v:122
1/08/2020 8:58:42 PM,252 Event OK
1/08/2020 8:58:42 PM,EVENT 49951 1596295492 0/0/0/0/8 INPUT 3 1 0 v:122
1/08/2020 8:58:42 PM,252 Event OK
1/08/2020 8:58:42 PM,EVENT 49952 1596295493 0/0/0/0/9 INPUT 3 0 1 v:122
1/08/2020 8:58:42 PM,252 Event OK
1/08/2020 8:58:43 PM,EVENT 49953 1596295494 0/0/0/0/8 INPUT 7 1 0 v:122
1/08/2020 8:58:43 PM,252 Event OK
1/08/2020 8:58:43 PM,EVENT 49954 1596295494 0/0/0/0/8 INPUT 8 0 319 v:122
1/08/2020 8:58:43 PM,252 Event OK
1/08/2020 8:58:43 PM,EVENT 49955 1596295494 0/0/0/0/7 INPUT 1 1 0 v:121
1/08/2020 8:58:43 PM,252 Event OK
1/08/2020 8:58:44 PM,EVENT 49956 1596295495 0/0/0/0/3 INPUT 4 0 286 v:121
1/08/2020 8:58:44 PM,252 Event OK
1/08/2020 8:58:45 PM,EVENT 49957 1596295498 0/0/0/0/0 TRIP 49928 128 174 14 6 316 v:121
1/08/2020 8:58:45 PM,252 Event OK
1/08/2020 8:58:45 PM,EVENT 49958 1596295498 0/0/0/0/0 TRIPSUMMARY 49928 v:122
1/08/2020 8:58:45 PM,252 Event OK
1/08/2020 8:58:46 PM,EVENT 49959 1596296331 0/0/0/0/0 INPUT 8 1 0 v:122
1/08/2020 8:58:46 PM,252 Event OK
1/08/2020 8:58:46 PM,EVENT 49960 1596296331 0/0/0/0/0 INPUT 7 0 838 v:122
1/08/2020 8:58:46 PM,252 Event OK
1/08/2020 8:58:46 PM,EVENT 49961 1596296339 0/0/0/0/0 SIGNON 2521 03cffbfc OK 26 180201 0 v:122
1/08/2020 8:58:46 PM,252 Event OK
1/08/2020 8:58:47 PM,EVENT 49962 1596296344 0/0/0/0/0 INPUT 7 1 0 v:122
1/08/2020 8:58:47 PM,252 Event OK
1/08/2020 8:58:47 PM,EVENT 49963 1596296344 0/0/0/0/0 INPUT 7 0 1 v:122
1/08/2020 8:58:47 PM,252 Event OK
1/08/2020 8:58:48 PM,EVENT 49964 1596296344 0/0/0/0/0 INPUT 4 1 0 v:122
1/08/2020 8:58:48 PM,252 Event OK
1/08/2020 8:58:48 PM,EVENT 49965 1596296346 0/0/0/0/0 INPUT 1 0 852 v:122
1/08/2020 8:58:48 PM,252 Event OK
1/08/2020 8:58:48 PM,EVENT 49966 1596296347 0/0/0/0/3 OILPRESSURE 49961 3 v:122
1/08/2020 8:58:48 PM,252 Event OK
1/08/2020 8:58:49 PM,EVENT 49967 1596296400 0/0/0/0/5 INPUT 3 1 0 v:122
1/08/2020 8:58:49 PM,252 Event OK
1/08/2020 8:58:49 PM,EVENT 49968 1596296502 0/0/0/99/24 REPORT 49961 0 0 v:122
1/08/2020 8:58:49 PM,252 Event OK
1/08/2020 8:58:50 PM,EVENT 49969 1596296509 0/0/0/99/23 ENGINEOVERSPEED 49961 9 3509 v:122
1/08/2020 8:58:50 PM,252 Event OK
1/08/2020 8:58:50 PM,EVENT 49970 1596296748 0/0/0/0/22 IMPACT 49961 8 0 0 0 8 0 - v:122
1/08/2020 8:58:50 PM,252 Event OK
1/08/2020 8:58:51 PM,EVENT 49971 1596296894 0/0/0/0/10 INPUT 3 0 494 v:122
1/08/2020 8:58:51 PM,252 Event OK
1/08/2020 8:58:51 PM,EVENT 49972 1596296898 0/0/0/0/5 INPUT 1 1 0 v:122
1/08/2020 8:58:51 PM,252 Event OK
1/08/2020 8:58:51 PM,EVENT 49973 1596296898 0/0/0/0/5 INPUT 4 0 554 v:122
1/08/2020 8:58:51 PM,252 Event OK
1/08/2020 8:58:52 PM,EVENT 49974 1596296905 0/0/0/0/0 INPUT 7 1 0 v:123
1/08/2020 8:58:52 PM,252 Event OK
1/08/2020 8:58:52 PM,EVENT 49975 1596296906 0/0/0/0/0 INPUT 4 1 0 v:122
1/08/2020 8:58:52 PM,252 Event OK
1/08/2020 8:58:53 PM,EVENT 49976 1596296906 0/0/0/0/0 INPUT 7 0 0 v:122
1/08/2020 8:58:53 PM,252 Event OK
1/08/2020 8:58:53 PM,EVENT 49977 1596296906 0/0/0/0/0 INPUT 1 0 8 v:123
1/08/2020 8:58:53 PM,252 Event OK
1/08/2020 8:58:53 PM,EVENT 49978 1596296907 0/0/0/0/0 OILPRESSURE 49961 8 v:122
1/08/2020 8:58:53 PM,252 Event OK
1/08/2020 8:58:54 PM,EVENT 49979 1596296908 0/0/0/0/6 INPUT 3 1 0 v:122
1/08/2020 8:58:54 PM,252 Event OK
1/08/2020 8:58:54 PM,EVENT 49980 1596297040 0/0/0/0/15 INPUT 3 0 131 v:122
1/08/2020 8:58:54 PM,252 Event OK
1/08/2020 8:58:55 PM,EVENT 49981 1596297044 0/0/0/0/7 INPUT 3 1 0 v:122
1/08/2020 8:58:55 PM,252 Event OK
1/08/2020 8:58:55 PM,EVENT 49982 1596297048 0/0/0/0/11 INPUT 3 0 5 v:122
1/08/2020 8:58:55 PM,252 Event OK
1/08/2020 8:58:55 PM,EVENT 49983 1596297050 0/0/0/0/3 INPUT 7 1 0 v:122
1/08/2020 8:58:55 PM,252 Event OK
1/08/2020 8:58:56 PM,EVENT 49984 1596297050 0/0/0/0/3 INPUT 8 0 718 v:122
1/08/2020 8:58:56 PM,252 Event OK
1/08/2020 8:58:56 PM,EVENT 49985 1596297050 0/0/0/0/3 INPUT 1 1 0 v:122
1/08/2020 8:58:56 PM,252 Event OK
1/08/2020 8:58:56 PM,EVENT 49986 1596297052 0/0/0/0/3 INPUT 4 0 147 v:122
1/08/2020 8:58:56 PM,252 Event OK
1/08/2020 8:58:57 PM,EVENT 49987 1596297054 0/0/0/0/0 TRIP 49961 630 71 15 7 716 v:121
1/08/2020 8:58:57 PM,252 Event OK
1/08/2020 8:58:57 PM,EVENT 49988 1596297054 0/0/0/0/0 TRIPSUMMARY 49961 v:122
1/08/2020 8:58:57 PM,252 Event OK
1/08/2020 8:58:57 PM,EVENT 49989 1596298201 0/0/0/0/0 INPUT 8 1 0 v:122
1/08/2020 8:58:57 PM,252 Event OK
1/08/2020 8:58:58 PM,EVENT 49990 1596298201 0/0/0/0/0 INPUT 7 0 1151 v:122
1/08/2020 8:58:58 PM,252 Event OK
1/08/2020 8:58:58 PM,EVENT 49991 1596298208 0/0/0/0/0 SIGNON 2521 03cffbfc OK 26 180201 0 v:122
1/08/2020 8:58:58 PM,252 Event OK
1/08/2020 8:58:58 PM,EVENT 49992 1596298213 0/0/0/0/0 INPUT 7 1 0 v:122
1/08/2020 8:58:58 PM,252 Event OK
1/08/2020 8:58:59 PM,EVENT 49993 1596298214 0/0/0/0/0 INPUT 4 1 0 v:122
1/08/2020 8:58:59 PM,252 Event OK
1/08/2020 8:58:59 PM,EVENT 49994 1596298214 0/0/0/0/0 INPUT 7 0 0 v:122
1/08/2020 8:58:59 PM,252 Event OK
1/08/2020 8:58:59 PM,EVENT 49995 1596298215 0/0/0/0/0 INPUT 1 0 1164 v:122
1/08/2020 8:58:59 PM,252 Event OK
1/08/2020 8:59:00 PM,EVENT 49996 1596298216 0/0/0/0/0 OILPRESSURE 49991 3 v:122
1/08/2020 8:59:00 PM,252 Event OK
1/08/2020 8:59:00 PM,EVENT 49997 1596298218 0/0/0/0/7 INPUT 3 1 0 v:122
1/08/2020 8:59:00 PM,252 Event OK
1/08/2020 8:59:01 PM,EVENT 49998 1596298219 0/0/0/0/8 INPUT 3 0 1 v:122
1/08/2020 8:59:01 PM,252 Event OK
1/08/2020 8:59:01 PM,EVENT 49999 1596298231 0/0/0/0/5 INPUT 4 0 18 v:122
1/08/2020 8:59:01 PM,252 Event OK
1/08/2020 8:59:01 PM,EVENT 50000 1596298231 0/0/0/0/5 INPUT 4 1 0 v:122
1/08/2020 8:59:01 PM,252 Event OK
1/08/2020 8:59:02 PM,EVENT 50001 1596298240 0/0/0/0/3 INPUT 7 1 0 v:122
1/08/2020 8:59:02 PM,252 Event OK
1/08/2020 8:59:02 PM,EVENT 50002 1596298240 0/0/0/0/3 INPUT 8 0 39 v:122
1/08/2020 8:59:02 PM,252 Event OK
1/08/2020 8:59:02 PM,EVENT 50003 1596298240 0/0/0/0/3 INPUT 1 1 0 v:122
1/08/2020 8:59:02 PM,252 Event OK
1/08/2020 8:59:03 PM,EVENT 50004 1596298242 0/0/0/0/3 INPUT 4 0 11 v:121
1/08/2020 8:59:03 PM,252 Event OK
1/08/2020 8:59:03 PM,EVENT 50005 1596298244 0/0/0/0/0 TRIP 49991 1 28 7 5 36 v:121
1/08/2020 8:59:03 PM,252 Event OK
1/08/2020 8:59:03 PM,EVENT 50006 1596298244 0/0/0/0/0 TRIPSUMMARY 49991 v:121
1/08/2020 8:59:03 PM,252 Event OK
1/08/2020 8:59:04 PM,EVENT 50007 1596298880 0/0/0/0/0 INPUT 8 1 0 v:121
1/08/2020 8:59:04 PM,252 Event OK
1/08/2020 8:59:04 PM,EVENT 50008 1596298880 0/0/0/0/0 INPUT 7 0 641 v:122
1/08/2020 8:59:04 PM,252 Event OK
1/08/2020 8:59:04 PM,EVENT 50009 1596298890 0/0/0/0/0 SIGNON 2521 03cffbfc OK 26 180201 0 v:122
1/08/2020 8:59:04 PM,252 Event OK
1/08/2020 8:59:05 PM,EVENT 50010 1596298895 0/0/0/0/0 INPUT 7 1 0 v:122
1/08/2020 8:59:05 PM,252 Event OK
1/08/2020 8:59:05 PM,EVENT 50011 1596298895 0/0/0/0/0 INPUT 4 1 0 v:122
1/08/2020 8:59:05 PM,252 Event OK
1/08/2020 8:59:06 PM,EVENT 50012 1596298895 0/0/0/0/0 INPUT 7 0 1 v:122
1/08/2020 8:59:06 PM,252 Event OK
1/08/2020 8:59:06 PM,EVENT 50013 1596298898 0/0/0/0/0 INPUT 1 0 657 v:122
1/08/2020 8:59:06 PM,252 Event OK
1/08/2020 8:59:07 PM,EVENT 50014 1596298899 0/0/0/0/0 OILPRESSURE 50009 4 v:122
1/08/2020 8:59:07 PM,252 Event OK
1/08/2020 8:59:07 PM,EVENT 50015 1596298908 0/0/0/0/5 INPUT 4 0 14 v:122
1/08/2020 8:59:07 PM,252 Event OK
1/08/2020 8:59:08 PM,EVENT 50016 1596298908 0/0/0/0/0 INPUT 4 1 0 v:122
1/08/2020 8:59:08 PM,252 Event OK
1/08/2020 8:59:08 PM,EVENT 50017 1596298942 0/0/0/0/7 INPUT 3 1 0 v:122
1/08/2020 8:59:08 PM,252 Event OK
1/08/2020 8:59:08 PM,EVENT 50018 1596298944 0/0/0/0/16 REPORT 50009 0 0 v:122
1/08/2020 8:59:08 PM,252 Event OK
1/08/2020 8:59:09 PM,EVENT 50019 1596298972 0/0/0/0/12 INPUT 3 0 30 v:122
1/08/2020 8:59:09 PM,252 Event OK
1/08/2020 8:59:09 PM,EVENT 50020 1596298984 0/0/0/0/5 INPUT 3 1 0 v:122
1/08/2020 8:59:09 PM,252 Event OK
1/08/2020 8:59:09 PM,EVENT 50021 1596299015 0/0/0/0/10 INPUT 3 0 31 v:122
1/08/2020 8:59:09 PM,252 Event OK
1/08/2020 8:59:10 PM,EVENT 50022 1596299088 0/0/0/0/0 INPUT 4 0 180 v:122
1/08/2020 8:59:10 PM,252 Event OK
1/08/2020 8:59:11 PM,EVENT 50023 1596299088 0/0/0/0/0 INPUT 4 1 0 v:122
1/08/2020 8:59:11 PM,252 Event OK
1/08/2020 8:59:11 PM,EVENT 50024 1596299113 0/0/0/0/6 INPUT 3 1 0 v:122
1/08/2020 8:59:11 PM,252 Event OK
1/08/2020 8:59:11 PM,EVENT 50025 1596299121 0/0/0/0/11 INPUT 3 0 9 v:122
1/08/2020 8:59:11 PM,252 Event OK
1/08/2020 8:59:12 PM,EVENT 50026 1596299125 0/0/0/0/5 INPUT 4 0 37 v:122
1/08/2020 8:59:12 PM,252 Event OK
1/08/2020 8:59:12 PM,EVENT 50027 1596299125 0/0/0/0/5 INPUT 4 1 0 v:122
1/08/2020 8:59:12 PM,252 Event OK
1/08/2020 8:59:12 PM,EVENT 50028 1596299134 0/0/0/0/6 INPUT 3 1 0 v:122
1/08/2020 8:59:12 PM,252 Event OK
1/08/2020 8:59:13 PM,EVENT 50029 1596299181 0/0/0/0/15 ENGINEOVERSPEED 50009 14 3478 v:122
1/08/2020 8:59:13 PM,252 Event OK
1/08/2020 8:59:13 PM,EVENT 50030 1596299185 0/0/0/0/12 INPUT 3 0 52 v:122
1/08/2020 8:59:13 PM,252 Event OK
1/08/2020 8:59:14 PM,EVENT 50031 1596299186 0/0/0/0/8 INPUT 7 1 0 v:122
1/08/2020 8:59:14 PM,252 Event OK
1/08/2020 8:59:14 PM,EVENT 50032 1596299186 0/0/0/0/8 INPUT 8 0 305 v:122
1/08/2020 8:59:14 PM,252 Event OK
1/08/2020 8:59:14 PM,EVENT 50033 1596299186 0/0/0/0/6 INPUT 1 1 0 v:122
1/08/2020 8:59:14 PM,252 Event OK
1/08/2020 8:59:15 PM,EVENT 50034 1596299188 0/0/0/0/5 INPUT 4 0 63 v:121
1/08/2020 8:59:15 PM,252 Event OK
1/08/2020 8:59:15 PM,EVENT 50035 1596299190 0/0/0/0/0 TRIP 50009 122 172 7 5 301 v:121
1/08/2020 8:59:15 PM,252 Event OK
1/08/2020 8:59:15 PM,EVENT 50036 1596299190 0/0/0/0/0 TRIPSUMMARY 50009 v:121
1/08/2020 8:59:15 PM,252 Event OK
1/08/2020 8:59:16 PM,EVENT 50037 1596303593 0/0/0/0/0 SWSTART OpusFC 5.0.58.510 R v:121
1/08/2020 8:59:16 PM,252 Event OK
1/08/2020 8:59:17 PM,EVENT 50038 1596299190 0/0/0/0/0 POWERDOWN v:121
1/08/2020 8:59:17 PM,252 Event OK
1/08/2020 8:59:17 PM,EVENT 50039 1596303593 0/0/0/0/0 INPUT 1 1 0 v:121
1/08/2020 8:59:17 PM,252 Event OK
1/08/2020 8:59:18 PM,EVENT 50040 1596303593 0/0/0/0/0 INPUT 2 0 0 v:121
1/08/2020 8:59:18 PM,252 Event OK
1/08/2020 8:59:18 PM,EVENT 50041 1596303593 0/0/0/0/0 INPUT 3 0 0 v:121
1/08/2020 8:59:18 PM,252 Event OK
1/08/2020 8:59:18 PM,EVENT 50042 1596303593 0/0/0/0/0 INPUT 4 0 0 v:121
1/08/2020 8:59:18 PM,252 Event OK
1/08/2020 8:59:19 PM,EVENT 50043 1596303593 0/0/0/0/0 INPUT 7 0 0 v:121
1/08/2020 8:59:19 PM,252 Event OK
1/08/2020 8:59:20 PM,EVENT 50044 1596303593 0/0/0/0/0 INPUT 8 1 0 v:121
1/08/2020 8:59:20 PM,252 Event OK
1/08/2020 8:59:20 PM,EVENT 50045 1596303595 0/0/0/0/0 ZONE_OK 2 100 FW=NO VERSION v:121
1/08/2020 8:59:20 PM,252 Event OK
1/08/2020 8:59:20 PM,EVENT 50046 1596303598 0/0/0/0/0 SIGNON * 0 NOCARD 26 0 182011 v:121
1/08/2020 8:59:20 PM,252 Event OK
1/08/2020 8:59:21 PM,EVENT 50047 1596303607 0/0/0/99/0 SIGNON 2521 03cffbfc OK 26 180201 0 v:122
1/08/2020 8:59:21 PM,252 Event OK
1/08/2020 8:59:21 PM,EVENT 50048 1596303613 0/0/0/99/0 INPUT 4 1 0 v:122
1/08/2020 8:59:21 PM,252 Event OK
1/08/2020 8:59:22 PM,EVENT 50049 1596303613 0/0/0/99/0 INPUT 7 1 0 v:122
1/08/2020 8:59:22 PM,252 Event OK
1/08/2020 8:59:22 PM,EVENT 50050 1596303614 0/0/0/99/0 INPUT 7 0 1 v:122
1/08/2020 8:59:22 PM,252 Event OK
1/08/2020 8:59:22 PM,EVENT 50051 1596303616 0/0/0/99/2 INPUT 1 0 22 v:122
1/08/2020 8:59:22 PM,252 Event OK
1/08/2020 8:59:23 PM,EVENT 50052 1596303617 0/0/0/99/7 OILPRESSURE 50047 5 v:121
1/08/2020 8:59:23 PM,252 Event OK
1/08/2020 8:59:23 PM,EVENT 50053 1596303631 0/0/0/0/7 INPUT 3 1 0 v:122
1/08/2020 8:59:23 PM,252 Event OK
1/08/2020 8:59:24 PM,EVENT 50054 1596303672 0/0/0/0/28 ENGINEOVERSPEED 50047 14 3753 v:122
1/08/2020 8:59:24 PM,252 Event OK
1/08/2020 8:59:24 PM,EVENT 50055 1596303705 0/0/0/0/30 ENGINEOVERSPEED 50047 10 3665 v:122
1/08/2020 8:59:24 PM,252 Event OK
1/08/2020 8:59:24 PM,EVENT 50056 1596303714 0/0/0/0/9 INPUT 3 0 84 v:121
1/08/2020 8:59:24 PM,252 Event OK
1/08/2020 8:59:25 PM,EVENT 50057 1596303759 0/0/0/0/4 INPUT 3 1 0 v:122
1/08/2020 8:59:25 PM,252 Event OK
1/08/2020 8:59:25 PM,EVENT 50058 1596303836 0/0/0/0/16 INPUT 3 0 78 v:122
1/08/2020 8:59:25 PM,252 Event OK
1/08/2020 8:59:25 PM,EVENT 50059 1596303837 0/0/0/0/11 INPUT 7 1 0 v:122
1/08/2020 8:59:25 PM,252 Event OK
1/08/2020 8:59:25 PM,EVENT 50060 1596303837 0/0/0/0/11 INPUT 8 0 243 v:122
1/08/2020 8:59:25 PM,252 Event OK
1/08/2020 8:59:26 PM,EVENT 50061 1596303838 0/0/0/0/8 INPUT 1 1 0 v:122
1/08/2020 8:59:26 PM,252 Event OK
1/08/2020 8:59:26 PM,EVENT 50062 1596303839 0/0/0/0/6 REPORT 50047 0 0 v:122
1/08/2020 8:59:26 PM,252 Event OK
1/08/2020 8:59:26 PM,EVENT 50063 1596303839 0/0/0/0/6 INPUT 4 0 227 v:121
1/08/2020 8:59:26 PM,252 Event OK
1/08/2020 8:59:27 PM,EVENT 50064 1596303841 0/0/0/0/0 TRIP 50047 162 65 7 5 234 v:121
1/08/2020 8:59:27 PM,252 Event OK
1/08/2020 8:59:27 PM,EVENT 50065 1596303841 0/0/0/0/0 TRIPSUMMARY 50047 v:121
1/08/2020 8:59:27 PM,252 Event OK
1/08/2020 8:59:27 PM,EVENT 50066 1596304605 0/0/0/0/0 INPUT 8 1 0 v:121
1/08/2020 8:59:27 PM,252 Event OK
1/08/2020 8:59:28 PM,EVENT 50067 1596304606 0/0/0/0/0 INPUT 7 0 769 v:122
1/08/2020 8:59:28 PM,252 Event OK
1/08/2020 8:59:28 PM,EVENT 50068 1596304613 0/0/0/0/0 SIGNON 2521 03cffbfc OK 26 180201 0 v:122
1/08/2020 8:59:28 PM,252 Event OK
1/08/2020 8:59:29 PM,EVENT 50069 1596304626 0/0/0/0/0 INPUT 7 1 0 v:122
1/08/2020 8:59:29 PM,252 Event OK
1/08/2020 8:59:29 PM,EVENT 50070 1596304627 0/0/0/0/0 INPUT 4 1 0 v:122
1/08/2020 8:59:29 PM,252 Event OK
1/08/2020 8:59:30 PM,EVENT 50071 1596304627 0/0/0/0/0 INPUT 7 0 0 v:123
1/08/2020 8:59:30 PM,252 Event OK
1/08/2020 8:59:30 PM,EVENT 50072 1596304628 0/0/0/0/0 INPUT 1 0 790 v:122
1/08/2020 8:59:30 PM,252 Event OK
1/08/2020 8:59:31 PM,EVENT 50073 1596304629 0/0/0/0/0 OILPRESSURE 50068 11 v:122
1/08/2020 8:59:31 PM,252 Event OK
1/08/2020 8:59:32 PM,EVENT 50074 1596304649 0/0/0/99/5 INPUT 4 0 23 v:122
1/08/2020 8:59:32 PM,252 Event OK
1/08/2020 8:59:32 PM,EVENT 50075 1596304649 0/0/0/99/5 INPUT 4 1 0 v:122
1/08/2020 8:59:32 PM,252 Event OK
1/08/2020 8:59:33 PM,EVENT 50076 1596304669 0/0/0/99/3 INPUT 7 1 0 v:122
1/08/2020 8:59:33 PM,252 Event OK
1/08/2020 8:59:33 PM,EVENT 50077 1596304669 0/0/0/99/3 INPUT 8 0 65 v:122
1/08/2020 8:59:33 PM,252 Event OK
1/08/2020 8:59:33 PM,EVENT 50078 1596304670 0/0/0/99/3 INPUT 1 1 0 v:122
1/08/2020 8:59:33 PM,252 Event OK
1/08/2020 8:59:36 PM,EVENT 50079 1596304671 0/0/0/0/0 INPUT 4 0 22 v:121
1/08/2020 8:59:36 PM,252 Event OK
1/08/2020 8:59:36 PM,EVENT 50080 1596304674 0/0/0/0/0 TRIP 50068 0 45 16 13 61 v:121
1/08/2020 8:59:36 PM,252 Event OK
1/08/2020 8:59:37 PM,EVENT 50081 1596304674 0/0/0/0/0 TRIPSUMMARY 50068 v:121
1/08/2020 8:59:37 PM,252 Event OK
1/08/2020 8:59:42 PM,EVENT 50082 1596304912 0/0/0/0/0 INPUT 8 1 0 v:121
1/08/2020 8:59:42 PM,252 Event OK
1/08/2020 8:59:43 PM,EVENT 50083 1596304912 0/0/0/0/0 INPUT 7 0 243 v:122
1/08/2020 8:59:43 PM,252 Event OK
1/08/2020 8:59:43 PM,EVENT 50084 1596304920 0/0/0/0/0 SIGNON 2521 03cffbfc OK 26 180201 0 v:122
1/08/2020 8:59:43 PM,252 Event OK
1/08/2020 8:59:44 PM,EVENT 50085 1596304926 0/0/0/0/0 INPUT 7 1 0 v:122
1/08/2020 8:59:44 PM,252 Event OK
1/08/2020 8:59:44 PM,EVENT 50086 1596304926 0/0/0/0/0 INPUT 7 0 0 v:122
1/08/2020 8:59:44 PM,252 Event OK
1/08/2020 8:59:45 PM,EVENT 50087 1596304926 0/0/0/0/0 INPUT 4 1 0 v:122
1/08/2020 8:59:45 PM,252 Event OK
1/08/2020 8:59:46 PM,EVENT 50088 1596304928 0/0/0/0/0 INPUT 1 0 258 v:122
1/08/2020 8:59:46 PM,252 Event OK
1/08/2020 8:59:46 PM,EVENT 50089 1596304929 0/0/0/0/0 OILPRESSURE 50084 4 v:122
1/08/2020 8:59:46 PM,252 Event OK
1/08/2020 8:59:47 PM,EVENT 50090 1596304968 0/0/0/0/3 INPUT 4 0 43 v:122
1/08/2020 8:59:47 PM,252 Event OK
1/08/2020 8:59:47 PM,EVENT 50091 1596304968 0/0/0/0/3 INPUT 4 1 0 v:122
1/08/2020 8:59:47 PM,252 Event OK
1/08/2020 8:59:48 PM,EVENT 50092 1596305005 0/0/0/99/6 INPUT 3 1 0 v:122
1/08/2020 8:59:48 PM,252 Event OK
1/08/2020 8:59:49 PM,EVENT 50093 1596305008 0/0/0/99/10 INPUT 3 0 3 v:122
1/08/2020 8:59:49 PM,252 Event OK
1/08/2020 8:59:49 PM,EVENT 50094 1596305010 0/0/0/99/7 INPUT 3 1 0 v:122
1/08/2020 8:59:49 PM,252 Event OK
1/08/2020 8:59:50 PM,EVENT 50095 1596305023 0/0/0/0/9 INPUT 3 0 13 v:122
1/08/2020 8:59:50 PM,252 Event OK
1/08/2020 8:59:50 PM,EVENT 50096 1596305036 0/0/0/0/8 INPUT 3 1 0 v:122
1/08/2020 8:59:50 PM,252 Event OK
1/08/2020 8:59:51 PM,EVENT 50097 1596305037 0/0/0/0/9 INPUT 3 0 2 v:122
1/08/2020 8:59:51 PM,252 Event OK
1/08/2020 8:59:51 PM,EVENT 50098 1596305040 0/0/0/0/8 INPUT 3 1 0 v:122
1/08/2020 8:59:51 PM,252 Event OK
1/08/2020 8:59:52 PM,EVENT 50099 1596305041 0/0/0/0/9 INPUT 3 0 2 v:122
1/08/2020 8:59:52 PM,252 Event OK
1/08/2020 8:59:53 PM,EVENT 50100 1596305075 0/0/0/0/7 INPUT 3 1 0 v:122
1/08/2020 8:59:53 PM,252 Event OK
1/08/2020 8:59:53 PM,EVENT 50101 1596305077 0/0/0/0/9 INPUT 3 0 1 v:122
1/08/2020 8:59:53 PM,252 Event OK
1/08/2020 8:59:54 PM,EVENT 50102 1596305126 0/0/0/0/4 INPUT 4 0 158 v:122
1/08/2020 8:59:54 PM,252 Event OK
1/08/2020 8:59:54 PM,EVENT 50103 1596305126 0/0/0/0/4 INPUT 4 1 0 v:122
1/08/2020 8:59:54 PM,252 Event OK
1/08/2020 8:59:55 PM,EVENT 50104 1596305129 0/0/0/0/3 INPUT 7 1 0 v:122
1/08/2020 8:59:55 PM,252 Event OK
1/08/2020 8:59:55 PM,EVENT 50105 1596305129 0/0/0/0/3 INPUT 8 0 217 v:122
1/08/2020 8:59:55 PM,252 Event OK
1/08/2020 8:59:56 PM,EVENT 50106 1596305130 0/0/0/0/3 INPUT 1 1 0 v:122
1/08/2020 8:59:56 PM,252 Event OK
1/08/2020 8:59:57 PM,EVENT 50107 1596305131 0/0/0/0/3 INPUT 4 0 5 v:121
1/08/2020 8:59:57 PM,252 Event OK
1/08/2020 8:59:57 PM,EVENT 50108 1596305134 0/0/0/0/0 TRIP 50084 21 185 8 5 214 v:121
1/08/2020 8:59:57 PM,252 Event OK
1/08/2020 8:59:58 PM,EVENT 50109 1596305134 0/0/0/0/0 TRIPSUMMARY 50084 v:121
1/08/2020 8:59:58 PM,252 Event OK
1/08/2020 8:59:58 PM,EVENT 50110 1596305452 0/0/0/0/0 INPUT 8 1 0 v:121
1/08/2020 8:59:58 PM,252 Event OK
1/08/2020 8:59:59 PM,EVENT 50111 1596305453 0/0/0/0/0 INPUT 7 0 323 v:121
1/08/2020 8:59:59 PM,252 Event OK
1/08/2020 9:00:00 PM,EVENT 50112 1596305460 0/0/0/0/0 SIGNON 2521 03cffbfc OK 26 180201 0 v:121
1/08/2020 9:00:00 PM,252 Event OK
1/08/2020 9:00:00 PM,EVENT 50113 1596305466 0/0/0/0/0 INPUT 7 1 0 v:122
1/08/2020 9:00:00 PM,252 Event OK
1/08/2020 9:00:01 PM,EVENT 50114 1596305466 0/0/0/0/0 INPUT 4 1 0 v:122
1/08/2020 9:00:01 PM,252 Event OK
1/08/2020 9:00:02 PM,EVENT 50115 1596305466 0/0/0/0/0 INPUT 7 0 0 v:122
1/08/2020 9:00:02 PM,252 Event OK
1/08/2020 9:00:02 PM,EVENT 50116 1596305467 0/0/0/0/0 INPUT 1 0 337 v:122
1/08/2020 9:00:02 PM,252 Event OK
1/08/2020 9:00:03 PM,EVENT 50117 1596305468 0/0/0/0/3 OILPRESSURE 50112 3 v:122
1/08/2020 9:00:03 PM,252 Event OK
1/08/2020 9:00:04 PM,EVENT 50118 1596305492 0/0/0/0/6 INPUT 3 1 0 v:122
1/08/2020 9:00:04 PM,252 Event OK
1/08/2020 9:00:04 PM,EVENT 50119 1596305523 0/0/0/0/12 INPUT 3 0 32 v:122
1/08/2020 9:00:04 PM,252 Event OK
1/08/2020 9:00:05 PM,EVENT 50120 1596305524 0/0/0/0/9 INPUT 7 1 0 v:122
1/08/2020 9:00:05 PM,252 Event OK
1/08/2020 9:00:05 PM,EVENT 50121 1596305524 0/0/0/0/9 INPUT 8 0 72 v:122
1/08/2020 9:00:05 PM,252 Event OK
1/08/2020 9:00:06 PM,EVENT 50122 1596305525 0/0/0/0/8 INPUT 1 1 0 v:122
1/08/2020 9:00:06 PM,252 Event OK
1/08/2020 9:00:07 PM,EVENT 50123 1596305526 0/0/0/0/8 INPUT 4 0 61 v:121
1/08/2020 9:00:07 PM,252 Event OK
1/08/2020 9:00:07 PM,EVENT 50124 1596305529 0/0/0/0/0 TRIP 50112 32 29 8 5 69 v:121
1/08/2020 9:00:07 PM,252 Event OK
1/08/2020 9:00:08 PM,EVENT 50125 1596305529 0/0/0/0/0 TRIPSUMMARY 50112 v:121
1/08/2020 9:00:08 PM,252 Event OK
1/08/2020 9:00:08 PM,EVENT 50126 1596305665 0/0/0/0/0 INPUT 8 1 0 v:121
1/08/2020 9:00:08 PM,252 Event OK
1/08/2020 9:00:09 PM,EVENT 50127 1596305665 0/0/0/0/0 INPUT 7 0 141 v:121
1/08/2020 9:00:09 PM,252 Event OK
1/08/2020 9:00:10 PM,EVENT 50128 1596305672 0/0/0/0/0 SIGNON 2521 03cffbfc OK 26 180201 0 v:121
1/08/2020 9:00:10 PM,252 Event OK
1/08/2020 9:00:11 PM,EVENT 50129 1596305676 0/0/0/0/0 REPORT 50128 0 0 v:122
1/08/2020 9:00:11 PM,252 Event OK
1/08/2020 9:00:11 PM,EVENT 50130 1596305678 0/0/0/0/0 INPUT 7 1 0 v:122
1/08/2020 9:00:11 PM,252 Event OK
1/08/2020 9:00:12 PM,EVENT 50131 1596305678 0/0/0/0/0 INPUT 4 1 0 v:122
1/08/2020 9:00:12 PM,252 Event OK
1/08/2020 9:00:12 PM,EVENT 50132 1596305678 0/0/0/0/0 INPUT 7 0 1 v:122
1/08/2020 9:00:12 PM,252 Event OK
1/08/2020 9:00:13 PM,EVENT 50133 1596305679 0/0/0/0/0 INPUT 1 0 154 v:122
1/08/2020 9:00:13 PM,252 Event OK
1/08/2020 9:00:14 PM,EVENT 50134 1596305680 0/0/0/0/0 OILPRESSURE 50128 3 v:122
1/08/2020 9:00:14 PM,252 Event OK
1/08/2020 9:00:14 PM,EVENT 50135 1596305691 0/0/0/99/4 INPUT 3 1 0 v:122
1/08/2020 9:00:14 PM,252 Event OK
1/08/2020 9:00:15 PM,EVENT 50136 1596305720 0/0/0/0/12 INPUT 3 0 28 v:122
1/08/2020 9:00:15 PM,252 Event OK
1/08/2020 9:00:15 PM,EVENT 50137 1596305721 0/0/0/0/9 INPUT 7 1 0 v:122
1/08/2020 9:00:15 PM,252 Event OK
1/08/2020 9:00:16 PM,EVENT 50138 1596305721 0/0/0/0/9 INPUT 8 0 56 v:122
1/08/2020 9:00:16 PM,252 Event OK
1/08/2020 9:00:16 PM,EVENT 50139 1596305721 0/0/0/0/7 INPUT 1 1 0 v:122
1/08/2020 9:00:16 PM,252 Event OK
1/08/2020 9:00:17 PM,EVENT 50140 1596305722 0/0/0/0/6 INPUT 4 0 44 v:122
1/08/2020 9:00:17 PM,252 Event OK
1/08/2020 9:00:18 PM,EVENT 50141 1596305725 0/0/0/0/0 TRIP 50128 28 16 10 7 54 v:121
1/08/2020 9:00:18 PM,252 Event OK
1/08/2020 9:00:18 PM,EVENT 50142 1596305725 0/0/0/0/0 TRIPSUMMARY 50128 v:122
1/08/2020 9:00:18 PM,252 Event OK
1/08/2020 9:00:19 PM,EVENT 50143 1596305893 0/0/0/0/0 INPUT 8 1 0 v:122
1/08/2020 9:00:19 PM,252 Event OK
1/08/2020 9:00:19 PM,EVENT 50144 1596305893 0/0/0/0/0 INPUT 7 0 172 v:122
1/08/2020 9:00:19 PM,252 Event OK
1/08/2020 9:00:20 PM,EVENT 50145 1596305900 0/0/0/0/0 SIGNON 2521 03cffbfc OK 26 180201 0 v:122
1/08/2020 9:00:20 PM,252 Event OK
1/08/2020 9:00:21 PM,EVENT 50146 1596305905 0/0/0/0/0 INPUT 7 1 0 v:122
1/08/2020 9:00:21 PM,252 Event OK
1/08/2020 9:00:21 PM,EVENT 50147 1596305905 0/0/0/0/0 INPUT 7 0 0 v:122
1/08/2020 9:00:21 PM,252 Event OK
1/08/2020 9:00:22 PM,EVENT 50148 1596305906 0/0/0/0/0 INPUT 1 0 185 v:122
1/08/2020 9:00:22 PM,252 Event OK
1/08/2020 9:00:22 PM,EVENT 50149 1596305906 0/0/0/0/0 INPUT 4 1 0 v:122
1/08/2020 9:00:22 PM,252 Event OK
1/08/2020 9:00:23 PM,EVENT 50150 1596305907 0/0/0/0/3 OILPRESSURE 50145 2 v:122
1/08/2020 9:00:23 PM,252 Event OK
1/08/2020 9:00:24 PM,EVENT 50151 1596305928 0/0/0/0/5 INPUT 3 1 0 v:122
1/08/2020 9:00:24 PM,252 Event OK
1/08/2020 9:00:24 PM,EVENT 50152 1596305954 0/0/0/0/22 IMPACT 50145 8 0 0 0 8 0 - v:122
1/08/2020 9:00:24 PM,252 Event OK
1/08/2020 9:00:25 PM,EVENT 50153 1596305980 0/0/0/0/17 ENGINEOVERSPEED 50145 12 3559 v:122
1/08/2020 9:00:25 PM,252 Event OK
1/08/2020 9:00:26 PM,EVENT 50154 1596305982 0/0/0/0/14 INPUT 3 0 54 v:122
1/08/2020 9:00:26 PM,252 Event OK
1/08/2020 9:00:26 PM,EVENT 50155 1596306063 0/0/0/0/5 INPUT 3 1 0 v:122
1/08/2020 9:00:26 PM,252 Event OK
1/08/2020 9:00:27 PM,EVENT 50156 1596306102 0/0/0/0/26 ENGINEOVERSPEED 50145 19 3539 v:122
1/08/2020 9:00:27 PM,252 Event OK
1/08/2020 9:00:27 PM,EVENT 50157 1596306605 0/0/0/0/12 INPUT 3 0 543 v:122
1/08/2020 9:00:27 PM,252 Event OK
1/08/2020 9:00:28 PM,EVENT 50158 1596306729 0/0/0/99/6 INPUT 3 1 0 v:122
1/08/2020 9:00:28 PM,252 Event OK
1/08/2020 9:00:29 PM,EVENT 50159 1596306741 0/0/0/0/16 INPUT 3 0 12 v:122
1/08/2020 9:00:29 PM,252 Event OK
1/08/2020 9:00:29 PM,EVENT 50160 1596306756 0/0/0/0/3 INPUT 7 1 0 v:122
1/08/2020 9:00:29 PM,252 Event OK
1/08/2020 9:00:30 PM,EVENT 50161 1596306756 0/0/0/0/3 INPUT 8 0 864 v:121
1/08/2020 9:00:30 PM,252 Event OK
1/08/2020 9:00:30 PM,EVENT 50162 1596306757 0/0/0/0/3 INPUT 1 1 0 v:121
1/08/2020 9:00:30 PM,252 Event OK
1/08/2020 9:00:31 PM,EVENT 50163 1596306758 0/0/0/0/3 INPUT 4 0 853 v:121
1/08/2020 9:00:31 PM,252 Event OK
1/08/2020 9:00:31 PM,EVENT 50164 1596306761 0/0/0/0/0 TRIP 50145 609 244 9 6 862 v:121
1/08/2020 9:00:31 PM,252 Event OK
1/08/2020 9:00:32 PM,EVENT 50165 1596306761 0/0/0/0/0 TRIPSUMMARY 50145 v:121
1/08/2020 9:00:32 PM,252 Event OK
1/08/2020 9:00:33 PM,EVENT 50166 1596307169 0/0/0/0/0 INPUT 8 1 0 v:121
1/08/2020 9:00:33 PM,252 Event OK
1/08/2020 9:00:33 PM,EVENT 50167 1596307169 0/0/0/0/0 INPUT 7 0 413 v:121
1/08/2020 9:00:33 PM,252 Event OK
1/08/2020 9:00:34 PM,EVENT 50168 1596307177 0/0/0/0/0 SIGNON 2521 03cffbfc OK 26 180201 0 v:122
1/08/2020 9:00:34 PM,252 Event OK
1/08/2020 9:00:35 PM,EVENT 50169 1596307182 0/0/0/0/0 INPUT 7 1 0 v:122
1/08/2020 9:00:35 PM,252 Event OK
1/08/2020 9:00:35 PM,EVENT 50170 1596307183 0/0/0/0/0 INPUT 7 0 1 v:122
1/08/2020 9:00:35 PM,252 Event OK
1/08/2020 9:00:36 PM,EVENT 50171 1596307183 0/0/0/0/0 INPUT 4 1 0 v:122
1/08/2020 9:00:36 PM,252 Event OK
1/08/2020 9:00:36 PM,EVENT 50172 1596307183 0/0/0/0/0 INPUT 1 0 426 v:122
1/08/2020 9:00:36 PM,252 Event OK
1/08/2020 9:00:37 PM,EVENT 50173 1596307184 0/0/0/0/0 OILPRESSURE 50168 2 v:122
1/08/2020 9:00:37 PM,252 Event OK
1/08/2020 9:00:38 PM,EVENT 50174 1596307187 0/0/0/0/7 INPUT 3 1 0 v:122
1/08/2020 9:00:38 PM,252 Event OK
1/08/2020 9:00:38 PM,EVENT 50175 1596307211 0/0/0/0/15 INPUT 3 0 24 v:122
1/08/2020 9:00:38 PM,252 Event OK
1/08/2020 9:00:39 PM,EVENT 50176 1596307506 0/0/0/0/4 REPORT 50168 0 0 v:121
1/08/2020 9:00:39 PM,252 Event OK
1/08/2020 9:00:39 PM,EVENT 50177 1596307556 0/0/0/0/0 INPUT 4 0 374 v:121
1/08/2020 9:00:39 PM,252 Event OK
1/08/2020 9:00:40 PM,EVENT 50178 1596307556 0/0/0/0/0 INPUT 4 1 0 v:121
1/08/2020 9:00:40 PM,252 Event OK
1/08/2020 9:00:41 PM,EVENT 50179 1596307559 0/0/0/0/6 INPUT 3 1 0 v:121
1/08/2020 9:00:41 PM,252 Event OK
1/08/2020 9:00:41 PM,EVENT 50180 1596307579 0/0/0/0/11 INPUT 3 0 20 v:122
1/08/2020 9:00:41 PM,252 Event OK
1/08/2020 9:00:42 PM,EVENT 50181 1596307580 0/0/0/0/6 INPUT 3 1 0 v:122
1/08/2020 9:00:42 PM,252 Event OK
1/08/2020 9:00:43 PM,EVENT 50182 1596307627 0/0/0/0/11 INPUT 3 0 46 v:121
1/08/2020 9:00:43 PM,252 Event OK
1/08/2020 9:00:43 PM,EVENT 50183 1596308105 0/0/0/0/3 INPUT 4 0 549 v:121
1/08/2020 9:00:43 PM,252 Event OK
1/08/2020 9:00:44 PM,EVENT 50184 1596308105 0/0/0/0/3 INPUT 4 1 0 v:121
1/08/2020 9:00:44 PM,252 Event OK
1/08/2020 9:00:44 PM,EVENT 50185 1596308121 0/0/0/0/5 INPUT 3 1 0 v:121
1/08/2020 9:00:44 PM,252 Event OK
1/08/2020 9:00:45 PM,EVENT 50186 1596308127 0/0/0/0/9 INPUT 3 0 7 v:121
1/08/2020 9:00:45 PM,252 Event OK
1/08/2020 9:00:46 PM,EVENT 50187 1596308128 0/0/0/0/9 INPUT 7 1 0 v:121
1/08/2020 9:00:46 PM,252 Event OK
1/08/2020 9:00:46 PM,EVENT 50188 1596308128 0/0/0/0/9 INPUT 8 0 959 v:121
1/08/2020 9:00:46 PM,252 Event OK
1/08/2020 9:00:47 PM,EVENT 50189 1596308128 0/0/0/0/9 INPUT 1 1 0 v:121
1/08/2020 9:00:47 PM,252 Event OK
1/08/2020 9:00:47 PM,EVENT 50190 1596308129 0/0/0/0/9 INPUT 4 0 24 v:121
1/08/2020 9:00:47 PM,252 Event OK
1/08/2020 9:00:48 PM,EVENT 50191 1596308132 0/0/0/0/0 TRIP 50168 97 850 9 6 956 v:121
1/08/2020 9:00:48 PM,252 Event OK
1/08/2020 9:00:49 PM,EVENT 50192 1596308132 0/0/0/0/0 TRIPSUMMARY 50168 v:121
1/08/2020 9:00:49 PM,252 Event OK
1/08/2020 9:00:50 PM,EVENT 50193 1596308236 0/0/0/0/0 INPUT 8 1 0 v:121
1/08/2020 9:00:50 PM,252 Event OK
1/08/2020 9:00:50 PM,EVENT 50194 1596308237 0/0/0/0/0 INPUT 7 0 109 v:121
1/08/2020 9:00:50 PM,252 Event OK
1/08/2020 9:00:51 PM,EVENT 50195 1596308244 0/0/0/0/0 SIGNON 2521 03cffbfc OK 26 180201 0 v:121
1/08/2020 9:00:51 PM,252 Event OK
1/08/2020 9:00:51 PM,EVENT 50196 1596308251 0/0/0/0/0 INPUT 4 1 0 v:122
1/08/2020 9:00:51 PM,252 Event OK
1/08/2020 9:00:52 PM,EVENT 50197 1596308252 0/0/0/0/0 INPUT 1 0 124 v:122
1/08/2020 9:00:52 PM,252 Event OK
1/08/2020 9:00:53 PM,EVENT 50198 1596308253 0/0/0/0/0 OILPRESSURE 50195 4 v:122
1/08/2020 9:00:53 PM,252 Event OK
1/08/2020 9:00:53 PM,EVENT 50199 1596308256 0/0/0/0/5 INPUT 3 1 0 v:122
1/08/2020 9:00:53 PM,252 Event OK
1/08/2020 9:00:54 PM,EVENT 50200 1596308260 0/0/0/0/11 INPUT 3 0 4 v:121
1/08/2020 9:00:54 PM,252 Event OK
1/08/2020 9:00:55 PM,EVENT 50201 1596308261 0/0/0/0/7 INPUT 3 1 0 v:121
1/08/2020 9:00:55 PM,252 Event OK
1/08/2020 9:00:55 PM,EVENT 50202 1596308276 0/0/0/0/12 INPUT 3 0 15 v:121
1/08/2020 9:00:55 PM,252 Event OK
1/08/2020 9:00:56 PM,EVENT 50203 1596308282 0/0/0/0/7 INPUT 3 1 0 v:121
1/08/2020 9:00:56 PM,252 Event OK
1/08/2020 9:00:57 PM,EVENT 50204 1596308335 0/0/0/0/21 ENGINEOVERSPEED 50195 15 3864 v:121
1/08/2020 9:00:57 PM,252 Event OK
1/08/2020 9:00:58 PM,EVENT 50205 1596308948 0/0/0/0/17 INPUT 3 0 666 v:121
1/08/2020 9:00:58 PM,252 Event OK
1/08/2020 9:00:58 PM,EVENT 50206 1596308954 0/0/0/0/4 INPUT 3 1 0 v:121
1/08/2020 9:00:58 PM,252 Event OK
1/08/2020 9:00:59 PM,EVENT 50207 1596308956 0/0/0/0/10 INPUT 3 0 1 v:121
1/08/2020 9:00:59 PM,252 Event OK
1/08/2020 9:00:59 PM,EVENT 50208 1596308959 0/0/0/0/5 INPUT 7 1 0 v:121
1/08/2020 9:00:59 PM,252 Event OK
1/08/2020 9:01:00 PM,EVENT 50209 1596308959 0/0/0/0/5 INPUT 8 0 723 v:121
1/08/2020 9:01:00 PM,252 Event OK
1/08/2020 9:01:01 PM,EVENT 50210 1596308960 0/0/0/0/5 INPUT 1 1 0 v:121
1/08/2020 9:01:01 PM,252 Event OK
1/08/2020 9:01:01 PM,EVENT 50211 1596308961 0/0/0/0/5 INPUT 4 0 711 v:121
1/08/2020 9:01:01 PM,252 Event OK
1/08/2020 9:01:02 PM,EVENT 50212 1596308964 0/0/0/0/0 TRIP 50195 686 25 9 6 720 v:121
1/08/2020 9:01:02 PM,252 Event OK
1/08/2020 9:01:03 PM,EVENT 50213 1596308964 0/0/0/0/0 TRIPSUMMARY 50195 v:121
1/08/2020 9:01:03 PM,252 Event OK
1/08/2020 9:01:03 PM,EVENT 50214 1596309899 0/0/0/0/0 INPUT 8 1 0 v:121
1/08/2020 9:01:03 PM,252 Event OK
1/08/2020 9:01:04 PM,EVENT 50215 1596309899 0/0/0/0/0 INPUT 7 0 939 v:121
1/08/2020 9:01:04 PM,252 Event OK
1/08/2020 9:01:04 PM,EVENT 50216 1596309906 0/0/0/0/0 SIGNON 2521 03cffbfc OK 26 180201 0 v:122
1/08/2020 9:01:04 PM,252 Event OK
1/08/2020 9:01:05 PM,EVENT 50217 1596309911 0/0/0/0/0 INPUT 7 1 0 v:122
1/08/2020 9:01:05 PM,252 Event OK
1/08/2020 9:01:05 PM,EVENT 50218 1596309912 0/0/0/0/0 INPUT 4 1 0 v:122
1/08/2020 9:01:05 PM,252 Event OK
1/08/2020 9:01:06 PM,EVENT 50219 1596309912 0/0/0/0/0 INPUT 7 0 0 v:122
1/08/2020 9:01:06 PM,252 Event OK
1/08/2020 9:01:07 PM,EVENT 50220 1596309913 0/0/0/0/0 INPUT 1 0 953 v:122
1/08/2020 9:01:07 PM,252 Event OK
1/08/2020 9:01:07 PM,EVENT 50221 1596309914 0/0/0/0/3 OILPRESSURE 50216 3 v:121
1/08/2020 9:01:07 PM,252 Event OK
1/08/2020 9:01:08 PM,EVENT 50222 1596309939 0/0/0/0/6 INPUT 3 1 0 v:122
1/08/2020 9:01:08 PM,252 Event OK
1/08/2020 9:01:08 PM,EVENT 50223 1596309946 0/0/0/0/17 REPORT 50216 0 0 v:122
1/08/2020 9:01:08 PM,252 Event OK
1/08/2020 9:01:09 PM,EVENT 50224 1596310437 0/0/0/0/11 INPUT 3 0 499 v:121
1/08/2020 9:01:09 PM,252 Event OK
1/08/2020 9:01:10 PM,EVENT 50225 1596310473 0/0/0/0/8 INPUT 3 1 0 v:122
1/08/2020 9:01:10 PM,252 Event OK
1/08/2020 9:01:10 PM,EVENT 50226 1596310544 0/0/0/0/9 INPUT 3 0 70 v:121
1/08/2020 9:01:10 PM,252 Event OK
1/08/2020 9:01:11 PM,EVENT 50227 1596310548 0/0/0/0/5 INPUT 4 0 637 v:121
1/08/2020 9:01:11 PM,252 Event OK
1/08/2020 9:01:11 PM,EVENT 50228 1596310549 0/0/0/0/5 INPUT 4 1 0 v:121
1/08/2020 9:01:11 PM,252 Event OK
1/08/2020 9:01:12 PM,EVENT 50229 1596310550 0/0/0/0/5 INPUT 7 1 0 v:121
1/08/2020 9:01:12 PM,252 Event OK
1/08/2020 9:01:13 PM,EVENT 50230 1596310550 0/0/0/0/5 INPUT 8 0 651 v:121
1/08/2020 9:01:13 PM,252 Event OK
1/08/2020 9:01:13 PM,EVENT 50231 1596310550 0/0/0/0/5 INPUT 1 1 0 v:121
1/08/2020 9:01:13 PM,252 Event OK
1/08/2020 9:01:14 PM,EVENT 50232 1596310551 0/0/0/0/5 INPUT 4 0 3 v:121
1/08/2020 9:01:14 PM,252 Event OK
1/08/2020 9:01:15 PM,EVENT 50233 1596310554 0/0/0/0/0 TRIP 50216 569 71 9 6 649 v:121
1/08/2020 9:01:15 PM,252 Event OK
1/08/2020 9:01:15 PM,EVENT 50234 1596310554 0/0/0/0/0 TRIPSUMMARY 50216 v:121
1/08/2020 9:01:15 PM,252 Event OK
1/08/2020 9:01:16 PM,EVENT 50235 1596311057 0/0/0/0/0 INPUT 8 1 0 v:121
1/08/2020 9:01:16 PM,252 Event OK
1/08/2020 9:01:16 PM,EVENT 50236 1596311058 0/0/0/0/0 INPUT 7 0 508 v:121
1/08/2020 9:01:16 PM,252 Event OK
1/08/2020 9:01:17 PM,EVENT 50237 1596311067 0/0/0/0/0 SIGNON 2521 03cffbfc OK 26 180201 0 v:121
1/08/2020 9:01:17 PM,252 Event OK
1/08/2020 9:01:18 PM,EVENT 50238 1596311073 0/0/0/0/0 INPUT 7 1 0 v:122
1/08/2020 9:01:18 PM,252 Event OK
1/08/2020 9:01:18 PM,EVENT 50239 1596311073 0/0/0/0/0 INPUT 7 0 0 v:122
1/08/2020 9:01:18 PM,252 Event OK
1/08/2020 9:01:19 PM,EVENT 50240 1596311073 0/0/0/0/0 INPUT 4 1 0 v:122
1/08/2020 9:01:19 PM,252 Event OK
1/08/2020 9:01:19 PM,EVENT 50241 1596311074 0/0/0/0/0 INPUT 1 0 523 v:122
1/08/2020 9:01:19 PM,252 Event OK
1/08/2020 9:01:20 PM,EVENT 50242 1596311075 0/0/0/0/0 OILPRESSURE 50237 3 v:122
1/08/2020 9:01:20 PM,252 Event OK
1/08/2020 9:01:21 PM,EVENT 50243 1596311081 0/0/0/0/3 INPUT 4 0 8 v:121
1/08/2020 9:01:21 PM,252 Event OK
1/08/2020 9:01:21 PM,EVENT 50244 1596311081 0/0/0/0/3 INPUT 4 1 0 v:121
1/08/2020 9:01:21 PM,252 Event OK
1/08/2020 9:01:22 PM,EVENT 50245 1596311155 0/0/0/0/0 INPUT 4 0 74 v:121
1/08/2020 9:01:22 PM,252 Event OK
1/08/2020 9:01:22 PM,EVENT 50246 1596311155 0/0/0/0/0 INPUT 4 1 0 v:121
1/08/2020 9:01:22 PM,252 Event OK
1/08/2020 9:01:23 PM,EVENT 50247 1596311172 0/0/0/0/0 INPUT 4 0 17 v:122
1/08/2020 9:01:23 PM,252 Event OK
1/08/2020 9:01:23 PM,EVENT 50248 1596311173 0/0/0/0/3 INPUT 4 1 0 v:122
1/08/2020 9:01:23 PM,252 Event OK
1/08/2020 9:01:24 PM,EVENT 50249 1596311487 0/0/0/0/8 INPUT 3 1 0 v:121
1/08/2020 9:01:24 PM,252 Event OK
1/08/2020 9:01:25 PM,EVENT 50250 1596311500 0/0/0/0/10 INPUT 3 0 13 v:122
1/08/2020 9:01:25 PM,252 Event OK
1/08/2020 9:01:25 PM,EVENT 50251 1596311502 0/0/0/0/5 INPUT 7 1 0 v:121
1/08/2020 9:01:25 PM,252 Event OK
1/08/2020 9:01:26 PM,EVENT 50252 1596311502 0/0/0/0/5 INPUT 8 0 445 v:121
1/08/2020 9:01:26 PM,252 Event OK
1/08/2020 9:01:26 PM,EVENT 50253 1596311503 0/0/0/0/4 INPUT 1 1 0 v:121
1/08/2020 9:01:26 PM,252 Event OK
1/08/2020 9:01:27 PM,EVENT 50254 1596311504 0/0/0/0/3 INPUT 4 0 332 v:121
1/08/2020 9:01:27 PM,252 Event OK
1/08/2020 9:01:27 PM,EVENT 50255 1596311507 0/0/0/0/0 TRIP 50237 13 418 9 6 440 v:121
1/08/2020 9:01:27 PM,252 Event OK
1/08/2020 9:01:28 PM,EVENT 50256 1596311507 0/0/0/0/0 TRIPSUMMARY 50237 v:121
1/08/2020 9:01:28 PM,252 Event OK
1/08/2020 9:01:29 PM,EVENT 50257 1596313236 0/0/0/0/0 INPUT 8 1 0 v:121
1/08/2020 9:01:29 PM,252 Event OK
1/08/2020 9:01:29 PM,EVENT 50258 1596313237 0/0/0/0/0 INPUT 7 0 1734 v:121
1/08/2020 9:01:29 PM,252 Event OK
1/08/2020 9:01:30 PM,EVENT 50259 1596313244 0/0/0/0/0 SIGNON 2521 03cffbfc OK 26 180201 0 v:122
1/08/2020 9:01:30 PM,252 Event OK
1/08/2020 9:01:31 PM,EVENT 50260 1596313249 0/0/0/0/0 INPUT 7 1 0 v:122
1/08/2020 9:01:31 PM,252 Event OK
1/08/2020 9:01:31 PM,EVENT 50261 1596313249 0/0/0/0/0 INPUT 4 1 0 v:122
1/08/2020 9:01:31 PM,252 Event OK
1/08/2020 9:01:32 PM,EVENT 50262 1596313252 0/0/0/0/0 INPUT 1 0 1750 v:122
1/08/2020 9:01:32 PM,252 Event OK
1/08/2020 9:01:32 PM,EVENT 50263 1596313252 0/0/0/0/0 INPUT 7 0 4 v:122
1/08/2020 9:01:32 PM,252 Event OK
1/08/2020 9:01:33 PM,EVENT 50264 1596313254 0/0/0/0/0 OILPRESSURE 50259 5 v:122
1/08/2020 9:01:33 PM,252 Event OK
1/08/2020 9:01:34 PM,EVENT 50265 1596313254 0/0/0/0/0 LOWCOOLANT 50259 4 v:122
1/08/2020 9:01:34 PM,252 Event OK
1/08/2020 9:01:34 PM,EVENT 50266 1596313296 0/0/0/0/8 INPUT 3 1 0 v:122
1/08/2020 9:01:34 PM,252 Event OK
1/08/2020 9:01:35 PM,EVENT 50267 1596313301 0/0/0/0/9 INPUT 3 0 5 v:122
1/08/2020 9:01:35 PM,252 Event OK
1/08/2020 9:01:35 PM,EVENT 50268 1596313301 0/0/0/0/9 REPORT 50259 0 0 v:122
1/08/2020 9:01:35 PM,252 Event OK
1/08/2020 9:01:36 PM,EVENT 50269 1596313301 0/0/0/0/8 INPUT 3 1 0 v:122
1/08/2020 9:01:36 PM,252 Event OK
1/08/2020 9:01:37 PM,EVENT 50270 1596313306 0/0/0/0/9 INPUT 3 0 4 v:122
1/08/2020 9:01:37 PM,252 Event OK
1/08/2020 9:01:37 PM,EVENT 50271 1596313308 0/0/0/0/8 INPUT 3 1 0 v:122
1/08/2020 9:01:37 PM,252 Event OK
1/08/2020 9:01:38 PM,EVENT 50272 1596313312 0/0/0/0/9 INPUT 3 0 5 v:122
1/08/2020 9:01:38 PM,252 Event OK
1/08/2020 9:01:38 PM,EVENT 50273 1596313320 0/0/0/0/8 INPUT 3 1 0 v:122
1/08/2020 9:01:38 PM,252 Event OK
1/08/2020 9:01:39 PM,EVENT 50274 1596313325 0/0/0/0/9 INPUT 3 0 6 v:122
1/08/2020 9:01:39 PM,252 Event OK
1/08/2020 9:01:39 PM,EVENT 50275 1596313336 0/0/0/0/8 INPUT 3 1 0 v:122
1/08/2020 9:01:39 PM,252 Event OK
1/08/2020 9:01:40 PM,EVENT 50276 1596313346 0/0/0/0/9 INPUT 3 0 10 v:122
1/08/2020 9:01:40 PM,252 Event OK
1/08/2020 9:01:41 PM,EVENT 50277 1596313351 0/0/0/0/8 INPUT 3 1 0 v:122
1/08/2020 9:01:41 PM,252 Event OK
1/08/2020 9:01:41 PM,EVENT 50278 1596313353 0/0/0/0/9 INPUT 3 0 1 v:122
1/08/2020 9:01:41 PM,252 Event OK
1/08/2020 9:01:42 PM,EVENT 50279 1596313361 0/0/0/0/8 INPUT 3 1 0 v:122
1/08/2020 9:01:42 PM,252 Event OK
1/08/2020 9:01:42 PM,EVENT 50280 1596313365 0/0/0/0/9 INPUT 3 0 4 v:122
1/08/2020 9:01:42 PM,252 Event OK
1/08/2020 9:01:43 PM,EVENT 50281 1596313366 0/0/0/0/8 INPUT 3 1 0 v:122
1/08/2020 9:01:43 PM,252 Event OK
1/08/2020 9:01:43 PM,EVENT 50282 1596313366 0/0/0/0/8 INPUT 3 0 1 v:122
1/08/2020 9:01:43 PM,252 Event OK
1/08/2020 9:01:44 PM,EVENT 50283 1596313372 0/0/0/0/8 INPUT 3 1 0 v:122
1/08/2020 9:01:44 PM,252 Event OK
1/08/2020 9:01:45 PM,EVENT 50284 1596313374 0/0/0/0/9 INPUT 3 0 1 v:122
1/08/2020 9:01:45 PM,252 Event OK
1/08/2020 9:01:45 PM,EVENT 50285 1596313392 0/0/0/0/8 INPUT 3 1 0 v:122
1/08/2020 9:01:45 PM,252 Event OK
1/08/2020 9:01:46 PM,EVENT 50286 1596313393 0/0/0/0/8 INPUT 3 0 1 v:122
1/08/2020 9:01:46 PM,252 Event OK
1/08/2020 9:01:47 PM,EVENT 50287 1596313396 0/0/0/0/8 INPUT 3 1 0 v:122
1/08/2020 9:01:47 PM,252 Event OK
1/08/2020 9:01:47 PM,EVENT 50288 1596313402 0/0/0/0/9 INPUT 3 0 6 v:122
1/08/2020 9:01:47 PM,252 Event OK
1/08/2020 9:01:48 PM,EVENT 50289 1596313407 0/0/0/0/8 INPUT 3 1 0 v:122
1/08/2020 9:01:48 PM,252 Event OK
1/08/2020 9:01:48 PM,EVENT 50290 1596313416 0/0/0/0/9 INPUT 3 0 9 v:122
1/08/2020 9:01:48 PM,252 Event OK
1/08/2020 9:01:49 PM,EVENT 50291 1596313420 0/0/0/0/8 INPUT 3 1 0 v:122
1/08/2020 9:01:49 PM,252 Event OK
1/08/2020 9:01:49 PM,EVENT 50292 1596313424 0/0/0/0/11 INPUT 3 0 4 v:122
1/08/2020 9:01:49 PM,252 Event OK
1/08/2020 9:01:50 PM,EVENT 50293 1596313666 0/0/0/0/8 INPUT 3 1 0 v:122
1/08/2020 9:01:50 PM,252 Event OK
1/08/2020 9:01:50 PM,EVENT 50294 1596313667 0/0/0/0/9 INPUT 3 0 2 v:122
1/08/2020 9:01:50 PM,252 Event OK
1/08/2020 9:01:51 PM,EVENT 50295 1596313669 0/0/0/0/8 INPUT 3 1 0 v:122
1/08/2020 9:01:51 PM,252 Event OK
1/08/2020 9:01:52 PM,EVENT 50296 1596313671 0/0/0/0/9 INPUT 3 0 2 v:122
1/08/2020 9:01:52 PM,252 Event OK
1/08/2020 9:01:52 PM,EVENT 50297 1596313673 0/0/0/0/8 INPUT 3 1 0 v:122
1/08/2020 9:01:52 PM,252 Event OK
1/08/2020 9:01:53 PM,EVENT 50298 1596313682 0/0/0/0/9 INPUT 3 0 10 v:122
1/08/2020 9:01:53 PM,252 Event OK
1/08/2020 9:01:53 PM,EVENT 50299 1596313683 0/0/0/0/8 INPUT 3 1 0 v:122
1/08/2020 9:01:53 PM,252 Event OK
1/08/2020 9:01:54 PM,EVENT 50300 1596313685 0/0/0/0/9 INPUT 3 0 2 v:122
1/08/2020 9:01:54 PM,252 Event OK
1/08/2020 9:01:55 PM,EVENT 50301 1596313686 0/0/0/0/8 INPUT 3 1 0 v:122
1/08/2020 9:01:55 PM,252 Event OK
1/08/2020 9:01:55 PM,EVENT 50302 1596313689 0/0/0/0/9 INPUT 3 0 2 v:122
1/08/2020 9:01:55 PM,252 Event OK
1/08/2020 9:01:56 PM,EVENT 50303 1596313690 0/0/0/0/8 INPUT 3 1 0 v:122
1/08/2020 9:01:56 PM,252 Event OK
1/08/2020 9:01:56 PM,EVENT 50304 1596313692 0/0/0/0/9 INPUT 3 0 2 v:122
1/08/2020 9:01:56 PM,252 Event OK
1/08/2020 9:01:57 PM,EVENT 50305 1596313693 0/0/0/0/8 INPUT 3 1 0 v:122
1/08/2020 9:01:57 PM,252 Event OK
1/08/2020 9:01:57 PM,EVENT 50306 1596313698 0/0/0/0/9 INPUT 3 0 5 v:122
1/08/2020 9:01:57 PM,252 Event OK
1/08/2020 9:01:58 PM,EVENT 50307 1596313699 0/0/0/0/8 INPUT 3 1 0 v:122
1/08/2020 9:01:58 PM,252 Event OK
1/08/2020 9:01:59 PM,EVENT 50308 1596313704 0/0/0/0/9 INPUT 3 0 4 v:122
1/08/2020 9:01:59 PM,252 Event OK
1/08/2020 9:01:59 PM,EVENT 50309 1596313712 0/0/0/0/8 INPUT 3 1 0 v:122
1/08/2020 9:01:59 PM,252 Event OK
1/08/2020 9:02:00 PM,EVENT 50310 1596313713 0/0/0/0/9 INPUT 3 0 1 v:122
1/08/2020 9:02:00 PM,252 Event OK
1/08/2020 9:02:00 PM,EVENT 50311 1596313716 0/0/0/0/8 INPUT 3 1 0 v:122
1/08/2020 9:02:00 PM,252 Event OK
1/08/2020 9:02:01 PM,EVENT 50312 1596313719 0/0/0/0/9 INPUT 3 0 3 v:122
1/08/2020 9:02:01 PM,252 Event OK
1/08/2020 9:02:01 PM,EVENT 50313 1596313721 0/0/0/0/8 INPUT 3 1 0 v:122
1/08/2020 9:02:01 PM,252 Event OK
1/08/2020 9:02:02 PM,EVENT 50314 1596313722 0/0/0/0/8 INPUT 3 0 0 v:122
1/08/2020 9:02:02 PM,252 Event OK
1/08/2020 9:02:03 PM,EVENT 50315 1596313724 0/0/0/0/8 INPUT 3 1 0 v:122
1/08/2020 9:02:03 PM,252 Event OK
1/08/2020 9:02:03 PM,EVENT 50316 1596313724 0/0/0/0/8 INPUT 3 0 1 v:122
1/08/2020 9:02:03 PM,252 Event OK
1/08/2020 9:02:04 PM,EVENT 50317 1596313725 0/0/0/0/8 INPUT 3 1 0 v:122
1/08/2020 9:02:04 PM,252 Event OK
1/08/2020 9:02:05 PM,EVENT 50318 1596313743 0/0/0/0/9 INPUT 3 0 18 v:122
1/08/2020 9:02:05 PM,252 Event OK
1/08/2020 9:02:05 PM,EVENT 50319 1596313744 0/0/0/0/8 INPUT 3 1 0 v:122
1/08/2020 9:02:05 PM,252 Event OK
1/08/2020 9:02:06 PM,EVENT 50320 1596313745 0/0/0/0/9 INPUT 3 0 2 v:122
1/08/2020 9:02:06 PM,252 Event OK
1/08/2020 9:02:06 PM,EVENT 50321 1596313749 0/0/0/0/8 INPUT 3 1 0 v:122
1/08/2020 9:02:06 PM,252 Event OK
1/08/2020 9:02:07 PM,EVENT 50322 1596313762 0/0/0/0/9 INPUT 3 0 13 v:122
1/08/2020 9:02:07 PM,252 Event OK
1/08/2020 9:02:07 PM,EVENT 50323 1596313764 0/0/0/0/8 INPUT 3 1 0 v:122
1/08/2020 9:02:07 PM,252 Event OK
1/08/2020 9:02:08 PM,EVENT 50324 1596313771 0/0/0/0/9 INPUT 3 0 7 v:122
1/08/2020 9:02:08 PM,252 Event OK
1/08/2020 9:02:09 PM,EVENT 50325 1596313778 0/0/0/0/8 INPUT 3 1 0 v:122
1/08/2020 9:02:09 PM,252 Event OK
1/08/2020 9:02:09 PM,EVENT 50326 1596313786 0/0/0/0/9 INPUT 3 0 8 v:122
1/08/2020 9:02:09 PM,252 Event OK
1/08/2020 9:02:10 PM,EVENT 50327 1596313787 0/0/0/0/8 INPUT 3 1 0 v:122
1/08/2020 9:02:10 PM,252 Event OK
1/08/2020 9:02:11 PM,EVENT 50328 1596313790 0/0/0/0/9 INPUT 3 0 2 v:122
1/08/2020 9:02:11 PM,252 Event OK
1/08/2020 9:02:11 PM,EVENT 50329 1596313796 0/0/0/0/8 INPUT 3 1 0 v:122
1/08/2020 9:02:11 PM,252 Event OK
1/08/2020 9:02:12 PM,EVENT 50330 1596313798 0/0/0/0/9 INPUT 3 0 2 v:122
1/08/2020 9:02:12 PM,252 Event OK
1/08/2020 9:02:12 PM,EVENT 50331 1596313799 0/0/0/0/8 INPUT 3 1 0 v:122
1/08/2020 9:02:12 PM,252 Event OK
1/08/2020 9:02:13 PM,EVENT 50332 1596313800 0/0/0/0/8 INPUT 3 0 0 v:122
1/08/2020 9:02:13 PM,252 Event OK
1/08/2020 9:02:14 PM,EVENT 50333 1596313813 0/0/0/0/8 INPUT 3 1 0 v:122
1/08/2020 9:02:14 PM,252 Event OK
1/08/2020 9:02:14 PM,EVENT 50334 1596313818 0/0/0/0/9 INPUT 3 0 5 v:122
1/08/2020 9:02:14 PM,252 Event OK
1/08/2020 9:02:15 PM,EVENT 50335 1596313820 0/0/0/0/8 INPUT 3 1 0 v:122
1/08/2020 9:02:15 PM,252 Event OK
1/08/2020 9:02:15 PM,EVENT 50336 1596313822 0/0/0/0/9 INPUT 3 0 2 v:122
1/08/2020 9:02:15 PM,252 Event OK
1/08/2020 9:02:16 PM,EVENT 50337 1596313824 0/0/0/0/8 INPUT 3 1 0 v:122
1/08/2020 9:02:16 PM,252 Event OK
1/08/2020 9:02:17 PM,EVENT 50338 1596313845 0/0/0/0/9 INPUT 3 0 20 v:121
1/08/2020 9:02:17 PM,252 Event OK
1/08/2020 9:02:17 PM,EVENT 50339 1596313846 0/0/0/0/8 INPUT 3 1 0 v:121
1/08/2020 9:02:17 PM,252 Event OK
1/08/2020 9:02:18 PM,EVENT 50340 1596313847 0/0/0/0/9 INPUT 3 0 2 v:122
1/08/2020 9:02:18 PM,252 Event OK
1/08/2020 9:02:19 PM,EVENT 50341 1596313849 0/0/0/0/8 INPUT 3 1 0 v:122
1/08/2020 9:02:19 PM,252 Event OK
1/08/2020 9:02:19 PM,EVENT 50342 1596313850 0/0/0/0/8 INPUT 3 0 1 v:122
1/08/2020 9:02:19 PM,252 Event OK
1/08/2020 9:02:20 PM,EVENT 50343 1596313851 0/0/0/0/8 INPUT 3 1 0 v:122
1/08/2020 9:02:20 PM,252 Event OK
1/08/2020 9:02:20 PM,EVENT 50344 1596313857 0/0/0/99/9 INPUT 3 0 7 v:122
1/08/2020 9:02:20 PM,252 Event OK
1/08/2020 9:02:21 PM,EVENT 50345 1596313858 0/0/0/99/8 INPUT 3 1 0 v:122
1/08/2020 9:02:21 PM,252 Event OK
1/08/2020 9:02:22 PM,EVENT 50346 1596313860 0/0/0/99/9 INPUT 3 0 2 v:122
1/08/2020 9:02:22 PM,252 Event OK
1/08/2020 9:02:22 PM,EVENT 50347 1596313865 0/0/0/99/8 INPUT 3 1 0 v:122
1/08/2020 9:02:22 PM,252 Event OK
1/08/2020 9:02:23 PM,EVENT 50348 1596313875 0/0/0/99/9 INPUT 3 0 9 v:122
1/08/2020 9:02:23 PM,252 Event OK
1/08/2020 9:02:23 PM,EVENT 50349 1596313895 0/0/0/0/8 INPUT 3 1 0 v:122
1/08/2020 9:02:23 PM,252 Event OK
1/08/2020 9:02:24 PM,EVENT 50350 1596313896 0/0/0/0/9 INPUT 3 0 1 v:122
1/08/2020 9:02:24 PM,252 Event OK
1/08/2020 9:02:25 PM,EVENT 50351 1596313908 0/0/0/0/8 INPUT 3 1 0 v:122
1/08/2020 9:02:25 PM,252 Event OK
1/08/2020 9:02:25 PM,EVENT 50352 1596313930 0/0/0/0/9 INPUT 3 0 22 v:122
1/08/2020 9:02:25 PM,252 Event OK
1/08/2020 9:02:26 PM,EVENT 50353 1596313936 0/0/0/0/8 INPUT 3 1 0 v:122
1/08/2020 9:02:26 PM,252 Event OK
1/08/2020 9:02:26 PM,EVENT 50354 1596313939 0/0/0/0/9 INPUT 3 0 3 v:122
1/08/2020 9:02:26 PM,252 Event OK
1/08/2020 9:02:27 PM,EVENT 50355 1596313944 0/0/0/0/8 INPUT 3 1 0 v:122
1/08/2020 9:02:27 PM,252 Event OK
1/08/2020 9:02:28 PM,EVENT 50356 1596313946 0/0/0/0/9 INPUT 3 0 2 v:122
1/08/2020 9:02:28 PM,252 Event OK
1/08/2020 9:02:28 PM,EVENT 50357 1596313964 0/0/0/0/8 INPUT 3 1 0 v:122
1/08/2020 9:02:28 PM,252 Event OK
1/08/2020 9:02:29 PM,EVENT 50358 1596313968 0/0/0/0/9 INPUT 3 0 4 v:122
1/08/2020 9:02:29 PM,252 Event OK
1/08/2020 9:02:30 PM,EVENT 50359 1596313976 0/0/0/0/8 INPUT 3 1 0 v:122
1/08/2020 9:02:30 PM,252 Event OK
1/08/2020 9:02:30 PM,EVENT 50360 1596313984 0/0/0/0/9 INPUT 3 0 7 v:122
1/08/2020 9:02:30 PM,252 Event OK
1/08/2020 9:02:31 PM,EVENT 50361 1596313985 0/0/0/0/8 INPUT 3 1 0 v:122
1/08/2020 9:02:31 PM,252 Event OK
1/08/2020 9:02:31 PM,EVENT 50362 1596313987 0/0/0/0/9 INPUT 3 0 3 v:122
1/08/2020 9:02:31 PM,252 Event OK
1/08/2020 9:02:32 PM,EVENT 50363 1596313988 0/0/0/0/8 INPUT 3 1 0 v:122
1/08/2020 9:02:32 PM,252 Event OK
1/08/2020 9:02:33 PM,EVENT 50364 1596313995 0/0/0/0/9 INPUT 3 0 6 v:122
1/08/2020 9:02:33 PM,252 Event OK
1/08/2020 9:02:33 PM,EVENT 50365 1596314006 0/0/0/0/8 INPUT 3 1 0 v:122
1/08/2020 9:02:33 PM,252 Event OK
1/08/2020 9:02:34 PM,EVENT 50366 1596314029 0/0/0/0/9 INPUT 3 0 22 v:122
1/08/2020 9:02:34 PM,252 Event OK
1/08/2020 9:02:34 PM,EVENT 50367 1596314029 0/0/0/0/8 INPUT 3 1 0 v:122
1/08/2020 9:02:34 PM,252 Event OK
1/08/2020 9:02:35 PM,EVENT 50368 1596314031 0/0/0/0/9 INPUT 3 0 1 v:122
1/08/2020 9:02:35 PM,252 Event OK
1/08/2020 9:02:35 PM,EVENT 50369 1596314033 0/0/0/0/8 INPUT 3 1 0 v:122
1/08/2020 9:02:35 PM,252 Event OK
1/08/2020 9:02:36 PM,EVENT 50370 1596314037 0/0/0/0/9 INPUT 3 0 4 v:122
1/08/2020 9:02:36 PM,252 Event OK
1/08/2020 9:02:37 PM,EVENT 50371 1596314039 0/0/0/0/8 INPUT 3 1 0 v:122
1/08/2020 9:02:37 PM,252 Event OK
1/08/2020 9:02:38 PM,EVENT 50372 1596314039 0/0/0/0/8 INPUT 3 0 1 v:122
1/08/2020 9:02:38 PM,252 Event OK
1/08/2020 9:02:38 PM,EVENT 50373 1596314040 0/0/0/0/8 INPUT 3 1 0 v:122
1/08/2020 9:02:38 PM,252 Event OK
1/08/2020 9:02:39 PM,EVENT 50374 1596314041 0/0/0/0/8 INPUT 3 0 0 v:122
1/08/2020 9:02:39 PM,252 Event OK
1/08/2020 9:02:39 PM,EVENT 50375 1596314042 0/0/0/0/8 INPUT 3 1 0 v:122
1/08/2020 9:02:39 PM,252 Event OK
1/08/2020 9:02:40 PM,EVENT 50376 1596314044 0/0/0/0/9 INPUT 3 0 3 v:122
1/08/2020 9:02:40 PM,252 Event OK
1/08/2020 9:02:40 PM,EVENT 50377 1596314184 0/0/0/0/7 INPUT 3 1 0 v:122
1/08/2020 9:02:40 PM,252 Event OK
1/08/2020 9:02:41 PM,EVENT 50378 1596314711 0/0/0/0/11 INPUT 3 0 526 v:121
1/08/2020 9:02:41 PM,252 Event OK
1/08/2020 9:02:42 PM,EVENT 50379 1596314714 0/0/0/0/7 INPUT 3 1 0 v:121
1/08/2020 9:02:42 PM,252 Event OK
1/08/2020 9:02:42 PM,EVENT 50380 1596314939 0/0/0/0/15 INPUT 3 0 226 v:121
1/08/2020 9:02:42 PM,252 Event OK
1/08/2020 9:02:43 PM,EVENT 50381 1596314964 0/0/0/0/5 INPUT 3 1 0 v:121
1/08/2020 9:02:43 PM,252 Event OK
1/08/2020 9:02:43 PM,EVENT 50382 1596315131 0/0/0/0/22 REPORT 50259 0 0 v:121
1/08/2020 9:02:43 PM,252 Event OK
1/08/2020 9:02:44 PM,EVENT 50383 1596315131 0/0/0/0/22 ENGINEOVERSPEED 50259 71 5984 v:121
1/08/2020 9:02:44 PM,252 Event OK
1/08/2020 9:02:45 PM,EVENT 50384 1596315198 0/0/0/0/20 ENGINEOVERSPEED 50259 26 3459 v:121
1/08/2020 9:02:45 PM,252 Event OK
1/08/2020 9:02:45 PM,EVENT 50385 1596315246 0/0/0/0/22 ENGINEOVERSPEED 50259 11 3432 v:121
1/08/2020 9:02:45 PM,252 Event OK
1/08/2020 9:02:46 PM,EVENT 50386 1596315334 0/0/0/0/19 ENGINEOVERSPEED 50259 61 3514 v:121
1/08/2020 9:02:46 PM,252 Event OK
1/08/2020 9:02:47 PM,EVENT 50387 1596315342 -310122144/1219228758/6941/0/11 INPUT 3 0 377 v:121
1/08/2020 9:02:47 PM,252 Event OK
1/08/2020 9:02:47 PM,EVENT 50388 1596315354 -310121769/1219228969/1703/2/0 INPUT 7 1 0 v:121
1/08/2020 9:02:47 PM,252 Event OK
1/08/2020 9:02:48 PM,EVENT 50389 1596315354 -310121769/1219228969/1703/2/0 INPUT 8 0 2119 v:121
1/08/2020 9:02:48 PM,252 Event OK
1/08/2020 9:02:49 PM,EVENT 50390 1596315354 -310121753/1219228968/1652/2/0 INPUT 1 1 0 v:121
1/08/2020 9:02:49 PM,252 Event OK
1/08/2020 9:02:49 PM,EVENT 50391 1596315356 -310121723/1219228960/1537/2/0 INPUT 4 0 2108 v:121
1/08/2020 9:02:49 PM,252 Event OK
1/08/2020 9:02:50 PM,EVENT 50392 1596315359 -310121688/1219228933/1381/2/0 TRIP 50259 1402 706 8 5 2116 v:121
1/08/2020 9:02:50 PM,252 Event OK
1/08/2020 9:02:51 PM,EVENT 50393 1596315359 -310121685/1219228925/1353/2/0 TRIPSUMMARY 50259 v:121
1/08/2020 9:02:51 PM,252 Event OK
1/08/2020 9:02:51 PM,EVENT 50394 1596315448 -310121860/1219228811/762/0/0 INPUT 8 1 0 v:121
1/08/2020 9:02:51 PM,252 Event OK
1/08/2020 9:02:52 PM,EVENT 50395 1596315448 -310121860/1219228811/762/0/0 INPUT 7 0 93 v:121
1/08/2020 9:02:52 PM,252 Event OK
1/08/2020 9:02:53 PM,EVENT 50396 1596315456 -310121814/1219228756/759/0/0 SIGNON 2521 03cffbfc OK 26 180201 0 v:121
1/08/2020 9:02:53 PM,252 Event OK
1/08/2020 9:02:53 PM,EVENT 50397 1596315468 -310121747/1219228667/758/0/0 INPUT 7 1 0 v:121
1/08/2020 9:02:53 PM,252 Event OK
1/08/2020 9:02:54 PM,EVENT 50398 1596315468 -310121747/1219228667/758/0/0 INPUT 8 0 20 v:121
1/08/2020 9:02:54 PM,252 Event OK
1/08/2020 9:02:55 PM,EVENT 50399 1596315469 -310121742/1219228661/762/0/0 OILPRESSURE 50396 8 v:120
1/08/2020 9:02:55 PM,252 Event OK
1/08/2020 9:02:55 PM,EVENT 50400 1596315472 -310121738/1219228649/770/0/0 TRIP 50396 0 0 16 16 16 v:121
1/08/2020 9:02:55 PM,252 Event OK
1/08/2020 9:02:56 PM,EVENT 50401 1596315472 -310121738/1219228649/770/0/0 TRIPSUMMARY 50396 v:121
1/08/2020 9:02:56 PM,252 Event OK
1/08/2020 9:02:57 PM,QUIT
1/08/2020 9:02:57 PM,221 Session ended - goodbye
1/08/2020 9:06:29 PM,UNIT 10604
1/08/2020 9:06:29 PM,333 CHAL 29BF065E
1/08/2020 9:06:29 PM,RESP F78FB6E2
1/08/2020 9:06:29 PM,230 Auth OK
1/08/2020 9:06:30 PM,TIME
1/08/2020 9:06:30 PM,211 TIME 1596315990
1/08/2020 9:06:30 PM,EVCOUNT 2
1/08/2020 9:06:30 PM,252 Event OK
1/08/2020 9:06:31 PM,TODO
1/08/2020 9:06:31 PM,125 TODO GETXML 2000 Operators 
225 Work list complete
1/08/2020 9:06:31 PM,GETXML
1/08/2020 9:06:31 PM,Binary data 4200 bytes
1/08/2020 9:09:27 PM,UNIT 10604
1/08/2020 9:09:27 PM,333 CHAL 2F5F6315
1/08/2020 9:09:27 PM,RESP B83629F8
1/08/2020 9:09:27 PM,230 Auth OK
1/08/2020 9:09:27 PM,TIME
1/08/2020 9:09:27 PM,211 TIME 1596316167
1/08/2020 9:09:28 PM,EVCOUNT 11
1/08/2020 9:09:28 PM,252 Event OK
1/08/2020 9:09:28 PM,TODO
1/08/2020 9:09:28 PM,226 Nothing to do
1/08/2020 9:09:28 PM,EVENT 50402 1596315979 -310121758/1219228785/847/0/0 INPUT 8 1 0 v:121
1/08/2020 9:09:28 PM,252 Event OK
1/08/2020 9:09:29 PM,EVENT 50403 1596315979 -310121757/1219228787/848/0/0 INPUT 7 0 512 v:121
1/08/2020 9:09:29 PM,252 Event OK
1/08/2020 9:09:29 PM,EVENT 50404 1596315988 -310121758/1219228824/844/0/0 SIGNON 2521 03cffbfc OK 26 180201 0 v:121
1/08/2020 9:09:29 PM,252 Event OK
1/08/2020 9:09:31 PM,EVENT 50405 1596315993 -310121755/1219228878/883/0/0 INPUT 7 1 0 v:121
1/08/2020 9:09:31 PM,252 Event OK
1/08/2020 9:09:32 PM,EVENT 50406 1596315994 -310121754/1219228883/887/0/0 INPUT 7 0 0 v:122
1/08/2020 9:09:32 PM,252 Event OK
1/08/2020 9:09:32 PM,EVENT 50407 1596315994 -310121754/1219228890/890/0/0 INPUT 4 1 0 v:122
1/08/2020 9:09:32 PM,252 Event OK
1/08/2020 9:09:32 PM,EVENT 50408 1596315996 -310121749/1219228911/902/0/0 INPUT 1 0 641 v:121
1/08/2020 9:09:32 PM,252 Event OK
1/08/2020 9:09:32 PM,EVENT 50409 1596315997 -310121746/1219228922/903/0/0 OILPRESSURE 50404 4 v:121
1/08/2020 9:09:32 PM,252 Event OK
1/08/2020 9:09:33 PM,EVENT 50410 1596316147 -310120775/1219230140/724/3/8 INPUT 3 1 0 v:121
1/08/2020 9:09:33 PM,252 Event OK
1/08/2020 9:09:33 PM,EVENT 50411 1596316150 -310120358/1219230553/744/3/9 INPUT 3 0 3 v:121
1/08/2020 9:09:33 PM,252 Event OK
1/08/2020 9:09:33 PM,EVENT 50412 1596316150 -310120276/1219230640/744/3/8 INPUT 3 1 0 v:121
1/08/2020 9:09:33 PM,252 Event OK
1/08/2020 9:09:33 PM,QUIT
1/08/2020 9:09:33 PM,221 Session ended - goodbye
1/08/2020 9:10:19 PM,UNIT 10604
1/08/2020 9:10:19 PM,333 CHAL 17E1A848
1/08/2020 9:10:19 PM,RESP 793B0088
1/08/2020 9:10:19 PM,230 Auth OK
1/08/2020 9:10:20 PM,TIME
1/08/2020 9:10:20 PM,211 TIME 1596316220
1/08/2020 9:10:20 PM,EVCOUNT 1
1/08/2020 9:10:20 PM,252 Event OK
1/08/2020 9:10:21 PM,TODO
1/08/2020 9:10:21 PM,226 Nothing to do
1/08/2020 9:10:22 PM,EVENT 50413 1596316210 -310128805/1219228915/703/3/10 INPUT 3 0 59 v:121
1/08/2020 9:10:22 PM,252 Event OK
1/08/2020 9:10:22 PM,QUIT
1/08/2020 9:10:22 PM,221 Session ended - goodbye
1/08/2020 9:10:33 PM,UNIT 10604
1/08/2020 9:10:33 PM,333 CHAL 46ABC0A5
1/08/2020 9:10:33 PM,RESP 491DB0DD
1/08/2020 9:10:33 PM,230 Auth OK
1/08/2020 9:10:34 PM,TIME
1/08/2020 9:10:34 PM,211 TIME 1596316234
1/08/2020 9:10:34 PM,EVCOUNT 6
1/08/2020 9:10:34 PM,252 Event OK
1/08/2020 9:10:35 PM,TODO
1/08/2020 9:10:35 PM,226 Nothing to do
1/08/2020 9:10:36 PM,EVENT 50414 1596316216 -310128357/1219228561/764/3/2 INPUT 7 1 0 v:121
1/08/2020 9:10:36 PM,252 Event OK
1/08/2020 9:10:37 PM,EVENT 50415 1596316216 -310128357/1219228561/764/3/2 INPUT 8 0 236 v:121
1/08/2020 9:10:37 PM,252 Event OK
1/08/2020 9:10:37 PM,EVENT 50416 1596316216 -310128357/1219228561/764/3/2 INPUT 1 1 0 v:121
1/08/2020 9:10:37 PM,252 Event OK
1/08/2020 9:10:38 PM,EVENT 50417 1596316218 -310128368/1219228545/781/3/0 INPUT 4 0 224 v:121
1/08/2020 9:10:38 PM,252 Event OK
1/08/2020 9:10:39 PM,EVENT 50418 1596316220 -310128376/1219228536/798/3/0 TRIP 50404 62 162 9 6 233 v:121
1/08/2020 9:10:39 PM,252 Event OK
1/08/2020 9:10:40 PM,EVENT 50419 1596316220 -310128376/1219228536/798/3/0 TRIPSUMMARY 50404 v:121
1/08/2020 9:10:40 PM,252 Event OK
1/08/2020 9:10:40 PM,QUIT
1/08/2020 9:10:40 PM,221 Session ended - goodbye
1/08/2020 9:13:58 PM,UNIT 10604
1/08/2020 9:13:58 PM,333 CHAL 30FA726
1/08/2020 9:13:58 PM,RESP 832D5B4E
1/08/2020 9:13:58 PM,230 Auth OK
1/08/2020 9:13:59 PM,TIME
1/08/2020 9:13:59 PM,211 TIME 1596316439
1/08/2020 9:13:59 PM,EVCOUNT 2
1/08/2020 9:13:59 PM,252 Event OK
1/08/2020 9:14:00 PM,TODO
1/08/2020 9:14:00 PM,226 Nothing to do
1/08/2020 9:14:00 PM,EVENT 50420 1596316429 -310128299/1219228651/731/7/0 INPUT 8 1 0 v:121
1/08/2020 9:14:00 PM,252 Event OK
1/08/2020 9:14:01 PM,EVENT 50421 1596316429 -310128301/1219228645/729/7/0 INPUT 7 0 213 v:121
1/08/2020 9:14:01 PM,252 Event OK
1/08/2020 9:14:02 PM,QUIT
1/08/2020 9:14:02 PM,221 Session ended - goodbye
1/08/2020 9:14:12 PM,UNIT 10604
1/08/2020 9:14:12 PM,333 CHAL 643D9302
1/08/2020 9:14:12 PM,RESP B8C71075
1/08/2020 9:14:12 PM,230 Auth OK
1/08/2020 9:14:13 PM,TIME
1/08/2020 9:14:13 PM,211 TIME 1596316453
1/08/2020 9:14:13 PM,EVCOUNT 4
1/08/2020 9:14:13 PM,252 Event OK
1/08/2020 9:14:14 PM,TODO
1/08/2020 9:14:14 PM,226 Nothing to do
1/08/2020 9:14:15 PM,EVENT 50422 1596316437 -310128309/1219228572/721/7/0 SIGNON 2521 03cffbfc OK 26 180201 0 v:121
1/08/2020 9:14:15 PM,252 Event OK
1/08/2020 9:14:16 PM,EVENT 50423 1596316443 -310128290/1219228510/731/7/0 INPUT 4 1 0 v:122
1/08/2020 9:14:16 PM,252 Event OK
1/08/2020 9:14:16 PM,EVENT 50424 1596316444 -310128286/1219228502/731/7/0 INPUT 1 0 227 v:122
1/08/2020 9:14:16 PM,252 Event OK
1/08/2020 9:14:17 PM,EVENT 50425 1596316445 -310128329/1219228508/736/7/0 OILPRESSURE 50422 3 v:122
1/08/2020 9:14:17 PM,252 Event OK
1/08/2020 9:14:18 PM,QUIT
1/08/2020 9:14:18 PM,221 Session ended - goodbye
1/08/2020 9:14:30 PM,UNIT 10604
1/08/2020 9:14:30 PM,333 CHAL 3CA097F5
1/08/2020 9:14:30 PM,RESP 752967B4
1/08/2020 9:14:30 PM,230 Auth OK
1/08/2020 9:14:31 PM,TIME
1/08/2020 9:14:31 PM,211 TIME 1596316471
1/08/2020 9:14:31 PM,EVCOUNT 3
1/08/2020 9:14:31 PM,252 Event OK
1/08/2020 9:14:32 PM,TODO
1/08/2020 9:14:32 PM,226 Nothing to do
1/08/2020 9:14:33 PM,EVENT 50426 1596316456 -310128802/1219228808/728/3/6 INPUT 3 1 0 v:122
1/08/2020 9:14:33 PM,252 Event OK
1/08/2020 9:14:34 PM,EVENT 50427 1596316456 -310128732/1219228898/734/3/8 INPUT 3 0 1 v:122
1/08/2020 9:14:34 PM,252 Event OK
1/08/2020 9:14:35 PM,EVENT 50428 1596316457 -310128617/1219229106/729/3/8 INPUT 3 1 0 v:122
1/08/2020 9:14:35 PM,252 Event OK
1/08/2020 9:14:35 PM,QUIT
1/08/2020 9:14:35 PM,221 Session ended - goodbye
1/08/2020 9:15:28 PM,UNIT 10604
1/08/2020 9:15:28 PM,333 CHAL 24081100
1/08/2020 9:15:29 PM,RESP ADE681AD
1/08/2020 9:15:29 PM,230 Auth OK
1/08/2020 9:15:29 PM,TIME
1/08/2020 9:15:29 PM,211 TIME 1596316529
1/08/2020 9:15:30 PM,EVCOUNT 2
1/08/2020 9:15:30 PM,252 Event OK
1/08/2020 9:15:31 PM,TODO
1/08/2020 9:15:31 PM,226 Nothing to do
1/08/2020 9:15:31 PM,EVENT 50429 1596316518 -310122886/1219226004/648/5/10 INPUT 3 0 61 v:122
1/08/2020 9:15:31 PM,252 Event OK
1/08/2020 9:15:32 PM,EVENT 50430 1596316519 -310122992/1219226233/645/5/8 INPUT 3 1 0 v:122
1/08/2020 9:15:32 PM,252 Event OK
1/08/2020 9:15:33 PM,QUIT
1/08/2020 9:15:33 PM,221 Session ended - goodbye
1/08/2020 9:15:43 PM,UNIT 10604
1/08/2020 9:15:43 PM,333 CHAL 72ED361A
1/08/2020 9:15:43 PM,RESP 3E0A2C38
1/08/2020 9:15:43 PM,230 Auth OK
1/08/2020 9:15:44 PM,TIME
1/08/2020 9:15:44 PM,211 TIME 1596316544
1/08/2020 9:15:44 PM,EVCOUNT 1
1/08/2020 9:15:44 PM,252 Event OK
1/08/2020 9:15:45 PM,TODO
1/08/2020 9:15:45 PM,226 Nothing to do
1/08/2020 9:15:45 PM,EVENT 50431 1596316526 -310122015/1219227995/696/5/10 INPUT 3 0 8 v:121
1/08/2020 9:15:45 PM,252 Event OK
1/08/2020 9:15:46 PM,QUIT
1/08/2020 9:15:46 PM,221 Session ended - goodbye
1/08/2020 9:16:12 PM,UNIT 10604
1/08/2020 9:16:12 PM,333 CHAL 20CD46B
1/08/2020 9:16:12 PM,RESP D0CB32AE
1/08/2020 9:16:12 PM,230 Auth OK
1/08/2020 9:16:13 PM,TIME
1/08/2020 9:16:13 PM,211 TIME 1596316573
1/08/2020 9:16:13 PM,EVCOUNT 1
1/08/2020 9:16:13 PM,252 Event OK
1/08/2020 9:16:14 PM,TODO
1/08/2020 9:16:14 PM,226 Nothing to do
1/08/2020 9:16:15 PM,EVENT 50432 1596316562 -310121519/1219228898/706/2/7 INPUT 3 1 0 v:122
1/08/2020 9:16:15 PM,252 Event OK
1/08/2020 9:16:16 PM,QUIT
1/08/2020 9:16:16 PM,221 Session ended - goodbye
1/08/2020 9:17:51 PM,UNIT 10604
1/08/2020 9:17:51 PM,333 CHAL 44420796
1/08/2020 9:17:52 PM,RESP 0E5418E7
1/08/2020 9:17:52 PM,230 Auth OK
1/08/2020 9:17:52 PM,TIME
1/08/2020 9:17:52 PM,211 TIME 1596316672
1/08/2020 9:17:53 PM,EVCOUNT 1
1/08/2020 9:17:53 PM,252 Event OK
1/08/2020 9:17:54 PM,TODO
1/08/2020 9:17:54 PM,226 Nothing to do
1/08/2020 9:17:55 PM,EVENT 50433 1596316661 -310143136/1219231811/675/8/14 INPUT 3 0 100 v:122
1/08/2020 9:17:55 PM,252 Event OK
1/08/2020 9:17:55 PM,EVENT 50434 1596316667 -310143717/1219231673/688/8/3 INPUT 7 1 0 v:122
1/08/2020 9:17:55 PM,252 Event OK
1/08/2020 9:17:56 PM,EVENT 50435 1596316667 -310143717/1219231673/688/8/3 INPUT 8 0 239 v:122
1/08/2020 9:17:56 PM,252 Event OK
1/08/2020 9:17:57 PM,EVENT 50436 1596316668 -310143719/1219231673/692/8/3 INPUT 1 1 0 v:121
1/08/2020 9:17:57 PM,252 Event OK
1/08/2020 9:17:58 PM,EVENT 50437 1596316669 -310143723/1219231671/701/8/0 INPUT 4 0 227 v:121
1/08/2020 9:17:58 PM,252 Event OK
1/08/2020 9:17:58 PM,QUIT
1/08/2020 9:17:58 PM,221 Session ended - goodbye
1/08/2020 9:18:09 PM,UNIT 10604
1/08/2020 9:18:09 PM,333 CHAL 787FB1F9
1/08/2020 9:18:09 PM,RESP D7256808
1/08/2020 9:18:09 PM,230 Auth OK
1/08/2020 9:18:10 PM,TIME
1/08/2020 9:18:10 PM,211 TIME 1596316690
1/08/2020 9:18:10 PM,EVCOUNT 2
1/08/2020 9:18:10 PM,252 Event OK
1/08/2020 9:18:11 PM,TODO
1/08/2020 9:18:11 PM,226 Nothing to do
1/08/2020 9:18:12 PM,EVENT 50438 1596316672 -310143730/1219231672/711/8/0 TRIP 50422 170 57 8 5 235 v:121
1/08/2020 9:18:12 PM,252 Event OK
1/08/2020 9:18:13 PM,EVENT 50439 1596316672 -310143730/1219231672/711/8/0 TRIPSUMMARY 50422 v:121
1/08/2020 9:18:13 PM,252 Event OK
1/08/2020 9:18:13 PM,QUIT
1/08/2020 9:18:13 PM,221 Session ended - goodbye
1/08/2020 10:10:16 PM,UNIT 10604
1/08/2020 10:10:16 PM,333 CHAL 1E52A4A1
1/08/2020 10:10:16 PM,RESP 7FCB423F
1/08/2020 10:10:16 PM,230 Auth OK
1/08/2020 10:10:16 PM,TIME
1/08/2020 10:10:16 PM,211 TIME 1596319816
1/08/2020 10:10:16 PM,EVCOUNT 14
1/08/2020 10:10:16 PM,252 Event OK
1/08/2020 10:10:17 PM,TODO
1/08/2020 10:10:17 PM,226 Nothing to do
1/08/2020 10:10:17 PM,EVENT 50440 1596319784 0/0/0/0/0 SWSTART OpusFC 5.0.58.510 R v:121
1/08/2020 10:10:17 PM,252 Event OK
1/08/2020 10:10:17 PM,EVENT 50441 1596316672 0/0/0/0/0 POWERDOWN v:121
1/08/2020 10:10:17 PM,252 Event OK
1/08/2020 10:10:18 PM,EVENT 50442 1596319784 0/0/0/0/0 INPUT 1 1 0 v:121
1/08/2020 10:10:18 PM,252 Event OK
1/08/2020 10:10:18 PM,EVENT 50443 1596319784 0/0/0/0/0 INPUT 2 0 0 v:121
1/08/2020 10:10:18 PM,252 Event OK
1/08/2020 10:10:18 PM,EVENT 50444 1596319784 0/0/0/0/0 INPUT 3 0 0 v:121
1/08/2020 10:10:18 PM,252 Event OK
1/08/2020 10:10:18 PM,EVENT 50445 1596319784 0/0/0/0/0 INPUT 4 0 0 v:121
1/08/2020 10:10:18 PM,252 Event OK
1/08/2020 10:10:19 PM,EVENT 50446 1596319784 0/0/0/0/0 INPUT 7 0 0 v:121
1/08/2020 10:10:19 PM,252 Event OK
1/08/2020 10:10:19 PM,EVENT 50447 1596319784 0/0/0/0/0 INPUT 8 1 0 v:121
1/08/2020 10:10:19 PM,252 Event OK
1/08/2020 10:10:19 PM,EVENT 50448 1596319786 0/0/0/0/0 ZONE_OK 2 100 FW=NO VERSION v:121
1/08/2020 10:10:19 PM,252 Event OK
1/08/2020 10:10:19 PM,EVENT 50449 1596319796 0/0/0/0/0 SIGNON 2489 01effad3 OK_CL 26 80296 0 v:122
1/08/2020 10:10:19 PM,252 Event OK
1/08/2020 10:10:20 PM,EVENT 50450 1596319801 0/0/0/99/0 CHECKLIST 50449 OK 0 6 432 F v:122
1/08/2020 10:10:20 PM,252 Event OK
1/08/2020 10:10:20 PM,EVENT 50451 1596319808 0/0/0/8/0 INPUT 7 1 0 v:122
1/08/2020 10:10:20 PM,252 Event OK
1/08/2020 10:10:20 PM,EVENT 50452 1596319808 0/0/0/8/0 INPUT 4 1 0 v:122
1/08/2020 10:10:20 PM,252 Event OK
1/08/2020 10:10:21 PM,EVENT 50453 1596319809 0/0/0/8/0 INPUT 7 0 1 v:122
1/08/2020 10:10:21 PM,252 Event OK
1/08/2020 10:10:21 PM,EVENT 50454 1596319811 0/0/0/8/0 INPUT 1 0 26 v:122
1/08/2020 10:10:21 PM,252 Event OK
1/08/2020 10:10:21 PM,EVENT 50455 1596319812 0/0/0/8/0 OILPRESSURE 50449 9 v:122
1/08/2020 10:10:21 PM,252 Event OK
1/08/2020 10:10:21 PM,QUIT
1/08/2020 10:10:21 PM,221 Session ended - goodbye
1/08/2020 10:10:38 PM,UNIT 10604
1/08/2020 10:10:38 PM,333 CHAL 205126DA
1/08/2020 10:10:39 PM,RESP 054CA162
1/08/2020 10:10:39 PM,230 Auth OK
1/08/2020 10:10:40 PM,TIME
1/08/2020 10:10:40 PM,211 TIME 1596319840
1/08/2020 10:10:40 PM,EVCOUNT 1
1/08/2020 10:10:40 PM,252 Event OK
1/08/2020 10:10:41 PM,TODO
1/08/2020 10:10:41 PM,226 Nothing to do
1/08/2020 10:10:42 PM,EVENT 50456 1596319828 -310143023/1219231678/1889/8/5 INPUT 3 1 0 v:122
1/08/2020 10:10:42 PM,252 Event OK
1/08/2020 10:10:43 PM,QUIT
1/08/2020 10:10:43 PM,221 Session ended - goodbye
1/08/2020 10:11:42 PM,UNIT 10604
1/08/2020 10:11:42 PM,333 CHAL 55E5AAAF
1/08/2020 10:11:43 PM,RESP 0C8361E2
1/08/2020 10:11:43 PM,230 Auth OK
1/08/2020 10:11:43 PM,TIME
1/08/2020 10:11:43 PM,211 TIME 1596319903
1/08/2020 10:11:44 PM,EVCOUNT 1
1/08/2020 10:11:44 PM,252 Event OK
1/08/2020 10:11:44 PM,TODO
1/08/2020 10:11:44 PM,226 Nothing to do
1/08/2020 10:11:45 PM,EVENT 50457 1596319892 -310124229/1219238116/610/9/18 ENGINEOVERSPEED 50449 21 3566 v:122
1/08/2020 10:11:45 PM,252 Event OK
1/08/2020 10:11:46 PM,QUIT
1/08/2020 10:11:46 PM,221 Session ended - goodbye
1/08/2020 10:11:55 PM,UNIT 10604
1/08/2020 10:11:55 PM,333 CHAL 42A953CB
1/08/2020 10:11:56 PM,RESP C000CB0F
1/08/2020 10:11:56 PM,230 Auth OK
1/08/2020 10:11:56 PM,TIME
1/08/2020 10:11:56 PM,211 TIME 1596319916
1/08/2020 10:11:57 PM,EVCOUNT 8
1/08/2020 10:11:57 PM,252 Event OK
1/08/2020 10:11:58 PM,TODO
1/08/2020 10:11:58 PM,226 Nothing to do
1/08/2020 10:11:58 PM,EVENT 50458 1596319900 -310121733/1219236419/593/9/11 INPUT 3 0 72 v:121
1/08/2020 10:11:58 PM,252 Event OK
1/08/2020 10:11:59 PM,EVENT 50459 1596319905 -310121347/1219236141/587/6/5 INPUT 7 1 0 v:122
1/08/2020 10:11:59 PM,252 Event OK
1/08/2020 10:12:00 PM,EVENT 50460 1596319905 -310121347/1219236141/587/6/5 INPUT 8 0 120 v:122
1/08/2020 10:12:00 PM,252 Event OK
1/08/2020 10:12:01 PM,EVENT 50461 1596319905 -310121345/1219236139/586/6/5 INPUT 1 1 0 v:122
1/08/2020 10:12:01 PM,252 Event OK
1/08/2020 10:12:01 PM,EVENT 50462 1596319905 -310121344/1219236137/586/6/5 INPUT 4 0 97 v:122
1/08/2020 10:12:01 PM,252 Event OK
1/08/2020 10:12:02 PM,EVENT 50463 1596319908 -310121341/1219236134/584/6/0 REPORT 50449 0 81 v:121
1/08/2020 10:12:02 PM,252 Event OK
1/08/2020 10:12:03 PM,EVENT 50464 1596319909 -310121339/1219236133/582/6/0 TRIP 50449 72 25 13 9 110 v:121
1/08/2020 10:12:03 PM,252 Event OK
1/08/2020 10:12:04 PM,EVENT 50465 1596319909 -310121339/1219236133/582/6/0 TRIPSUMMARY 50449 v:121
1/08/2020 10:12:04 PM,252 Event OK
1/08/2020 10:12:04 PM,QUIT
1/08/2020 10:12:04 PM,221 Session ended - goodbye
1/08/2020 10:12:58 PM,UNIT 10604
1/08/2020 10:12:58 PM,333 CHAL D2CC963
1/08/2020 10:12:58 PM,RESP 75B59FC1
1/08/2020 10:12:58 PM,230 Auth OK
1/08/2020 10:12:59 PM,TIME
1/08/2020 10:12:59 PM,211 TIME 1596319979
1/08/2020 10:13:00 PM,EVCOUNT 2
1/08/2020 10:13:00 PM,252 Event OK
1/08/2020 10:13:00 PM,TODO
1/08/2020 10:13:00 PM,226 Nothing to do
1/08/2020 10:13:01 PM,EVENT 50466 1596319968 -310121271/1219236183/672/10/0 INPUT 8 1 0 v:121
1/08/2020 10:13:01 PM,252 Event OK
1/08/2020 10:13:02 PM,EVENT 50467 1596319969 -310121271/1219236183/672/10/0 INPUT 7 0 64 v:121
1/08/2020 10:13:02 PM,252 Event OK
1/08/2020 10:13:02 PM,QUIT
1/08/2020 10:13:02 PM,221 Session ended - goodbye
1/08/2020 10:13:13 PM,UNIT 10604
1/08/2020 10:13:13 PM,333 CHAL 76DE1489
1/08/2020 10:13:13 PM,RESP 7A937D89
1/08/2020 10:13:13 PM,230 Auth OK
1/08/2020 10:13:14 PM,TIME
1/08/2020 10:13:14 PM,211 TIME 1596319994
1/08/2020 10:13:15 PM,EVCOUNT 6
1/08/2020 10:13:15 PM,252 Event OK
1/08/2020 10:13:15 PM,TODO
1/08/2020 10:13:15 PM,226 Nothing to do
1/08/2020 10:13:16 PM,EVENT 50468 1596319979 -310121284/1219236165/670/10/0 SIGNON 2489 01effad3 OK 26 80296 0 v:122
1/08/2020 10:13:16 PM,252 Event OK
1/08/2020 10:13:17 PM,EVENT 50469 1596319985 -310121297/1219236173/664/10/0 INPUT 4 1 0 v:122
1/08/2020 10:13:17 PM,252 Event OK
1/08/2020 10:13:17 PM,EVENT 50470 1596319985 -310121297/1219236173/664/10/0 INPUT 7 1 0 v:122
1/08/2020 10:13:17 PM,252 Event OK
1/08/2020 10:13:18 PM,EVENT 50471 1596319985 -310121298/1219236174/665/10/0 INPUT 7 0 0 v:122
1/08/2020 10:13:18 PM,252 Event OK
1/08/2020 10:13:19 PM,EVENT 50472 1596319986 -310121300/1219236175/665/10/0 INPUT 1 0 81 v:122
1/08/2020 10:13:19 PM,252 Event OK
1/08/2020 10:13:20 PM,EVENT 50473 1596319987 -310121304/1219236179/665/10/0 OILPRESSURE 50468 3 v:122
1/08/2020 10:13:20 PM,252 Event OK
1/08/2020 10:13:20 PM,QUIT
1/08/2020 10:13:20 PM,221 Session ended - goodbye
1/08/2020 10:13:31 PM,UNIT 10604
1/08/2020 10:13:31 PM,333 CHAL F0B0002
1/08/2020 10:13:31 PM,RESP D663A79E
1/08/2020 10:13:31 PM,230 Auth OK
1/08/2020 10:13:32 PM,TIME
1/08/2020 10:13:32 PM,211 TIME 1596320012
1/08/2020 10:13:33 PM,EVCOUNT 1
1/08/2020 10:13:33 PM,252 Event OK
1/08/2020 10:13:33 PM,TODO
1/08/2020 10:13:33 PM,226 Nothing to do
1/08/2020 10:13:34 PM,EVENT 50474 1596319996 -310120611/1219235722/670/11/8 INPUT 3 1 0 v:122
1/08/2020 10:13:34 PM,252 Event OK
1/08/2020 10:13:35 PM,QUIT
1/08/2020 10:13:35 PM,221 Session ended - goodbye
1/08/2020 10:13:55 PM,UNIT 10604
1/08/2020 10:13:55 PM,333 CHAL 4303B376
1/08/2020 10:13:56 PM,RESP B7DB9428
1/08/2020 10:13:56 PM,230 Auth OK
1/08/2020 10:13:57 PM,TIME
1/08/2020 10:13:57 PM,211 TIME 1596320037
1/08/2020 10:14:00 PM,EVCOUNT 7
1/08/2020 10:14:00 PM,252 Event OK
1/08/2020 10:14:00 PM,TODO
1/08/2020 10:14:00 PM,226 Nothing to do
1/08/2020 10:14:01 PM,EVENT 50475 1596320022 -310121361/1219229671/699/11/10 INPUT 3 0 26 v:122
1/08/2020 10:14:01 PM,252 Event OK
1/08/2020 10:14:03 PM,EVENT 50476 1596320024 -310121482/1219229535/696/11/6 INPUT 7 1 0 v:122
1/08/2020 10:14:03 PM,252 Event OK
1/08/2020 10:14:05 PM,EVENT 50477 1596320024 -310121482/1219229535/696/11/6 INPUT 8 0 56 v:122
1/08/2020 10:14:05 PM,252 Event OK
1/08/2020 10:14:07 PM,EVENT 50478 1596320025 -310121485/1219229543/693/11/6 INPUT 1 1 0 v:122
1/08/2020 10:14:07 PM,252 Event OK
1/08/2020 10:14:08 PM,EVENT 50479 1596320026 -310121493/1219229560/686/3/6 INPUT 4 0 42 v:122
1/08/2020 10:14:08 PM,252 Event OK
1/08/2020 10:14:09 PM,EVENT 50480 1596320029 -310121504/1219229577/681/3/0 TRIP 50468 26 16 9 6 51 v:121
1/08/2020 10:14:09 PM,252 Event OK
1/08/2020 10:14:10 PM,EVENT 50481 1596320029 -310121504/1219229577/681/3/0 TRIPSUMMARY 50468 v:122
1/08/2020 10:14:10 PM,252 Event OK
1/08/2020 10:14:11 PM,QUIT
1/08/2020 10:14:11 PM,221 Session ended - goodbye
1/08/2020 10:15:15 PM,UNIT 10604
1/08/2020 10:15:15 PM,333 CHAL 6716DB3
1/08/2020 10:15:15 PM,RESP 737E774E
1/08/2020 10:15:15 PM,230 Auth OK
1/08/2020 10:16:28 PM,UNIT 10604
1/08/2020 10:16:28 PM,333 CHAL 65C61A23
1/08/2020 10:16:28 PM,RESP 19CD62BC
1/08/2020 10:16:28 PM,230 Auth OK
1/08/2020 10:16:29 PM,TIME
1/08/2020 10:16:29 PM,211 TIME 1596320189
1/08/2020 10:16:30 PM,EVCOUNT 2
1/08/2020 10:16:30 PM,252 Event OK
1/08/2020 10:16:31 PM,TODO
1/08/2020 10:16:31 PM,226 Nothing to do
1/08/2020 10:16:32 PM,EVENT 50482 1596320054 -310121507/1219229606/674/3/0 INPUT 8 1 0 v:122
1/08/2020 10:16:32 PM,252 Event OK
1/08/2020 10:16:33 PM,EVENT 50483 1596320055 -310121507/1219229607/672/3/0 INPUT 7 0 30 v:122
1/08/2020 10:16:33 PM,252 Event OK
1/08/2020 10:16:33 PM,QUIT
1/08/2020 10:16:33 PM,221 Session ended - goodbye
1/08/2020 10:38:27 PM,UNIT 10604
1/08/2020 10:38:27 PM,333 CHAL 2B5467A0
1/08/2020 10:38:27 PM,RESP ED164D9C
1/08/2020 10:38:27 PM,230 Auth OK
1/08/2020 10:38:28 PM,TIME
1/08/2020 10:38:28 PM,211 TIME 1596321508
1/08/2020 10:38:29 PM,EVCOUNT 3
1/08/2020 10:38:29 PM,252 Event OK
1/08/2020 10:38:30 PM,TODO
1/08/2020 10:38:30 PM,226 Nothing to do
1/08/2020 10:38:32 PM,EVENT 50484 1596321495 -310121601/1219229561/672/2/0 SIGNON 2489 01effad3 OK 26 80296 0 v:122
1/08/2020 10:38:32 PM,252 Event OK
1/08/2020 10:38:33 PM,EVENT 50485 1596321500 -310121614/1219229576/663/2/0 INPUT 7 1 0 v:122
1/08/2020 10:38:33 PM,252 Event OK
1/08/2020 10:38:34 PM,EVENT 50486 1596321501 -310121616/1219229579/661/2/0 INPUT 4 1 0 v:122
1/08/2020 10:38:34 PM,252 Event OK
1/08/2020 10:38:34 PM,EVENT 50487 1596321502 -310121617/1219229581/660/2/0 INPUT 7 0 1 v:122
1/08/2020 10:38:34 PM,252 Event OK
1/08/2020 10:38:35 PM,EVENT 50488 1596321502 -310121617/1219229582/659/2/0 INPUT 1 0 1478 v:122
1/08/2020 10:38:35 PM,252 Event OK
1/08/2020 10:38:36 PM,EVENT 50489 1596321504 -310121622/1219229589/660/2/0 OILPRESSURE 50484 4 v:122
1/08/2020 10:38:36 PM,252 Event OK
1/08/2020 10:38:37 PM,QUIT
1/08/2020 10:38:37 PM,221 Session ended - goodbye
1/08/2020 10:38:47 PM,UNIT 10604
1/08/2020 10:38:47 PM,333 CHAL 5BA9DED5
1/08/2020 10:38:48 PM,RESP 232E2B3C
1/08/2020 10:38:48 PM,230 Auth OK
1/08/2020 10:38:48 PM,TIME
1/08/2020 10:38:48 PM,211 TIME 1596321528
1/08/2020 10:38:49 PM,EVCOUNT 2
1/08/2020 10:38:49 PM,252 Event OK
1/08/2020 10:38:49 PM,TODO
1/08/2020 10:38:49 PM,226 Nothing to do
1/08/2020 10:38:50 PM,EVENT 50490 1596321511 -310121929/1219228788/640/2/8 INPUT 3 1 0 v:122
1/08/2020 10:38:50 PM,252 Event OK
1/08/2020 10:38:51 PM,EVENT 50491 1596321519 -310123217/1219227249/637/1/9 INPUT 3 0 9 v:121
1/08/2020 10:38:51 PM,252 Event OK
1/08/2020 10:38:52 PM,EVENT 50492 1596321523 -310123750/1219227430/628/1/5 INPUT 4 0 22 v:121
1/08/2020 10:38:52 PM,252 Event OK
1/08/2020 10:38:53 PM,EVENT 50493 1596321523 -310123750/1219227430/628/1/5 INPUT 4 1 0 v:121
1/08/2020 10:38:53 PM,252 Event OK
1/08/2020 10:38:53 PM,EVENT 50494 1596321524 -310123750/1219227429/628/1/5 INPUT 7 1 0 v:121
1/08/2020 10:38:53 PM,252 Event OK
1/08/2020 10:38:54 PM,EVENT 50495 1596321524 -310123750/1219227429/628/1/5 INPUT 8 0 1469 v:121
1/08/2020 10:38:54 PM,252 Event OK
1/08/2020 10:38:55 PM,EVENT 50496 1596321525 -310123750/1219227426/629/1/5 INPUT 1 1 0 v:121
1/08/2020 10:38:55 PM,252 Event OK
1/08/2020 10:38:56 PM,EVENT 50497 1596321526 -310123748/1219227423/633/1/5 INPUT 4 0 3 v:121
1/08/2020 10:38:56 PM,252 Event OK
1/08/2020 10:38:57 PM,EVENT 50498 1596321528 -310123744/1219227419/638/1/0 TRIP 50484 9 16 9 6 34 v:121
1/08/2020 10:38:57 PM,252 Event OK
1/08/2020 10:38:57 PM,EVENT 50499 1596321528 -310123744/1219227419/638/1/0 TRIPSUMMARY 50484 v:121
1/08/2020 10:38:57 PM,252 Event OK
1/08/2020 10:38:58 PM,QUIT
1/08/2020 10:38:58 PM,221 Session ended - goodbye
1/08/2020 10:43:10 PM,UNIT 10604
1/08/2020 10:43:10 PM,333 CHAL 271929DA
1/08/2020 10:43:10 PM,RESP 3DB5BE4F
1/08/2020 10:43:10 PM,230 Auth OK
1/08/2020 10:43:11 PM,TIME
1/08/2020 10:43:11 PM,211 TIME 1596321791
1/08/2020 10:43:12 PM,EVCOUNT 2
1/08/2020 10:43:12 PM,252 Event OK
1/08/2020 10:43:12 PM,TODO
1/08/2020 10:43:12 PM,226 Nothing to do
1/08/2020 10:43:13 PM,EVENT 50500 1596321780 -310123735/1219227305/618/3/0 INPUT 8 1 0 v:121
1/08/2020 10:43:13 PM,252 Event OK
1/08/2020 10:43:14 PM,EVENT 50501 1596321781 -310123735/1219227305/618/3/0 INPUT 7 0 257 v:121
1/08/2020 10:43:14 PM,252 Event OK
1/08/2020 10:43:14 PM,QUIT
1/08/2020 10:43:14 PM,221 Session ended - goodbye
1/08/2020 10:43:25 PM,UNIT 10604
1/08/2020 10:43:25 PM,333 CHAL 4C8A0DB4
1/08/2020 10:43:25 PM,RESP 267929C5
1/08/2020 10:43:25 PM,230 Auth OK
1/08/2020 10:43:26 PM,TIME
1/08/2020 10:43:26 PM,211 TIME 1596321806
1/08/2020 10:43:26 PM,EVCOUNT 1
1/08/2020 10:43:26 PM,252 Event OK
1/08/2020 10:43:27 PM,TODO
1/08/2020 10:43:27 PM,226 Nothing to do
1/08/2020 10:43:28 PM,EVENT 50502 1596321795 -310123753/1219227299/618/3/0 SIGNON 2489 01effad3 OK 26 80296 0 v:121
1/08/2020 10:43:28 PM,252 Event OK
1/08/2020 10:43:28 PM,QUIT
1/08/2020 10:43:28 PM,221 Session ended - goodbye
1/08/2020 10:43:38 PM,UNIT 10604
1/08/2020 10:43:38 PM,333 CHAL 36A4FB1F
1/08/2020 10:43:39 PM,RESP C25704DF
1/08/2020 10:43:39 PM,230 Auth OK
1/08/2020 10:43:39 PM,TIME
1/08/2020 10:43:39 PM,211 TIME 1596321819
1/08/2020 10:43:40 PM,EVCOUNT 7
1/08/2020 10:43:40 PM,252 Event OK
1/08/2020 10:43:40 PM,TODO
1/08/2020 10:43:40 PM,226 Nothing to do
1/08/2020 10:43:41 PM,EVENT 50503 1596321804 -310123762/1219227315/628/3/0 INPUT 7 1 0 v:122
1/08/2020 10:43:41 PM,252 Event OK
1/08/2020 10:43:42 PM,EVENT 50504 1596321804 -310123762/1219227315/628/3/0 REPORT 50502 0 166 v:122
1/08/2020 10:43:42 PM,252 Event OK
1/08/2020 10:43:42 PM,EVENT 50505 1596321804 -310123763/1219227314/628/3/0 INPUT 7 0 0 v:122
1/08/2020 10:43:42 PM,252 Event OK
1/08/2020 10:43:43 PM,EVENT 50506 1596321804 -310123764/1219227314/628/3/0 INPUT 4 1 0 v:122
1/08/2020 10:43:43 PM,252 Event OK
1/08/2020 10:43:44 PM,EVENT 50507 1596321805 -310123765/1219227313/628/3/0 INPUT 1 0 280 v:122
1/08/2020 10:43:44 PM,252 Event OK
1/08/2020 10:43:45 PM,EVENT 50508 1596321806 -310123767/1219227311/628/3/0 OILPRESSURE 50502 6 v:122
1/08/2020 10:43:45 PM,252 Event OK
1/08/2020 10:43:46 PM,EVENT 50509 1596321812 -310123716/1219227281/630/3/0 INPUT 4 0 8 v:122
1/08/2020 10:43:46 PM,252 Event OK
1/08/2020 10:43:46 PM,EVENT 50510 1596321813 -310123682/1219227268/629/3/0 INPUT 4 1 0 v:122
1/08/2020 10:43:46 PM,252 Event OK
1/08/2020 10:43:47 PM,QUIT
1/08/2020 10:43:47 PM,221 Session ended - goodbye
1/08/2020 10:44:02 PM,UNIT 10604
1/08/2020 10:44:02 PM,333 CHAL 11D7F7C9
1/08/2020 10:44:02 PM,RESP 6B784D93
1/08/2020 10:44:02 PM,230 Auth OK
1/08/2020 10:44:03 PM,TIME
1/08/2020 10:44:03 PM,211 TIME 1596321843
1/08/2020 10:44:03 PM,EVCOUNT 1
1/08/2020 10:44:03 PM,252 Event OK
1/08/2020 10:44:04 PM,TODO
1/08/2020 10:44:04 PM,226 Nothing to do
1/08/2020 10:44:05 PM,EVENT 50511 1596321833 -310122340/1219227036/592/2/7 INPUT 3 1 0 v:122
1/08/2020 10:44:05 PM,252 Event OK
1/08/2020 10:44:05 PM,QUIT
1/08/2020 10:44:05 PM,221 Session ended - goodbye
1/08/2020 10:45:00 PM,UNIT 10604
1/08/2020 10:45:00 PM,333 CHAL 47453F98
1/08/2020 10:45:00 PM,RESP 21299227
1/08/2020 10:45:00 PM,230 Auth OK
1/08/2020 10:45:01 PM,TIME
1/08/2020 10:45:01 PM,211 TIME 1596321901
1/08/2020 10:45:01 PM,EVCOUNT 1
1/08/2020 10:45:01 PM,252 Event OK
1/08/2020 10:45:02 PM,TODO
1/08/2020 10:45:02 PM,226 Nothing to do
1/08/2020 10:45:03 PM,EVENT 50512 1596321890 -310122108/1219233584/611/13/12 INPUT 3 0 57 v:122
1/08/2020 10:45:03 PM,252 Event OK
1/08/2020 10:45:03 PM,QUIT
1/08/2020 10:45:03 PM,221 Session ended - goodbye
1/08/2020 10:45:14 PM,UNIT 10604
1/08/2020 10:45:14 PM,333 CHAL 5EE14CC6
1/08/2020 10:45:14 PM,RESP 64233457
1/08/2020 10:45:14 PM,230 Auth OK
1/08/2020 10:45:15 PM,TIME
1/08/2020 10:45:15 PM,211 TIME 1596321915
1/08/2020 10:45:15 PM,EVCOUNT 8
1/08/2020 10:45:15 PM,252 Event OK
1/08/2020 10:45:16 PM,TODO
1/08/2020 10:45:16 PM,226 Nothing to do
1/08/2020 10:45:16 PM,EVENT 50513 1596321901 -310121365/1219233036/1323/13/0 INPUT 7 1 0 v:122
1/08/2020 10:45:16 PM,252 Event OK
1/08/2020 10:45:17 PM,EVENT 50514 1596321901 -310121365/1219233036/1323/13/0 INPUT 8 0 120 v:122
1/08/2020 10:45:17 PM,252 Event OK
1/08/2020 10:45:18 PM,EVENT 50515 1596321901 -310121370/1219233041/1376/13/20 INPUT 3 1 0 v:122
1/08/2020 10:45:18 PM,252 Event OK
1/08/2020 10:45:18 PM,EVENT 50516 1596321901 -310121374/1219233045/1430/13/20 INPUT 1 1 0 v:122
1/08/2020 10:45:18 PM,252 Event OK
1/08/2020 10:45:19 PM,EVENT 50517 1596321902 -310121395/1219233066/1532/13/20 INPUT 3 0 2 v:122
1/08/2020 10:45:19 PM,252 Event OK
1/08/2020 10:45:20 PM,EVENT 50518 1596321902 -310121395/1219233066/1532/13/20 INPUT 4 0 90 v:122
1/08/2020 10:45:20 PM,252 Event OK
1/08/2020 10:45:20 PM,EVENT 50519 1596321905 -310121440/1219233116/1662/13/0 TRIP 50502 59 39 13 10 111 v:122
1/08/2020 10:45:20 PM,252 Event OK
1/08/2020 10:45:21 PM,EVENT 50520 1596321905 -310121440/1219233116/1662/13/0 TRIPSUMMARY 50502 v:122
1/08/2020 10:45:21 PM,252 Event OK
1/08/2020 10:45:21 PM,QUIT
1/08/2020 10:45:21 PM,221 Session ended - goodbye
1/08/2020 10:55:05 PM,UNIT 10604
1/08/2020 10:55:05 PM,333 CHAL 3D361BD4
1/08/2020 10:55:06 PM,RESP B8CCC7AE
1/08/2020 10:55:06 PM,230 Auth OK
1/08/2020 10:55:06 PM,TIME
1/08/2020 10:55:06 PM,211 TIME 1596322506
1/08/2020 10:55:07 PM,EVCOUNT 2
1/08/2020 10:55:07 PM,252 Event OK
1/08/2020 10:55:07 PM,TODO
1/08/2020 10:55:07 PM,226 Nothing to do
1/08/2020 10:55:08 PM,EVENT 50521 1596322496 -310121484/1219233074/1660/8/0 INPUT 8 1 0 v:122
1/08/2020 10:55:08 PM,252 Event OK
1/08/2020 10:55:09 PM,EVENT 50522 1596322496 -310121484/1219233074/1660/8/0 INPUT 7 0 595 v:122
1/08/2020 10:55:09 PM,252 Event OK
1/08/2020 10:55:09 PM,QUIT
1/08/2020 10:55:09 PM,221 Session ended - goodbye
1/08/2020 10:55:20 PM,UNIT 10604
1/08/2020 10:55:20 PM,333 CHAL 79664737
1/08/2020 10:55:20 PM,RESP B09B0A6B
1/08/2020 10:55:20 PM,230 Auth OK
1/08/2020 10:55:21 PM,TIME
1/08/2020 10:55:21 PM,211 TIME 1596322521
1/08/2020 10:55:21 PM,EVCOUNT 1
1/08/2020 10:55:21 PM,252 Event OK
1/08/2020 10:55:22 PM,TODO
1/08/2020 10:55:22 PM,226 Nothing to do
1/08/2020 10:55:23 PM,EVENT 50523 1596322506 -310121403/1219233086/1614/9/0 SIGNON 2489 01effad3 OK 26 80296 0 v:122
1/08/2020 10:55:23 PM,252 Event OK
1/08/2020 10:55:23 PM,QUIT
1/08/2020 10:55:23 PM,221 Session ended - goodbye
1/08/2020 10:55:33 PM,UNIT 10604
1/08/2020 10:55:33 PM,333 CHAL 55AEEEA7
1/08/2020 10:55:34 PM,RESP 42B71C42
1/08/2020 10:55:34 PM,230 Auth OK
1/08/2020 10:55:35 PM,TIME
1/08/2020 10:55:35 PM,211 TIME 1596322535
1/08/2020 10:55:35 PM,EVCOUNT 5
1/08/2020 10:55:35 PM,252 Event OK
1/08/2020 10:55:36 PM,TODO
1/08/2020 10:55:36 PM,226 Nothing to do
1/08/2020 10:55:36 PM,EVENT 50524 1596322516 -310121405/1219233125/1617/9/0 INPUT 7 1 0 v:122
1/08/2020 10:55:36 PM,252 Event OK
1/08/2020 10:55:37 PM,EVENT 50525 1596322517 -310121406/1219233126/1619/9/0 INPUT 7 0 0 v:122
1/08/2020 10:55:37 PM,252 Event OK
1/08/2020 10:55:38 PM,EVENT 50526 1596322518 -310121409/1219233130/1621/9/0 INPUT 1 0 616 v:122
1/08/2020 10:55:38 PM,252 Event OK
1/08/2020 10:55:38 PM,EVENT 50527 1596322519 -310121414/1219233134/1620/9/0 INPUT 4 1 0 v:122
1/08/2020 10:55:38 PM,252 Event OK
1/08/2020 10:55:39 PM,EVENT 50528 1596322519 -310121414/1219233134/1620/9/0 OILPRESSURE 50523 8 v:122
1/08/2020 10:55:39 PM,252 Event OK
1/08/2020 10:55:40 PM,QUIT
1/08/2020 10:55:40 PM,221 Session ended - goodbye
1/08/2020 10:56:06 PM,UNIT 10604
1/08/2020 10:56:06 PM,333 CHAL 739DE431
1/08/2020 10:56:06 PM,RESP 5E0CF97C
1/08/2020 10:56:06 PM,230 Auth OK
1/08/2020 10:56:07 PM,TIME
1/08/2020 10:56:07 PM,211 TIME 1596322567
1/08/2020 10:56:07 PM,EVCOUNT 1
1/08/2020 10:56:07 PM,252 Event OK
1/08/2020 10:56:08 PM,TODO
1/08/2020 10:56:08 PM,226 Nothing to do
1/08/2020 10:56:09 PM,EVENT 50529 1596322556 -310122913/1219233107/730/10/4 INPUT 3 1 0 v:122
1/08/2020 10:56:09 PM,252 Event OK
1/08/2020 10:56:09 PM,QUIT
1/08/2020 10:56:09 PM,221 Session ended - goodbye
1/08/2020 10:56:36 PM,UNIT 10604
1/08/2020 10:56:36 PM,333 CHAL 1092592E
1/08/2020 10:56:37 PM,RESP 60E1D859
1/08/2020 10:56:37 PM,230 Auth OK
1/08/2020 10:56:37 PM,TIME
1/08/2020 10:56:37 PM,211 TIME 1596322597
1/08/2020 10:56:38 PM,EVCOUNT 2
1/08/2020 10:56:38 PM,252 Event OK
1/08/2020 10:56:38 PM,TODO
1/08/2020 10:56:38 PM,226 Nothing to do
1/08/2020 10:56:39 PM,EVENT 50530 1596322586 -310119232/1219234397/604/8/10 INPUT 3 0 30 v:122
1/08/2020 10:56:39 PM,252 Event OK
1/08/2020 10:56:40 PM,EVENT 50531 1596322588 -310118977/1219234212/600/8/8 INPUT 3 1 0 v:122
1/08/2020 10:56:40 PM,252 Event OK
1/08/2020 10:56:41 PM,QUIT
1/08/2020 10:56:41 PM,221 Session ended - goodbye
1/08/2020 10:56:54 PM,UNIT 10604
1/08/2020 10:56:54 PM,333 CHAL 61D621A8
1/08/2020 10:56:54 PM,RESP BBF98AC6
1/08/2020 10:56:54 PM,230 Auth OK
1/08/2020 10:56:55 PM,TIME
1/08/2020 10:56:55 PM,211 TIME 1596322615
1/08/2020 10:56:55 PM,EVCOUNT 1
1/08/2020 10:56:55 PM,252 Event OK
1/08/2020 10:56:56 PM,TODO
1/08/2020 10:56:56 PM,226 Nothing to do
1/08/2020 10:56:56 PM,EVENT 50532 1596322604 -310121503/1219229300/639/3/10 INPUT 3 0 17 v:122
1/08/2020 10:56:56 PM,252 Event OK
1/08/2020 10:56:57 PM,QUIT
1/08/2020 10:56:57 PM,221 Session ended - goodbye
1/08/2020 10:57:13 PM,UNIT 10604
1/08/2020 10:57:13 PM,333 CHAL C4E6494
1/08/2020 10:57:13 PM,RESP FD4D9CA4
1/08/2020 10:57:13 PM,230 Auth OK
1/08/2020 10:57:14 PM,TIME
1/08/2020 10:57:14 PM,211 TIME 1596322634
1/08/2020 10:57:14 PM,EVCOUNT 2
1/08/2020 10:57:14 PM,252 Event OK
1/08/2020 10:57:15 PM,TODO
1/08/2020 10:57:15 PM,226 Nothing to do
1/08/2020 10:57:15 PM,EVENT 50533 1596322623 -310121712/1219229111/730/3/0 INPUT 4 0 105 v:122
1/08/2020 10:57:15 PM,252 Event OK
1/08/2020 10:57:16 PM,EVENT 50534 1596322623 -310121712/1219229111/730/3/0 INPUT 4 1 0 v:122
1/08/2020 10:57:16 PM,252 Event OK
1/08/2020 10:57:17 PM,EVENT 50535 1596322629 -310121833/1219228886/692/3/0 INPUT 4 0 6 v:122
1/08/2020 10:57:17 PM,252 Event OK
1/08/2020 10:57:17 PM,EVENT 50536 1596322629 -310121833/1219228886/692/3/0 INPUT 4 1 0 v:122
1/08/2020 10:57:17 PM,252 Event OK
1/08/2020 10:57:18 PM,QUIT
1/08/2020 10:57:18 PM,221 Session ended - goodbye
1/08/2020 10:57:29 PM,UNIT 10604
1/08/2020 10:57:29 PM,333 CHAL 5A5DB475
1/08/2020 10:57:29 PM,RESP B6E80D1B
1/08/2020 10:57:29 PM,230 Auth OK
1/08/2020 10:57:30 PM,TIME
1/08/2020 10:57:30 PM,211 TIME 1596322650
1/08/2020 10:57:32 PM,EVCOUNT 1
1/08/2020 10:57:32 PM,252 Event OK
1/08/2020 10:57:33 PM,TODO
1/08/2020 10:57:33 PM,226 Nothing to do
1/08/2020 10:57:37 PM,EVENT 50537 1596322636 -310121922/1219228596/686/3/3 INPUT 3 1 0 v:122
1/08/2020 10:57:37 PM,252 Event OK
2/08/2020 9:17:23 AM,UNIT 10604
2/08/2020 9:17:23 AM,333 CHAL 6887E93D
2/08/2020 9:17:24 AM,RESP B7D8FBB8
2/08/2020 9:17:24 AM,230 Auth OK
2/08/2020 9:17:24 AM,TIME
2/08/2020 9:17:24 AM,211 TIME 1596359844
2/08/2020 9:17:26 AM,EVCOUNT 1030
2/08/2020 9:17:26 AM,252 Event OK
2/08/2020 9:17:26 AM,TODO
2/08/2020 9:17:26 AM,226 Nothing to do
2/08/2020 9:17:27 AM,EVENT 50538 1596322747 0/0/0/0/21 ENGINEOVERSPEED 50523 7 3505 v:122
2/08/2020 9:17:27 AM,252 Event OK
2/08/2020 9:17:27 AM,EVENT 50539 1596322815 0/0/0/0/10 INPUT 3 0 180 v:122
2/08/2020 9:17:27 AM,252 Event OK
2/08/2020 9:17:27 AM,EVENT 50540 1596322860 0/0/0/0/0 INPUT 4 0 231 v:122
2/08/2020 9:17:27 AM,252 Event OK
2/08/2020 9:17:28 AM,EVENT 50541 1596322860 0/0/0/0/0 INPUT 4 1 0 v:122
2/08/2020 9:17:28 AM,252 Event OK
2/08/2020 9:17:29 AM,EVENT 50542 1596322874 0/0/0/0/5 INPUT 3 1 0 v:122
2/08/2020 9:17:29 AM,252 Event OK
2/08/2020 9:17:29 AM,EVENT 50543 1596323076 0/0/0/0/22 ENGINEOVERSPEED 50523 21 3478 v:122
2/08/2020 9:17:29 AM,252 Event OK
2/08/2020 9:17:30 AM,EVENT 50544 1596323093 0/0/0/0/20 ENGINEOVERSPEED 50523 7 3428 v:122
2/08/2020 9:17:30 AM,252 Event OK
2/08/2020 9:17:30 AM,EVENT 50545 1596323114 0/0/0/0/20 ENGINEOVERSPEED 50523 8 3502 v:122
2/08/2020 9:17:30 AM,252 Event OK
2/08/2020 9:17:30 AM,EVENT 50546 1596323628 0/0/0/0/16 INPUT 3 0 755 v:122
2/08/2020 9:17:30 AM,252 Event OK
2/08/2020 9:17:31 AM,EVENT 50547 1596323634 0/0/0/0/5 REPORT 50523 0 0 v:122
2/08/2020 9:17:31 AM,252 Event OK
2/08/2020 9:17:31 AM,EVENT 50548 1596323647 0/0/0/0/4 INPUT 3 1 0 v:122
2/08/2020 9:17:31 AM,252 Event OK
2/08/2020 9:17:31 AM,EVENT 50549 1596323717 0/0/0/0/10 INPUT 3 0 71 v:122
2/08/2020 9:17:31 AM,252 Event OK
2/08/2020 9:17:32 AM,EVENT 50550 1596323751 0/0/0/0/0 INPUT 4 0 891 v:122
2/08/2020 9:17:32 AM,252 Event OK
2/08/2020 9:17:33 AM,EVENT 50551 1596323751 0/0/0/0/0 INPUT 4 1 0 v:122
2/08/2020 9:17:33 AM,252 Event OK
2/08/2020 9:17:33 AM,EVENT 50552 1596323754 0/0/0/0/6 INPUT 3 1 0 v:122
2/08/2020 9:17:33 AM,252 Event OK
2/08/2020 9:17:33 AM,EVENT 50553 1596323907 0/0/0/0/12 INPUT 3 0 153 v:122
2/08/2020 9:17:33 AM,252 Event OK
2/08/2020 9:17:34 AM,EVENT 50554 1596323908 0/0/0/0/8 INPUT 3 1 0 v:121
2/08/2020 9:17:34 AM,252 Event OK
2/08/2020 9:17:34 AM,EVENT 50555 1596323913 0/0/0/0/9 INPUT 3 0 6 v:122
2/08/2020 9:17:34 AM,252 Event OK
2/08/2020 9:17:34 AM,EVENT 50556 1596323919 0/0/0/0/6 INPUT 3 1 0 v:122
2/08/2020 9:17:34 AM,252 Event OK
2/08/2020 9:17:35 AM,EVENT 50557 1596323972 0/0/0/0/9 INPUT 3 0 53 v:122
2/08/2020 9:17:35 AM,252 Event OK
2/08/2020 9:17:35 AM,EVENT 50558 1596323973 0/0/0/0/9 INPUT 3 1 0 v:122
2/08/2020 9:17:35 AM,252 Event OK
2/08/2020 9:17:35 AM,EVENT 50559 1596323973 0/0/0/0/9 INPUT 3 0 1 v:122
2/08/2020 9:17:35 AM,252 Event OK
2/08/2020 9:17:36 AM,EVENT 50560 1596323975 0/0/0/0/4 INPUT 7 1 0 v:122
2/08/2020 9:17:36 AM,252 Event OK
2/08/2020 9:17:36 AM,EVENT 50561 1596323975 0/0/0/0/4 INPUT 8 0 1480 v:122
2/08/2020 9:17:36 AM,252 Event OK
2/08/2020 9:17:36 AM,EVENT 50562 1596323976 0/0/0/0/3 INPUT 1 1 0 v:122
2/08/2020 9:17:36 AM,252 Event OK
2/08/2020 9:17:37 AM,EVENT 50563 1596323977 0/0/0/0/3 INPUT 4 0 226 v:122
2/08/2020 9:17:37 AM,252 Event OK
2/08/2020 9:17:37 AM,EVENT 50564 1596323980 0/0/0/0/0 TRIP 50523 1266 193 15 12 1474 v:122
2/08/2020 9:17:37 AM,252 Event OK
2/08/2020 9:17:37 AM,EVENT 50565 1596323980 0/0/0/0/0 TRIPSUMMARY 50523 v:122
2/08/2020 9:17:37 AM,252 Event OK
2/08/2020 9:17:38 AM,EVENT 50566 1596324129 0/0/0/0/0 INPUT 8 1 0 v:122
2/08/2020 9:17:38 AM,252 Event OK
2/08/2020 9:17:38 AM,EVENT 50567 1596324129 0/0/0/0/0 INPUT 7 0 153 v:122
2/08/2020 9:17:38 AM,252 Event OK
2/08/2020 9:17:38 AM,EVENT 50568 1596324137 0/0/0/0/0 SIGNON 2489 01effad3 OK 26 80296 0 v:122
2/08/2020 9:17:38 AM,252 Event OK
2/08/2020 9:17:39 AM,EVENT 50569 1596324143 0/0/0/0/0 INPUT 4 1 0 v:122
2/08/2020 9:17:39 AM,252 Event OK
2/08/2020 9:17:39 AM,EVENT 50570 1596324144 0/0/0/0/0 INPUT 1 0 168 v:122
2/08/2020 9:17:39 AM,252 Event OK
2/08/2020 9:17:39 AM,EVENT 50571 1596324145 0/0/0/0/0 OILPRESSURE 50568 2 v:122
2/08/2020 9:17:39 AM,252 Event OK
2/08/2020 9:17:40 AM,EVENT 50572 1596324147 0/0/0/0/0 INPUT 4 0 5 v:122
2/08/2020 9:17:40 AM,252 Event OK
2/08/2020 9:17:40 AM,EVENT 50573 1596324148 0/0/0/0/0 INPUT 4 1 0 v:122
2/08/2020 9:17:40 AM,252 Event OK
2/08/2020 9:17:40 AM,EVENT 50574 1596324162 0/0/0/0/4 INPUT 3 1 0 v:122
2/08/2020 9:17:40 AM,252 Event OK
2/08/2020 9:17:41 AM,EVENT 50575 1596324370 0/0/0/0/9 INPUT 3 0 209 v:122
2/08/2020 9:17:41 AM,252 Event OK
2/08/2020 9:17:41 AM,EVENT 50576 1596324373 0/0/0/0/7 INPUT 3 1 0 v:122
2/08/2020 9:17:41 AM,252 Event OK
2/08/2020 9:17:41 AM,EVENT 50577 1596324375 0/0/0/0/9 INPUT 3 0 2 v:122
2/08/2020 9:17:41 AM,252 Event OK
2/08/2020 9:17:42 AM,EVENT 50578 1596324376 0/0/0/0/8 INPUT 3 1 0 v:121
2/08/2020 9:17:42 AM,252 Event OK
2/08/2020 9:17:42 AM,EVENT 50579 1596324377 0/0/0/0/8 INPUT 3 0 0 v:121
2/08/2020 9:17:42 AM,252 Event OK
2/08/2020 9:17:42 AM,EVENT 50580 1596324567 0/0/0/0/0 INPUT 4 0 420 v:122
2/08/2020 9:17:42 AM,252 Event OK
2/08/2020 9:17:43 AM,EVENT 50581 1596324567 0/0/0/0/0 INPUT 4 1 0 v:122
2/08/2020 9:17:43 AM,252 Event OK
2/08/2020 9:17:43 AM,EVENT 50582 1596324571 0/0/0/0/5 INPUT 3 1 0 v:122
2/08/2020 9:17:43 AM,252 Event OK
2/08/2020 9:17:43 AM,EVENT 50583 1596324572 0/0/0/0/8 INPUT 3 0 1 v:122
2/08/2020 9:17:43 AM,252 Event OK
2/08/2020 9:17:44 AM,EVENT 50584 1596324591 0/0/0/0/5 INPUT 3 1 0 v:122
2/08/2020 9:17:44 AM,252 Event OK
2/08/2020 9:17:44 AM,EVENT 50585 1596324634 0/0/0/0/9 INPUT 3 0 44 v:122
2/08/2020 9:17:44 AM,252 Event OK
2/08/2020 9:17:44 AM,EVENT 50586 1596324654 0/0/0/0/6 INPUT 3 1 0 v:122
2/08/2020 9:17:44 AM,252 Event OK
2/08/2020 9:17:45 AM,EVENT 50587 1596324669 0/0/0/0/9 INPUT 3 0 14 v:122
2/08/2020 9:17:45 AM,252 Event OK
2/08/2020 9:17:45 AM,EVENT 50588 1596324671 0/0/0/0/8 INPUT 3 1 0 v:122
2/08/2020 9:17:45 AM,252 Event OK
2/08/2020 9:17:45 AM,EVENT 50589 1596324671 0/0/0/0/9 INPUT 3 0 1 v:122
2/08/2020 9:17:45 AM,252 Event OK
2/08/2020 9:17:46 AM,EVENT 50590 1596324686 0/0/0/0/2 INPUT 4 0 119 v:122
2/08/2020 9:17:46 AM,252 Event OK
2/08/2020 9:17:46 AM,EVENT 50591 1596324686 0/0/0/0/2 INPUT 4 1 0 v:122
2/08/2020 9:17:46 AM,252 Event OK
2/08/2020 9:17:46 AM,EVENT 50592 1596324698 0/0/0/0/3 INPUT 3 1 0 v:122
2/08/2020 9:17:46 AM,252 Event OK
2/08/2020 9:17:47 AM,EVENT 50593 1596324703 0/0/0/0/9 INPUT 3 0 6 v:122
2/08/2020 9:17:47 AM,252 Event OK
2/08/2020 9:17:47 AM,EVENT 50594 1596324727 0/0/0/0/8 INPUT 3 1 0 v:122
2/08/2020 9:17:47 AM,252 Event OK
2/08/2020 9:17:47 AM,EVENT 50595 1596324732 0/0/0/0/9 INPUT 3 0 5 v:122
2/08/2020 9:17:47 AM,252 Event OK
2/08/2020 9:17:48 AM,EVENT 50596 1596324746 0/0/0/0/0 INPUT 7 1 0 v:122
2/08/2020 9:17:48 AM,252 Event OK
2/08/2020 9:17:48 AM,EVENT 50597 1596324746 0/0/0/0/0 INPUT 8 0 617 v:122
2/08/2020 9:17:48 AM,252 Event OK
2/08/2020 9:17:48 AM,EVENT 50598 1596324746 0/0/0/0/0 INPUT 1 1 0 v:122
2/08/2020 9:17:48 AM,252 Event OK
2/08/2020 9:17:49 AM,EVENT 50599 1596324748 0/0/0/0/0 INPUT 4 0 62 v:122
2/08/2020 9:17:49 AM,252 Event OK
2/08/2020 9:17:49 AM,EVENT 50600 1596324750 0/0/0/0/0 TRIP 50568 282 324 7 5 613 v:122
2/08/2020 9:17:49 AM,252 Event OK
2/08/2020 9:17:50 AM,EVENT 50601 1596324750 0/0/0/0/0 TRIPSUMMARY 50568 v:122
2/08/2020 9:17:50 AM,252 Event OK
2/08/2020 9:17:50 AM,EVENT 50602 1596326273 0/0/0/99/0 INPUT 8 1 0 v:122
2/08/2020 9:17:50 AM,252 Event OK
2/08/2020 9:17:51 AM,EVENT 50603 1596326273 0/0/0/99/0 INPUT 7 0 1528 v:122
2/08/2020 9:17:51 AM,252 Event OK
2/08/2020 9:17:51 AM,EVENT 50604 1596326312 0/0/0/0/0 SWSTART OpusFC 5.0.58.510 R v:122
2/08/2020 9:17:51 AM,252 Event OK
2/08/2020 9:17:52 AM,EVENT 50605 1596324750 0/0/0/0/0 POWERDOWN v:122
2/08/2020 9:17:52 AM,252 Event OK
2/08/2020 9:17:53 AM,EVENT 50606 1596326312 0/0/0/0/0 INPUT 1 1 0 v:122
2/08/2020 9:17:53 AM,252 Event OK
2/08/2020 9:17:53 AM,EVENT 50607 1596326313 0/0/0/0/0 INPUT 2 0 0 v:122
2/08/2020 9:17:53 AM,252 Event OK
2/08/2020 9:17:53 AM,EVENT 50608 1596326313 0/0/0/0/0 INPUT 3 0 0 v:122
2/08/2020 9:17:53 AM,252 Event OK
2/08/2020 9:17:54 AM,EVENT 50609 1596326313 0/0/0/0/0 INPUT 4 0 0 v:122
2/08/2020 9:17:54 AM,252 Event OK
2/08/2020 9:17:54 AM,EVENT 50610 1596326313 0/0/0/0/0 INPUT 7 0 0 v:122
2/08/2020 9:17:54 AM,252 Event OK
2/08/2020 9:17:55 AM,EVENT 50611 1596326313 0/0/0/0/0 INPUT 8 1 0 v:122
2/08/2020 9:17:55 AM,252 Event OK
2/08/2020 9:17:55 AM,EVENT 50612 1596326314 0/0/0/0/0 ZONE_OK 2 100 FW=NO VERSION v:122
2/08/2020 9:17:55 AM,252 Event OK
2/08/2020 9:17:57 AM,EVENT 50613 1596326323 0/0/0/0/0 SIGNON 2489 01effad3 OK 26 80296 0 v:122
2/08/2020 9:17:57 AM,252 Event OK
2/08/2020 9:17:57 AM,EVENT 50614 1596326333 0/0/0/99/0 INPUT 7 1 0 v:123
2/08/2020 9:17:57 AM,252 Event OK
2/08/2020 9:17:58 AM,EVENT 50615 1596326333 0/0/0/99/0 INPUT 4 1 0 v:123
2/08/2020 9:17:58 AM,252 Event OK
2/08/2020 9:17:59 AM,EVENT 50616 1596326333 0/0/0/99/0 INPUT 7 0 0 v:123
2/08/2020 9:17:59 AM,252 Event OK
2/08/2020 9:17:59 AM,EVENT 50617 1596326335 0/0/0/99/0 INPUT 1 0 22 v:123
2/08/2020 9:17:59 AM,252 Event OK
2/08/2020 9:18:00 AM,EVENT 50618 1596326336 0/0/0/0/0 OILPRESSURE 50613 8 v:123
2/08/2020 9:18:00 AM,252 Event OK
2/08/2020 9:18:00 AM,EVENT 50619 1596326345 0/0/0/0/8 INPUT 3 1 0 v:123
2/08/2020 9:18:00 AM,252 Event OK
2/08/2020 9:18:00 AM,EVENT 50620 1596326350 0/0/0/0/9 INPUT 3 0 5 v:122
2/08/2020 9:18:00 AM,252 Event OK
2/08/2020 9:18:01 AM,EVENT 50621 1596326351 0/0/0/0/8 INPUT 3 1 0 v:122
2/08/2020 9:18:01 AM,252 Event OK
2/08/2020 9:18:01 AM,EVENT 50622 1596326353 0/0/0/0/9 INPUT 3 0 3 v:122
2/08/2020 9:18:01 AM,252 Event OK
2/08/2020 9:18:02 AM,EVENT 50623 1596326354 0/0/0/0/8 INPUT 3 1 0 v:123
2/08/2020 9:18:02 AM,252 Event OK
2/08/2020 9:18:02 AM,EVENT 50624 1596326375 0/0/0/0/9 INPUT 3 0 20 v:123
2/08/2020 9:18:02 AM,252 Event OK
2/08/2020 9:18:03 AM,EVENT 50625 1596326382 0/0/0/0/3 INPUT 7 1 0 v:123
2/08/2020 9:18:03 AM,252 Event OK
2/08/2020 9:18:04 AM,EVENT 50626 1596326382 0/0/0/0/3 INPUT 8 0 70 v:122
2/08/2020 9:18:04 AM,252 Event OK
2/08/2020 9:18:05 AM,EVENT 50627 1596326382 0/0/0/0/3 ENGINEOVERSPEED 50613 32 4175 v:122
2/08/2020 9:18:05 AM,252 Event OK
2/08/2020 9:18:05 AM,EVENT 50628 1596326383 0/0/0/0/3 INPUT 1 1 0 v:122
2/08/2020 9:18:05 AM,252 Event OK
2/08/2020 9:18:06 AM,EVENT 50629 1596326384 0/0/0/0/3 INPUT 4 0 52 v:122
2/08/2020 9:18:06 AM,252 Event OK
2/08/2020 9:18:06 AM,EVENT 50630 1596326387 0/0/0/0/0 TRIP 50613 28 24 12 9 64 v:122
2/08/2020 9:18:06 AM,252 Event OK
2/08/2020 9:18:06 AM,EVENT 50631 1596326387 0/0/0/0/0 TRIPSUMMARY 50613 v:122
2/08/2020 9:18:06 AM,252 Event OK
2/08/2020 9:18:07 AM,EVENT 50632 1596326399 0/0/0/0/0 INPUT 8 1 0 v:122
2/08/2020 9:18:07 AM,252 Event OK
2/08/2020 9:18:07 AM,EVENT 50633 1596326399 0/0/0/0/0 INPUT 7 0 16 v:122
2/08/2020 9:18:07 AM,252 Event OK
2/08/2020 9:18:07 AM,EVENT 50634 1596326406 0/0/0/0/0 SIGNON 2489 01effad3 OK 26 80296 0 v:122
2/08/2020 9:18:07 AM,252 Event OK
2/08/2020 9:18:08 AM,EVENT 50635 1596326411 0/0/0/0/0 INPUT 7 1 0 v:122
2/08/2020 9:18:08 AM,252 Event OK
2/08/2020 9:18:08 AM,EVENT 50636 1596326412 0/0/0/0/0 INPUT 4 1 0 v:122
2/08/2020 9:18:08 AM,252 Event OK
2/08/2020 9:18:08 AM,EVENT 50637 1596326412 0/0/0/0/0 INPUT 7 0 0 v:122
2/08/2020 9:18:08 AM,252 Event OK
2/08/2020 9:18:09 AM,EVENT 50638 1596326412 0/0/0/0/0 INPUT 1 0 30 v:122
2/08/2020 9:18:09 AM,252 Event OK
2/08/2020 9:18:09 AM,EVENT 50639 1596326414 0/0/0/0/0 OILPRESSURE 50634 3 v:122
2/08/2020 9:18:09 AM,252 Event OK
2/08/2020 9:18:09 AM,EVENT 50640 1596326417 0/0/0/0/5 INPUT 3 1 0 v:123
2/08/2020 9:18:09 AM,252 Event OK
2/08/2020 9:18:10 AM,EVENT 50641 1596326438 0/0/0/0/12 INPUT 3 0 21 v:122
2/08/2020 9:18:10 AM,252 Event OK
2/08/2020 9:18:10 AM,EVENT 50642 1596326441 0/0/0/0/3 INPUT 7 1 0 v:123
2/08/2020 9:18:10 AM,252 Event OK
2/08/2020 9:18:11 AM,EVENT 50643 1596326441 0/0/0/0/3 INPUT 8 0 43 v:123
2/08/2020 9:18:11 AM,252 Event OK
2/08/2020 9:18:11 AM,EVENT 50644 1596326442 0/0/0/0/3 INPUT 1 1 0 v:122
2/08/2020 9:18:11 AM,252 Event OK
2/08/2020 9:18:11 AM,EVENT 50645 1596326443 0/0/0/0/3 INPUT 4 0 32 v:122
2/08/2020 9:18:11 AM,252 Event OK
2/08/2020 9:18:12 AM,EVENT 50646 1596326446 0/0/0/0/0 TRIP 50634 21 11 8 5 40 v:122
2/08/2020 9:18:12 AM,252 Event OK
2/08/2020 9:18:12 AM,EVENT 50647 1596326446 0/0/0/0/0 TRIPSUMMARY 50634 v:122
2/08/2020 9:18:12 AM,252 Event OK
2/08/2020 9:18:13 AM,EVENT 50648 1596326497 0/0/0/0/0 REPORT * 0 0 v:122
2/08/2020 9:18:13 AM,252 Event OK
2/08/2020 9:18:14 AM,EVENT 50649 1596326961 0/0/0/0/0 INPUT 8 1 0 v:122
2/08/2020 9:18:14 AM,252 Event OK
2/08/2020 9:18:14 AM,EVENT 50650 1596326962 0/0/0/0/0 INPUT 7 0 520 v:122
2/08/2020 9:18:14 AM,252 Event OK
2/08/2020 9:18:15 AM,EVENT 50651 1596326969 0/0/0/0/0 SIGNON 2489 01effad3 OK 26 80296 0 v:122
2/08/2020 9:18:15 AM,252 Event OK
2/08/2020 9:18:15 AM,EVENT 50652 1596326975 0/0/0/0/0 INPUT 7 1 0 v:122
2/08/2020 9:18:15 AM,252 Event OK
2/08/2020 9:18:16 AM,EVENT 50653 1596326975 0/0/0/0/0 INPUT 7 0 0 v:122
2/08/2020 9:18:16 AM,252 Event OK
2/08/2020 9:18:16 AM,EVENT 50654 1596326975 0/0/0/0/0 INPUT 4 1 0 v:122
2/08/2020 9:18:16 AM,252 Event OK
2/08/2020 9:18:17 AM,EVENT 50655 1596326976 0/0/0/0/0 INPUT 1 0 534 v:122
2/08/2020 9:18:17 AM,252 Event OK
2/08/2020 9:18:18 AM,EVENT 50656 1596326977 0/0/0/0/0 OILPRESSURE 50651 3 v:122
2/08/2020 9:18:18 AM,252 Event OK
2/08/2020 9:18:19 AM,EVENT 50657 1596326979 0/0/0/0/0 INPUT 4 0 5 v:122
2/08/2020 9:18:19 AM,252 Event OK
2/08/2020 9:18:21 AM,EVENT 50658 1596326979 0/0/0/0/0 INPUT 4 1 0 v:122
2/08/2020 9:18:21 AM,252 Event OK
2/08/2020 9:18:21 AM,EVENT 50659 1596327021 0/0/0/99/8 INPUT 3 1 0 v:122
2/08/2020 9:18:21 AM,252 Event OK
2/08/2020 9:18:22 AM,EVENT 50660 1596327039 0/0/0/0/17 INPUT 3 0 18 v:122
2/08/2020 9:18:22 AM,252 Event OK
2/08/2020 9:18:22 AM,EVENT 50661 1596327044 0/0/0/0/0 INPUT 7 1 0 v:122
2/08/2020 9:18:22 AM,252 Event OK
2/08/2020 9:18:22 AM,EVENT 50662 1596327044 0/0/0/0/0 INPUT 8 0 82 v:122
2/08/2020 9:18:22 AM,252 Event OK
2/08/2020 9:18:23 AM,EVENT 50663 1596327044 0/0/0/0/0 INPUT 1 1 0 v:122
2/08/2020 9:18:23 AM,252 Event OK
2/08/2020 9:18:23 AM,EVENT 50664 1596327045 0/0/0/0/0 INPUT 4 0 66 v:122
2/08/2020 9:18:23 AM,252 Event OK
2/08/2020 9:18:24 AM,EVENT 50665 1596327048 0/0/0/0/0 TRIP 50651 18 53 8 5 79 v:122
2/08/2020 9:18:24 AM,252 Event OK
2/08/2020 9:18:24 AM,EVENT 50666 1596327048 0/0/0/0/0 TRIPSUMMARY 50651 v:122
2/08/2020 9:18:24 AM,252 Event OK
2/08/2020 9:18:24 AM,EVENT 50667 1596327076 0/0/0/0/0 INPUT 8 1 0 v:122
2/08/2020 9:18:24 AM,252 Event OK
2/08/2020 9:18:25 AM,EVENT 50668 1596327076 0/0/0/0/0 INPUT 7 0 32 v:122
2/08/2020 9:18:25 AM,252 Event OK
2/08/2020 9:18:25 AM,EVENT 50669 1596327084 0/0/0/0/0 SIGNON 2489 01effad3 OK 26 80296 0 v:122
2/08/2020 9:18:25 AM,252 Event OK
2/08/2020 9:18:26 AM,EVENT 50670 1596327089 0/0/0/0/0 INPUT 7 1 0 v:122
2/08/2020 9:18:26 AM,252 Event OK
2/08/2020 9:18:26 AM,EVENT 50671 1596327089 0/0/0/0/0 INPUT 7 0 1 v:122
2/08/2020 9:18:26 AM,252 Event OK
2/08/2020 9:18:26 AM,EVENT 50672 1596327090 0/0/0/0/0 INPUT 1 0 45 v:122
2/08/2020 9:18:26 AM,252 Event OK
2/08/2020 9:18:27 AM,EVENT 50673 1596327090 0/0/0/0/0 INPUT 4 1 0 v:122
2/08/2020 9:18:27 AM,252 Event OK
2/08/2020 9:18:27 AM,EVENT 50674 1596327091 0/0/0/0/0 OILPRESSURE 50669 2 v:122
2/08/2020 9:18:27 AM,252 Event OK
2/08/2020 9:18:28 AM,EVENT 50675 1596327093 0/0/0/0/5 INPUT 3 1 0 v:122
2/08/2020 9:18:28 AM,252 Event OK
2/08/2020 9:18:29 AM,EVENT 50676 1596327101 0/0/0/0/9 INPUT 3 0 8 v:122
2/08/2020 9:18:29 AM,252 Event OK
2/08/2020 9:18:29 AM,EVENT 50677 1596327103 0/0/0/0/8 INPUT 3 1 0 v:122
2/08/2020 9:18:29 AM,252 Event OK
2/08/2020 9:18:29 AM,EVENT 50678 1596327295 0/0/0/0/13 INPUT 3 0 192 v:122
2/08/2020 9:18:29 AM,252 Event OK
2/08/2020 9:18:30 AM,EVENT 50679 1596327306 0/0/0/0/4 INPUT 3 1 0 v:122
2/08/2020 9:18:30 AM,252 Event OK
2/08/2020 9:18:31 AM,EVENT 50680 1596327356 0/0/0/99/20 ENGINEOVERSPEED 50669 27 3668 v:122
2/08/2020 9:18:31 AM,252 Event OK
2/08/2020 9:18:31 AM,EVENT 50681 1596327412 0/0/0/0/13 INPUT 3 0 107 v:122
2/08/2020 9:18:31 AM,252 Event OK
2/08/2020 9:18:32 AM,EVENT 50682 1596327438 0/0/0/0/5 INPUT 3 1 0 v:122
2/08/2020 9:18:32 AM,252 Event OK
2/08/2020 9:18:32 AM,EVENT 50683 1596327493 0/0/0/0/10 INPUT 3 0 55 v:122
2/08/2020 9:18:32 AM,252 Event OK
2/08/2020 9:18:32 AM,EVENT 50684 1596327494 0/0/0/0/10 INPUT 7 1 0 v:122
2/08/2020 9:18:32 AM,252 Event OK
2/08/2020 9:18:33 AM,EVENT 50685 1596327494 0/0/0/0/10 INPUT 8 0 418 v:122
2/08/2020 9:18:33 AM,252 Event OK
2/08/2020 9:18:33 AM,EVENT 50686 1596327494 0/0/0/0/10 INPUT 1 1 0 v:121
2/08/2020 9:18:33 AM,252 Event OK
2/08/2020 9:18:34 AM,EVENT 50687 1596327496 0/0/0/0/10 INPUT 4 0 407 v:121
2/08/2020 9:18:34 AM,252 Event OK
2/08/2020 9:18:34 AM,EVENT 50688 1596327498 0/0/0/0/0 TRIP 50669 362 45 8 6 415 v:121
2/08/2020 9:18:34 AM,252 Event OK
2/08/2020 9:18:34 AM,EVENT 50689 1596327498 0/0/0/0/0 TRIPSUMMARY 50669 v:121
2/08/2020 9:18:34 AM,252 Event OK
2/08/2020 9:18:35 AM,EVENT 50690 1596327553 0/0/0/0/0 INPUT 8 1 0 v:121
2/08/2020 9:18:35 AM,252 Event OK
2/08/2020 9:18:35 AM,EVENT 50691 1596327553 0/0/0/0/0 INPUT 7 0 60 v:121
2/08/2020 9:18:35 AM,252 Event OK
2/08/2020 9:18:35 AM,EVENT 50692 1596327563 0/0/0/0/0 SIGNON 2489 01effad3 OK 26 80296 0 v:121
2/08/2020 9:18:35 AM,252 Event OK
2/08/2020 9:18:36 AM,EVENT 50693 1596327568 0/0/0/0/0 INPUT 7 1 0 v:122
2/08/2020 9:18:36 AM,252 Event OK
2/08/2020 9:18:36 AM,EVENT 50694 1596327568 0/0/0/0/0 INPUT 7 0 1 v:122
2/08/2020 9:18:36 AM,252 Event OK
2/08/2020 9:18:36 AM,EVENT 50695 1596327569 0/0/0/0/0 INPUT 1 0 74 v:122
2/08/2020 9:18:36 AM,252 Event OK
2/08/2020 9:18:37 AM,EVENT 50696 1596327569 0/0/0/0/0 INPUT 4 1 0 v:122
2/08/2020 9:18:37 AM,252 Event OK
2/08/2020 9:18:37 AM,EVENT 50697 1596327570 0/0/0/0/0 OILPRESSURE 50692 2 v:122
2/08/2020 9:18:37 AM,252 Event OK
2/08/2020 9:18:37 AM,EVENT 50698 1596327584 0/0/0/0/8 INPUT 3 1 0 v:122
2/08/2020 9:18:37 AM,252 Event OK
2/08/2020 9:18:38 AM,EVENT 50699 1596327589 0/0/0/0/9 INPUT 3 0 5 v:122
2/08/2020 9:18:38 AM,252 Event OK
2/08/2020 9:18:38 AM,EVENT 50700 1596327597 0/0/0/0/5 INPUT 3 1 0 v:122
2/08/2020 9:18:38 AM,252 Event OK
2/08/2020 9:18:38 AM,EVENT 50701 1596327599 0/0/0/0/18 ENGINEOVERSPEED 50692 13 4043 v:122
2/08/2020 9:18:38 AM,252 Event OK
2/08/2020 9:18:39 AM,EVENT 50702 1596327760 0/0/0/0/9 INPUT 3 0 163 v:122
2/08/2020 9:18:39 AM,252 Event OK
2/08/2020 9:18:39 AM,EVENT 50703 1596327775 0/0/0/0/8 INPUT 3 1 0 v:122
2/08/2020 9:18:39 AM,252 Event OK
2/08/2020 9:18:39 AM,EVENT 50704 1596327776 0/0/0/0/9 INPUT 3 0 1 v:122
2/08/2020 9:18:39 AM,252 Event OK
2/08/2020 9:18:40 AM,EVENT 50705 1596327817 0/0/0/0/5 INPUT 4 0 249 v:122
2/08/2020 9:18:40 AM,252 Event OK
2/08/2020 9:18:40 AM,EVENT 50706 1596327817 0/0/0/0/5 INPUT 4 1 0 v:122
2/08/2020 9:18:40 AM,252 Event OK
2/08/2020 9:18:40 AM,EVENT 50707 1596327821 0/0/0/0/4 INPUT 3 1 0 v:122
2/08/2020 9:18:40 AM,252 Event OK
2/08/2020 9:18:41 AM,EVENT 50708 1596327933 0/0/0/0/12 INPUT 3 0 111 v:122
2/08/2020 9:18:41 AM,252 Event OK
2/08/2020 9:18:41 AM,EVENT 50709 1596327936 0/0/0/0/7 INPUT 3 1 0 v:122
2/08/2020 9:18:41 AM,252 Event OK
2/08/2020 9:18:41 AM,EVENT 50710 1596327937 0/0/0/0/10 INPUT 3 0 2 v:121
2/08/2020 9:18:41 AM,252 Event OK
2/08/2020 9:18:42 AM,EVENT 50711 1596327950 0/0/0/0/6 INPUT 4 0 133 v:121
2/08/2020 9:18:42 AM,252 Event OK
2/08/2020 9:18:42 AM,EVENT 50712 1596327950 0/0/0/0/6 INPUT 4 1 0 v:121
2/08/2020 9:18:42 AM,252 Event OK
2/08/2020 9:18:43 AM,EVENT 50713 1596327953 0/0/0/0/5 INPUT 3 1 0 v:121
2/08/2020 9:18:43 AM,252 Event OK
2/08/2020 9:18:43 AM,EVENT 50714 1596327956 0/0/0/0/12 INPUT 3 0 2 v:121
2/08/2020 9:18:43 AM,252 Event OK
2/08/2020 9:18:44 AM,EVENT 50715 1596327983 0/0/0/0/3 INPUT 7 1 0 v:121
2/08/2020 9:18:44 AM,252 Event OK
2/08/2020 9:18:44 AM,EVENT 50716 1596327983 0/0/0/0/3 INPUT 8 0 430 v:121
2/08/2020 9:18:44 AM,252 Event OK
2/08/2020 9:18:45 AM,EVENT 50717 1596327983 0/0/0/0/3 INPUT 1 1 0 v:121
2/08/2020 9:18:45 AM,252 Event OK
2/08/2020 9:18:45 AM,EVENT 50718 1596327984 0/0/0/0/3 INPUT 4 0 34 v:121
2/08/2020 9:18:45 AM,252 Event OK
2/08/2020 9:18:46 AM,EVENT 50719 1596327987 0/0/0/0/0 TRIP 50692 284 132 9 6 425 v:121
2/08/2020 9:18:46 AM,252 Event OK
2/08/2020 9:18:46 AM,EVENT 50720 1596327987 0/0/0/0/0 TRIPSUMMARY 50692 v:121
2/08/2020 9:18:46 AM,252 Event OK
2/08/2020 9:18:47 AM,EVENT 50721 1596328768 0/0/0/0/0 INPUT 8 1 0 v:121
2/08/2020 9:18:47 AM,252 Event OK
2/08/2020 9:18:47 AM,EVENT 50722 1596328769 0/0/0/0/0 INPUT 7 0 786 v:121
2/08/2020 9:18:47 AM,252 Event OK
2/08/2020 9:18:48 AM,EVENT 50723 1596328778 0/0/0/0/0 SIGNON 2489 01effad3 OK 26 80296 0 v:122
2/08/2020 9:18:48 AM,252 Event OK
2/08/2020 9:18:48 AM,EVENT 50724 1596328787 0/0/0/0/0 INPUT 7 1 0 v:122
2/08/2020 9:18:48 AM,252 Event OK
2/08/2020 9:18:49 AM,EVENT 50725 1596328787 0/0/0/0/0 INPUT 4 1 0 v:122
2/08/2020 9:18:49 AM,252 Event OK
2/08/2020 9:18:54 AM,EVENT 50726 1596328787 0/0/0/0/0 INPUT 7 0 1 v:122
2/08/2020 9:18:54 AM,252 Event OK
2/08/2020 9:18:55 AM,EVENT 50727 1596328789 0/0/0/0/0 INPUT 1 0 806 v:122
2/08/2020 9:18:55 AM,252 Event OK
2/08/2020 9:18:55 AM,EVENT 50728 1596328790 0/0/0/0/0 OILPRESSURE 50723 7 v:122
2/08/2020 9:18:55 AM,252 Event OK
2/08/2020 9:18:55 AM,EVENT 50729 1596328795 0/0/0/0/6 INPUT 3 1 0 v:122
2/08/2020 9:18:55 AM,252 Event OK
2/08/2020 9:18:56 AM,EVENT 50730 1596328798 0/0/0/0/9 INPUT 3 0 3 v:122
2/08/2020 9:18:56 AM,252 Event OK
2/08/2020 9:18:56 AM,EVENT 50731 1596328803 0/0/0/0/7 INPUT 3 1 0 v:122
2/08/2020 9:18:56 AM,252 Event OK
2/08/2020 9:18:56 AM,EVENT 50732 1596328815 0/0/0/0/17 REPORT 50723 0 0 v:122
2/08/2020 9:18:56 AM,252 Event OK
2/08/2020 9:18:56 AM,EVENT 50733 1596328973 0/0/0/0/10 INPUT 3 0 171 v:122
2/08/2020 9:18:56 AM,252 Event OK
2/08/2020 9:18:57 AM,EVENT 50734 1596329112 0/0/0/0/0 INPUT 7 1 0 v:122
2/08/2020 9:18:57 AM,252 Event OK
2/08/2020 9:18:57 AM,EVENT 50735 1596329112 0/0/0/0/0 INPUT 8 0 344 v:122
2/08/2020 9:18:57 AM,252 Event OK
2/08/2020 9:18:57 AM,EVENT 50736 1596329113 0/0/0/0/0 INPUT 1 1 0 v:122
2/08/2020 9:18:57 AM,252 Event OK
2/08/2020 9:18:57 AM,EVENT 50737 1596329113 0/0/0/0/0 INPUT 4 0 327 v:122
2/08/2020 9:18:57 AM,252 Event OK
2/08/2020 9:18:57 AM,EVENT 50738 1596329117 0/0/0/0/0 TRIP 50723 174 153 13 9 340 v:121
2/08/2020 9:18:57 AM,252 Event OK
2/08/2020 9:18:58 AM,EVENT 50739 1596329117 0/0/0/0/0 TRIPSUMMARY 50723 v:121
2/08/2020 9:18:58 AM,252 Event OK
2/08/2020 9:18:58 AM,EVENT 50740 1596329508 0/0/0/0/0 INPUT 8 1 0 v:121
2/08/2020 9:18:58 AM,252 Event OK
2/08/2020 9:18:58 AM,EVENT 50741 1596329508 0/0/0/0/0 INPUT 7 0 395 v:122
2/08/2020 9:18:58 AM,252 Event OK
2/08/2020 9:18:58 AM,EVENT 50742 1596329516 0/0/0/0/0 SIGNON 2489 01effad3 OK 26 80296 0 v:122
2/08/2020 9:18:58 AM,252 Event OK
2/08/2020 9:18:59 AM,EVENT 50743 1596329521 0/0/0/0/0 INPUT 7 1 0 v:122
2/08/2020 9:18:59 AM,252 Event OK
2/08/2020 9:18:59 AM,EVENT 50744 1596329522 0/0/0/0/0 INPUT 7 0 0 v:123
2/08/2020 9:18:59 AM,252 Event OK
2/08/2020 9:18:59 AM,EVENT 50745 1596329522 0/0/0/0/0 INPUT 4 1 0 v:123
2/08/2020 9:18:59 AM,252 Event OK
2/08/2020 9:18:59 AM,EVENT 50746 1596329523 0/0/0/0/0 INPUT 1 0 410 v:123
2/08/2020 9:18:59 AM,252 Event OK
2/08/2020 9:19:00 AM,EVENT 50747 1596329524 0/0/0/0/0 OILPRESSURE 50742 3 v:123
2/08/2020 9:19:00 AM,252 Event OK
2/08/2020 9:19:00 AM,EVENT 50748 1596329561 0/0/0/0/5 INPUT 3 1 0 v:122
2/08/2020 9:19:00 AM,252 Event OK
2/08/2020 9:19:00 AM,EVENT 50749 1596329721 0/0/0/0/12 INPUT 3 0 159 v:122
2/08/2020 9:19:00 AM,252 Event OK
2/08/2020 9:19:01 AM,EVENT 50750 1596329782 0/0/0/0/7 INPUT 3 1 0 v:122
2/08/2020 9:19:01 AM,252 Event OK
2/08/2020 9:19:01 AM,EVENT 50751 1596329785 0/0/0/0/10 INPUT 3 0 3 v:122
2/08/2020 9:19:01 AM,252 Event OK
2/08/2020 9:19:01 AM,EVENT 50752 1596329995 0/0/0/0/0 INPUT 7 1 0 v:122
2/08/2020 9:19:01 AM,252 Event OK
2/08/2020 9:19:01 AM,EVENT 50753 1596329995 0/0/0/0/0 INPUT 8 0 487 v:122
2/08/2020 9:19:01 AM,252 Event OK
2/08/2020 9:19:01 AM,EVENT 50754 1596329995 0/0/0/0/0 INPUT 1 1 0 v:122
2/08/2020 9:19:01 AM,252 Event OK
2/08/2020 9:19:02 AM,EVENT 50755 1596329997 0/0/0/0/0 INPUT 4 0 476 v:122
2/08/2020 9:19:02 AM,252 Event OK
2/08/2020 9:19:02 AM,EVENT 50756 1596329999 0/0/0/0/0 TRIP 50742 162 314 7 5 483 v:122
2/08/2020 9:19:02 AM,252 Event OK
2/08/2020 9:19:03 AM,EVENT 50757 1596329999 0/0/0/0/0 TRIPSUMMARY 50742 v:122
2/08/2020 9:19:03 AM,252 Event OK
2/08/2020 9:19:04 AM,EVENT 50758 1596330218 0/0/0/0/0 INPUT 8 1 0 v:122
2/08/2020 9:19:04 AM,252 Event OK
2/08/2020 9:19:04 AM,EVENT 50759 1596330219 0/0/0/0/0 INPUT 7 0 224 v:122
2/08/2020 9:19:04 AM,252 Event OK
2/08/2020 9:19:04 AM,EVENT 50760 1596330224 0/0/0/0/0 SIGNON * 0 NOCARD 26 0 082888 v:122
2/08/2020 9:19:04 AM,252 Event OK
2/08/2020 9:19:05 AM,EVENT 50761 1596330234 0/0/0/0/0 SIGNON 2489 01effad3 OK 26 80296 0 v:122
2/08/2020 9:19:05 AM,252 Event OK
2/08/2020 9:19:05 AM,EVENT 50762 1596330240 0/0/0/0/0 INPUT 4 1 0 v:122
2/08/2020 9:19:05 AM,252 Event OK
2/08/2020 9:19:05 AM,EVENT 50763 1596330241 0/0/0/0/0 INPUT 1 0 245 v:122
2/08/2020 9:19:05 AM,252 Event OK
2/08/2020 9:19:05 AM,EVENT 50764 1596330242 0/0/0/0/0 OILPRESSURE 50761 3 v:122
2/08/2020 9:19:05 AM,252 Event OK
2/08/2020 9:19:06 AM,EVENT 50765 1596330245 0/0/0/0/0 INPUT 4 0 6 v:122
2/08/2020 9:19:06 AM,252 Event OK
2/08/2020 9:19:06 AM,EVENT 50766 1596330245 0/0/0/0/0 INPUT 4 1 0 v:122
2/08/2020 9:19:06 AM,252 Event OK
2/08/2020 9:19:06 AM,EVENT 50767 1596330263 0/0/0/0/3 INPUT 4 0 18 v:122
2/08/2020 9:19:06 AM,252 Event OK
2/08/2020 9:19:06 AM,EVENT 50768 1596330264 0/0/0/0/3 INPUT 4 1 0 v:122
2/08/2020 9:19:06 AM,252 Event OK
2/08/2020 9:19:07 AM,EVENT 50769 1596330266 0/0/0/0/8 INPUT 3 1 0 v:122
2/08/2020 9:19:07 AM,252 Event OK
2/08/2020 9:19:07 AM,EVENT 50770 1596330590 0/0/0/0/9 INPUT 3 0 324 v:122
2/08/2020 9:19:07 AM,252 Event OK
2/08/2020 9:19:07 AM,EVENT 50771 1596330611 0/0/0/0/4 INPUT 7 1 0 v:122
2/08/2020 9:19:07 AM,252 Event OK
2/08/2020 9:19:07 AM,EVENT 50772 1596330611 0/0/0/0/4 INPUT 8 0 392 v:122
2/08/2020 9:19:07 AM,252 Event OK
2/08/2020 9:19:08 AM,EVENT 50773 1596330611 0/0/0/0/4 INPUT 1 1 0 v:122
2/08/2020 9:19:08 AM,252 Event OK
2/08/2020 9:19:08 AM,EVENT 50774 1596330612 0/0/0/0/3 INPUT 4 0 349 v:121
2/08/2020 9:19:08 AM,252 Event OK
2/08/2020 9:19:09 AM,EVENT 50775 1596330615 0/0/0/0/0 TRIP 50761 324 49 8 5 381 v:121
2/08/2020 9:19:09 AM,252 Event OK
2/08/2020 9:19:10 AM,EVENT 50776 1596330615 0/0/0/0/0 TRIPSUMMARY 50761 v:121
2/08/2020 9:19:10 AM,252 Event OK
2/08/2020 9:19:11 AM,EVENT 50777 1596331392 0/0/0/0/0 INPUT 8 1 0 v:121
2/08/2020 9:19:11 AM,252 Event OK
2/08/2020 9:19:14 AM,EVENT 50778 1596331393 0/0/0/0/0 INPUT 7 0 782 v:121
2/08/2020 9:19:14 AM,252 Event OK
2/08/2020 9:19:18 AM,EVENT 50779 1596331404 0/0/0/99/0 SIGNON 2489 01effad3 OK 26 80296 0 v:121
2/08/2020 9:19:18 AM,252 Event OK
2/08/2020 9:19:24 AM,EVENT 50780 1596331426 0/0/0/99/0 INPUT 7 1 0 v:123
2/08/2020 9:19:24 AM,252 Event OK
2/08/2020 9:19:25 AM,EVENT 50781 1596331427 0/0/0/0/0 INPUT 4 1 0 v:122
2/08/2020 9:19:25 AM,252 Event OK
2/08/2020 9:19:25 AM,EVENT 50782 1596331427 0/0/0/0/0 INPUT 7 0 1 v:122
2/08/2020 9:19:25 AM,252 Event OK
2/08/2020 9:19:25 AM,EVENT 50783 1596331429 0/0/0/0/0 INPUT 1 0 818 v:122
2/08/2020 9:19:25 AM,252 Event OK
2/08/2020 9:19:25 AM,EVENT 50784 1596331430 0/0/0/0/0 OILPRESSURE 50779 21 v:122
2/08/2020 9:19:25 AM,252 Event OK
2/08/2020 9:19:26 AM,EVENT 50785 1596331432 0/0/0/0/6 INPUT 3 1 0 v:122
2/08/2020 9:19:26 AM,252 Event OK
2/08/2020 9:19:26 AM,EVENT 50786 1596331436 0/0/0/0/10 INPUT 3 0 4 v:122
2/08/2020 9:19:26 AM,252 Event OK
2/08/2020 9:19:26 AM,EVENT 50787 1596331438 0/0/0/0/6 REPORT 50779 0 0 v:121
2/08/2020 9:19:26 AM,252 Event OK
2/08/2020 9:19:27 AM,EVENT 50788 1596331439 0/0/0/0/8 INPUT 3 1 0 v:122
2/08/2020 9:19:27 AM,252 Event OK
2/08/2020 9:19:27 AM,EVENT 50789 1596331455 0/0/0/0/11 INPUT 3 0 16 v:122
2/08/2020 9:19:27 AM,252 Event OK
2/08/2020 9:19:28 AM,EVENT 50790 1596331456 0/0/0/0/8 INPUT 3 1 0 v:122
2/08/2020 9:19:28 AM,252 Event OK
2/08/2020 9:19:28 AM,EVENT 50791 1596331457 0/0/0/0/8 INPUT 3 0 1 v:122
2/08/2020 9:19:28 AM,252 Event OK
2/08/2020 9:19:28 AM,EVENT 50792 1596331459 0/0/0/0/8 INPUT 3 1 0 v:122
2/08/2020 9:19:28 AM,252 Event OK
2/08/2020 9:19:28 AM,EVENT 50793 1596331460 0/0/0/0/8 INPUT 3 0 1 v:122
2/08/2020 9:19:28 AM,252 Event OK
2/08/2020 9:19:29 AM,EVENT 50794 1596331532 0/0/0/0/3 INPUT 4 0 105 v:122
2/08/2020 9:19:29 AM,252 Event OK
2/08/2020 9:19:29 AM,EVENT 50795 1596331532 0/0/0/0/3 INPUT 4 1 0 v:122
2/08/2020 9:19:29 AM,252 Event OK
2/08/2020 9:19:29 AM,EVENT 50796 1596331549 0/0/0/0/4 INPUT 3 1 0 v:122
2/08/2020 9:19:29 AM,252 Event OK
2/08/2020 9:19:29 AM,EVENT 50797 1596331598 0/0/0/0/10 INPUT 3 0 49 v:122
2/08/2020 9:19:29 AM,252 Event OK
2/08/2020 9:19:30 AM,EVENT 50798 1596331627 0/0/0/0/5 INPUT 3 1 0 v:122
2/08/2020 9:19:30 AM,252 Event OK
2/08/2020 9:19:30 AM,EVENT 50799 1596331758 0/0/0/0/11 INPUT 3 0 130 v:122
2/08/2020 9:19:30 AM,252 Event OK
2/08/2020 9:19:30 AM,EVENT 50800 1596331760 0/0/0/0/6 INPUT 4 0 228 v:122
2/08/2020 9:19:30 AM,252 Event OK
2/08/2020 9:19:31 AM,EVENT 50801 1596331760 0/0/0/0/6 INPUT 4 1 0 v:121
2/08/2020 9:19:31 AM,252 Event OK
2/08/2020 9:19:31 AM,EVENT 50802 1596331799 0/0/0/0/0 INPUT 7 1 0 v:122
2/08/2020 9:19:31 AM,252 Event OK
2/08/2020 9:19:31 AM,EVENT 50803 1596331799 0/0/0/0/0 INPUT 8 0 406 v:122
2/08/2020 9:19:31 AM,252 Event OK
2/08/2020 9:19:31 AM,EVENT 50804 1596331799 0/0/0/0/0 INPUT 1 1 0 v:121
2/08/2020 9:19:31 AM,252 Event OK
2/08/2020 9:19:31 AM,EVENT 50805 1596331799 0/0/0/0/0 INPUT 4 0 39 v:121
2/08/2020 9:19:31 AM,252 Event OK
2/08/2020 9:19:32 AM,EVENT 50806 1596331799 0/0/0/0/0 INPUT 4 1 0 v:121
2/08/2020 9:19:32 AM,252 Event OK
2/08/2020 9:19:32 AM,EVENT 50807 1596331801 0/0/0/0/0 INPUT 4 0 2 v:121
2/08/2020 9:19:32 AM,252 Event OK
2/08/2020 9:19:32 AM,EVENT 50808 1596331803 0/0/0/0/0 TRIP 50779 201 173 26 24 400 v:121
2/08/2020 9:19:32 AM,252 Event OK
2/08/2020 9:19:32 AM,EVENT 50809 1596331803 0/0/0/0/0 TRIPSUMMARY 50779 v:121
2/08/2020 9:19:32 AM,252 Event OK
2/08/2020 9:19:32 AM,EVENT 50810 1596332369 0/0/0/0/0 INPUT 8 1 0 v:121
2/08/2020 9:19:32 AM,252 Event OK
2/08/2020 9:19:33 AM,EVENT 50811 1596332369 0/0/0/0/0 INPUT 7 0 570 v:122
2/08/2020 9:19:33 AM,252 Event OK
2/08/2020 9:19:33 AM,EVENT 50812 1596332378 0/0/0/0/0 SIGNON 2489 01effad3 OK 26 80296 0 v:122
2/08/2020 9:19:33 AM,252 Event OK
2/08/2020 9:19:33 AM,EVENT 50813 1596332383 0/0/0/0/0 INPUT 7 1 0 v:122
2/08/2020 9:19:33 AM,252 Event OK
2/08/2020 9:19:34 AM,EVENT 50814 1596332383 0/0/0/0/0 INPUT 7 0 1 v:122
2/08/2020 9:19:34 AM,252 Event OK
2/08/2020 9:19:34 AM,EVENT 50815 1596332383 0/0/0/0/0 INPUT 4 1 0 v:122
2/08/2020 9:19:34 AM,252 Event OK
2/08/2020 9:19:34 AM,EVENT 50816 1596332384 0/0/0/0/0 INPUT 1 0 585 v:122
2/08/2020 9:19:34 AM,252 Event OK
2/08/2020 9:19:34 AM,EVENT 50817 1596332386 0/0/0/0/0 OILPRESSURE 50812 3 v:122
2/08/2020 9:19:34 AM,252 Event OK
2/08/2020 9:19:34 AM,EVENT 50818 1596332389 0/0/0/0/5 INPUT 3 1 0 v:122
2/08/2020 9:19:34 AM,252 Event OK
2/08/2020 9:19:35 AM,EVENT 50819 1596332565 0/0/0/0/11 INPUT 3 0 176 v:122
2/08/2020 9:19:35 AM,252 Event OK
2/08/2020 9:19:35 AM,EVENT 50820 1596332591 0/0/0/0/5 INPUT 3 1 0 v:122
2/08/2020 9:19:35 AM,252 Event OK
2/08/2020 9:19:35 AM,EVENT 50821 1596332869 0/0/0/0/15 INPUT 3 0 279 v:122
2/08/2020 9:19:35 AM,252 Event OK
2/08/2020 9:19:35 AM,EVENT 50822 1596332895 0/0/0/0/5 INPUT 7 1 0 v:121
2/08/2020 9:19:35 AM,252 Event OK
2/08/2020 9:19:36 AM,EVENT 50823 1596332895 0/0/0/0/5 INPUT 8 0 526 v:121
2/08/2020 9:19:36 AM,252 Event OK
2/08/2020 9:19:36 AM,EVENT 50824 1596332895 0/0/0/0/5 INPUT 1 1 0 v:121
2/08/2020 9:19:36 AM,252 Event OK
2/08/2020 9:19:36 AM,EVENT 50825 1596332896 0/0/0/0/5 INPUT 4 0 513 v:121
2/08/2020 9:19:36 AM,252 Event OK
2/08/2020 9:19:36 AM,EVENT 50826 1596332899 0/0/0/0/0 TRIP 50812 455 58 9 6 522 v:122
2/08/2020 9:19:36 AM,252 Event OK
2/08/2020 9:19:36 AM,EVENT 50827 1596332899 0/0/0/0/0 TRIPSUMMARY 50812 v:122
2/08/2020 9:19:36 AM,252 Event OK
2/08/2020 9:19:37 AM,EVENT 50828 1596333157 0/0/0/0/0 INPUT 8 1 0 v:122
2/08/2020 9:19:37 AM,252 Event OK
2/08/2020 9:19:37 AM,EVENT 50829 1596333158 0/0/0/0/0 INPUT 7 0 263 v:122
2/08/2020 9:19:37 AM,252 Event OK
2/08/2020 9:19:37 AM,EVENT 50830 1596333166 0/0/0/0/0 SIGNON 2489 01effad3 OK 26 80296 0 v:122
2/08/2020 9:19:37 AM,252 Event OK
2/08/2020 9:19:38 AM,EVENT 50831 1596333172 0/0/0/0/0 INPUT 4 1 0 v:122
2/08/2020 9:19:38 AM,252 Event OK
2/08/2020 9:19:38 AM,EVENT 50832 1596333173 0/0/0/0/0 INPUT 1 0 278 v:122
2/08/2020 9:19:38 AM,252 Event OK
2/08/2020 9:19:39 AM,EVENT 50833 1596333174 0/0/0/0/0 OILPRESSURE 50830 3 v:122
2/08/2020 9:19:39 AM,252 Event OK
2/08/2020 9:19:39 AM,EVENT 50834 1596333250 0/0/0/0/0 INPUT 7 1 0 v:122
2/08/2020 9:19:39 AM,252 Event OK
2/08/2020 9:19:40 AM,EVENT 50835 1596333250 0/0/0/0/0 INPUT 8 0 92 v:122
2/08/2020 9:19:40 AM,252 Event OK
2/08/2020 9:19:41 AM,EVENT 50836 1596333250 0/0/0/0/0 INPUT 1 1 0 v:121
2/08/2020 9:19:41 AM,252 Event OK
2/08/2020 9:19:41 AM,EVENT 50837 1596333252 0/0/0/0/0 INPUT 4 0 81 v:121
2/08/2020 9:19:41 AM,252 Event OK
2/08/2020 9:19:41 AM,EVENT 50838 1596333254 0/0/0/0/0 TRIP 50830 0 81 7 5 88 v:121
2/08/2020 9:19:41 AM,252 Event OK
2/08/2020 9:19:41 AM,EVENT 50839 1596333254 0/0/0/0/0 TRIPSUMMARY 50830 v:121
2/08/2020 9:19:41 AM,252 Event OK
2/08/2020 9:19:42 AM,EVENT 50840 1596333316 0/0/0/0/0 INPUT 8 1 0 v:122
2/08/2020 9:19:42 AM,252 Event OK
2/08/2020 9:19:42 AM,EVENT 50841 1596333317 0/0/0/0/0 INPUT 7 0 67 v:122
2/08/2020 9:19:42 AM,252 Event OK
2/08/2020 9:19:42 AM,EVENT 50842 1596333325 0/0/0/0/0 SIGNON 2489 01effad3 OK 26 80296 0 v:122
2/08/2020 9:19:42 AM,252 Event OK
2/08/2020 9:19:42 AM,EVENT 50843 1596333329 0/0/0/0/0 REPORT 50842 0 0 v:122
2/08/2020 9:19:42 AM,252 Event OK
2/08/2020 9:19:43 AM,EVENT 50844 1596333330 0/0/0/0/0 INPUT 7 1 0 v:122
2/08/2020 9:19:43 AM,252 Event OK
2/08/2020 9:19:43 AM,EVENT 50845 1596333330 0/0/0/0/0 INPUT 4 1 0 v:122
2/08/2020 9:19:43 AM,252 Event OK
2/08/2020 9:19:43 AM,EVENT 50846 1596333330 0/0/0/0/0 INPUT 7 0 1 v:122
2/08/2020 9:19:43 AM,252 Event OK
2/08/2020 9:19:43 AM,EVENT 50847 1596333331 0/0/0/0/0 INPUT 1 0 81 v:122
2/08/2020 9:19:43 AM,252 Event OK
2/08/2020 9:19:43 AM,EVENT 50848 1596333333 0/0/0/0/0 OILPRESSURE 50842 3 v:122
2/08/2020 9:19:43 AM,252 Event OK
2/08/2020 9:19:44 AM,EVENT 50849 1596333400 0/0/0/0/6 INPUT 3 1 0 v:122
2/08/2020 9:19:44 AM,252 Event OK
2/08/2020 9:19:44 AM,EVENT 50850 1596333697 0/0/0/0/10 INPUT 3 0 298 v:122
2/08/2020 9:19:44 AM,252 Event OK
2/08/2020 9:19:45 AM,EVENT 50851 1596333726 0/0/0/0/6 INPUT 3 1 0 v:122
2/08/2020 9:19:45 AM,252 Event OK
2/08/2020 9:19:45 AM,EVENT 50852 1596333750 0/0/0/0/11 INPUT 3 0 24 v:122
2/08/2020 9:19:45 AM,252 Event OK
2/08/2020 9:19:45 AM,EVENT 50853 1596333754 0/0/0/0/3 INPUT 7 1 0 v:122
2/08/2020 9:19:45 AM,252 Event OK
2/08/2020 9:19:45 AM,EVENT 50854 1596333754 0/0/0/0/3 INPUT 8 0 438 v:122
2/08/2020 9:19:45 AM,252 Event OK
2/08/2020 9:19:46 AM,EVENT 50855 1596333754 0/0/0/0/3 INPUT 1 1 0 v:121
2/08/2020 9:19:46 AM,252 Event OK
2/08/2020 9:19:46 AM,EVENT 50856 1596333755 0/0/0/0/3 INPUT 4 0 426 v:121
2/08/2020 9:19:46 AM,252 Event OK
2/08/2020 9:19:46 AM,EVENT 50857 1596333758 0/0/0/99/0 TRIP 50842 322 104 8 5 434 v:121
2/08/2020 9:19:46 AM,252 Event OK
2/08/2020 9:19:47 AM,EVENT 50858 1596333758 0/0/0/99/0 TRIPSUMMARY 50842 v:121
2/08/2020 9:19:47 AM,252 Event OK
2/08/2020 9:19:47 AM,EVENT 50859 1596333936 0/0/0/0/0 INPUT 8 1 0 v:121
2/08/2020 9:19:47 AM,252 Event OK
2/08/2020 9:19:47 AM,EVENT 50860 1596333937 0/0/0/0/0 INPUT 7 0 183 v:121
2/08/2020 9:19:47 AM,252 Event OK
2/08/2020 9:19:47 AM,EVENT 50861 1596333943 0/0/0/0/0 SIGNON 2489 01effad3 OK 26 80296 0 v:122
2/08/2020 9:19:47 AM,252 Event OK
2/08/2020 9:19:48 AM,EVENT 50862 1596333948 0/0/0/0/0 INPUT 7 1 0 v:122
2/08/2020 9:19:48 AM,252 Event OK
2/08/2020 9:19:48 AM,EVENT 50863 1596333949 0/0/0/0/0 INPUT 4 1 0 v:122
2/08/2020 9:19:48 AM,252 Event OK
2/08/2020 9:19:48 AM,EVENT 50864 1596333949 0/0/0/0/0 INPUT 7 0 0 v:122
2/08/2020 9:19:48 AM,252 Event OK
2/08/2020 9:19:48 AM,EVENT 50865 1596333950 0/0/0/0/0 INPUT 1 0 195 v:122
2/08/2020 9:19:48 AM,252 Event OK
2/08/2020 9:19:49 AM,EVENT 50866 1596333951 0/0/0/0/0 OILPRESSURE 50861 3 v:122
2/08/2020 9:19:49 AM,252 Event OK
2/08/2020 9:19:49 AM,EVENT 50867 1596333976 0/0/0/0/5 INPUT 7 1 0 v:122
2/08/2020 9:19:49 AM,252 Event OK
2/08/2020 9:19:49 AM,EVENT 50868 1596333976 0/0/0/0/5 INPUT 8 0 41 v:122
2/08/2020 9:19:49 AM,252 Event OK
2/08/2020 9:19:49 AM,EVENT 50869 1596333977 0/0/0/0/5 INPUT 1 1 0 v:122
2/08/2020 9:19:49 AM,252 Event OK
2/08/2020 9:19:49 AM,EVENT 50870 1596333977 0/0/0/0/5 INPUT 4 0 29 v:121
2/08/2020 9:19:49 AM,252 Event OK
2/08/2020 9:19:50 AM,EVENT 50871 1596333981 0/0/0/0/0 TRIP 50861 0 29 9 5 38 v:121
2/08/2020 9:19:50 AM,252 Event OK
2/08/2020 9:19:50 AM,EVENT 50872 1596333981 0/0/0/0/0 TRIPSUMMARY 50861 v:121
2/08/2020 9:19:50 AM,252 Event OK
2/08/2020 9:19:50 AM,EVENT 50873 1596334405 0/0/0/0/0 INPUT 8 1 0 v:121
2/08/2020 9:19:50 AM,252 Event OK
2/08/2020 9:19:50 AM,EVENT 50874 1596334405 0/0/0/0/0 INPUT 7 0 428 v:121
2/08/2020 9:19:50 AM,252 Event OK
2/08/2020 9:19:50 AM,EVENT 50875 1596334413 0/0/0/0/0 SIGNON 2489 01effad3 OK 26 80296 0 v:122
2/08/2020 9:19:50 AM,252 Event OK
2/08/2020 9:19:51 AM,EVENT 50876 1596334418 0/0/0/0/0 INPUT 7 1 0 v:122
2/08/2020 9:19:51 AM,252 Event OK
2/08/2020 9:19:51 AM,EVENT 50877 1596334419 0/0/0/0/0 INPUT 7 0 0 v:122
2/08/2020 9:19:51 AM,252 Event OK
2/08/2020 9:19:51 AM,EVENT 50878 1596334419 0/0/0/0/0 INPUT 4 1 0 v:122
2/08/2020 9:19:51 AM,252 Event OK
2/08/2020 9:19:51 AM,EVENT 50879 1596334420 0/0/0/0/0 INPUT 1 0 443 v:122
2/08/2020 9:19:51 AM,252 Event OK
2/08/2020 9:19:52 AM,EVENT 50880 1596334421 0/0/0/0/0 OILPRESSURE 50875 3 v:122
2/08/2020 9:19:52 AM,252 Event OK
2/08/2020 9:19:52 AM,EVENT 50881 1596334465 0/0/0/0/4 INPUT 4 0 47 v:122
2/08/2020 9:19:52 AM,252 Event OK
2/08/2020 9:19:52 AM,EVENT 50882 1596334465 0/0/0/0/4 INPUT 4 1 0 v:122
2/08/2020 9:19:52 AM,252 Event OK
2/08/2020 9:19:52 AM,EVENT 50883 1596334473 0/0/0/0/5 INPUT 7 1 0 v:122
2/08/2020 9:19:52 AM,252 Event OK
2/08/2020 9:19:53 AM,EVENT 50884 1596334473 0/0/0/0/5 INPUT 8 0 68 v:122
2/08/2020 9:19:53 AM,252 Event OK
2/08/2020 9:19:53 AM,EVENT 50885 1596334473 0/0/0/0/5 INPUT 1 1 0 v:122
2/08/2020 9:19:53 AM,252 Event OK
2/08/2020 9:19:53 AM,EVENT 50886 1596334474 0/0/0/0/5 INPUT 4 0 9 v:122
2/08/2020 9:19:53 AM,252 Event OK
2/08/2020 9:19:53 AM,EVENT 50887 1596334477 0/0/0/0/0 TRIP 50875 0 56 8 5 64 v:122
2/08/2020 9:19:53 AM,252 Event OK
2/08/2020 9:19:54 AM,EVENT 50888 1596334477 0/0/0/0/0 TRIPSUMMARY 50875 v:122
2/08/2020 9:19:54 AM,252 Event OK
2/08/2020 9:19:54 AM,EVENT 50889 1596334501 0/0/0/0/0 INPUT 8 1 0 v:122
2/08/2020 9:19:54 AM,252 Event OK
2/08/2020 9:19:54 AM,EVENT 50890 1596334502 0/0/0/0/0 INPUT 7 0 29 v:122
2/08/2020 9:19:54 AM,252 Event OK
2/08/2020 9:19:54 AM,EVENT 50891 1596334512 0/0/0/0/0 SIGNON 2489 01effad3 OK 26 80296 0 v:122
2/08/2020 9:19:54 AM,252 Event OK
2/08/2020 9:19:54 AM,EVENT 50892 1596334518 0/0/0/0/0 INPUT 7 1 0 v:122
2/08/2020 9:19:54 AM,252 Event OK
2/08/2020 9:19:55 AM,EVENT 50893 1596334519 0/0/0/0/0 INPUT 7 0 1 v:123
2/08/2020 9:19:55 AM,252 Event OK
2/08/2020 9:19:55 AM,EVENT 50894 1596334519 0/0/0/0/0 INPUT 4 1 0 v:123
2/08/2020 9:19:55 AM,252 Event OK
2/08/2020 9:19:55 AM,EVENT 50895 1596334519 0/0/0/0/0 INPUT 1 0 47 v:123
2/08/2020 9:19:55 AM,252 Event OK
2/08/2020 9:19:55 AM,EVENT 50896 1596334521 0/0/0/0/0 OILPRESSURE 50891 4 v:123
2/08/2020 9:19:55 AM,252 Event OK
2/08/2020 9:19:56 AM,EVENT 50897 1596334525 0/0/0/0/8 INPUT 3 1 0 v:122
2/08/2020 9:19:56 AM,252 Event OK
2/08/2020 9:19:56 AM,EVENT 50898 1596334535 0/0/0/0/9 INPUT 3 0 10 v:122
2/08/2020 9:19:56 AM,252 Event OK
2/08/2020 9:19:56 AM,EVENT 50899 1596334541 0/0/0/0/5 INPUT 7 1 0 v:122
2/08/2020 9:19:56 AM,252 Event OK
2/08/2020 9:19:56 AM,EVENT 50900 1596334541 0/0/0/0/5 INPUT 8 0 39 v:122
2/08/2020 9:19:56 AM,252 Event OK
2/08/2020 9:19:56 AM,EVENT 50901 1596334541 0/0/0/0/5 INPUT 1 1 0 v:122
2/08/2020 9:19:56 AM,252 Event OK
2/08/2020 9:19:57 AM,EVENT 50902 1596334543 0/0/0/0/5 INPUT 4 0 25 v:122
2/08/2020 9:19:57 AM,252 Event OK
2/08/2020 9:19:57 AM,EVENT 50903 1596334545 0/0/0/0/0 TRIP 50891 10 15 9 7 34 v:122
2/08/2020 9:19:57 AM,252 Event OK
2/08/2020 9:19:57 AM,EVENT 50904 1596334545 0/0/0/0/0 TRIPSUMMARY 50891 v:122
2/08/2020 9:19:57 AM,252 Event OK
2/08/2020 9:19:57 AM,EVENT 50905 1596335422 0/0/0/0/0 INPUT 8 1 0 v:122
2/08/2020 9:19:57 AM,252 Event OK
2/08/2020 9:19:58 AM,EVENT 50906 1596335423 0/0/0/0/0 INPUT 7 0 882 v:122
2/08/2020 9:19:58 AM,252 Event OK
2/08/2020 9:19:58 AM,EVENT 50907 1596335431 0/0/0/0/0 SIGNON 2489 01effad3 OK 26 80296 0 v:122
2/08/2020 9:19:58 AM,252 Event OK
2/08/2020 9:19:58 AM,EVENT 50908 1596335437 0/0/0/0/0 INPUT 7 1 0 v:122
2/08/2020 9:19:58 AM,252 Event OK
2/08/2020 9:19:59 AM,EVENT 50909 1596335437 0/0/0/0/0 INPUT 4 1 0 v:122
2/08/2020 9:19:59 AM,252 Event OK
2/08/2020 9:19:59 AM,EVENT 50910 1596335437 0/0/0/0/0 INPUT 7 0 1 v:122
2/08/2020 9:19:59 AM,252 Event OK
2/08/2020 9:19:59 AM,EVENT 50911 1596335438 0/0/0/0/0 INPUT 1 0 897 v:122
2/08/2020 9:19:59 AM,252 Event OK
2/08/2020 9:20:00 AM,EVENT 50912 1596335440 0/0/0/0/0 OILPRESSURE 50907 4 v:122
2/08/2020 9:20:00 AM,252 Event OK
2/08/2020 9:20:00 AM,EVENT 50913 1596335445 0/0/0/99/6 INPUT 3 1 0 v:122
2/08/2020 9:20:00 AM,252 Event OK
2/08/2020 9:20:00 AM,EVENT 50914 1596335464 0/0/0/99/17 REPORT 50907 0 0 v:122
2/08/2020 9:20:00 AM,252 Event OK
2/08/2020 9:20:00 AM,EVENT 50915 1596335547 0/0/0/0/20 IMPACT 50907 10 0 0 0 10 0 W v:122
2/08/2020 9:20:00 AM,252 Event OK
2/08/2020 9:20:01 AM,EVENT 50916 1596335665 0/0/0/0/14 INPUT 3 0 220 v:122
2/08/2020 9:20:01 AM,252 Event OK
2/08/2020 9:20:01 AM,EVENT 50917 1596335672 0/0/0/0/8 INPUT 3 1 0 v:122
2/08/2020 9:20:01 AM,252 Event OK
2/08/2020 9:20:01 AM,EVENT 50918 1596335674 0/0/0/0/9 INPUT 3 0 1 v:122
2/08/2020 9:20:01 AM,252 Event OK
2/08/2020 9:20:02 AM,EVENT 50919 1596335706 0/0/0/0/8 INPUT 3 1 0 v:122
2/08/2020 9:20:02 AM,252 Event OK
2/08/2020 9:20:02 AM,EVENT 50920 1596335708 0/0/0/0/9 INPUT 3 0 1 v:122
2/08/2020 9:20:02 AM,252 Event OK
2/08/2020 9:20:02 AM,EVENT 50921 1596335710 0/0/0/0/8 INPUT 3 1 0 v:122
2/08/2020 9:20:02 AM,252 Event OK
2/08/2020 9:20:03 AM,EVENT 50922 1596335712 0/0/0/0/9 INPUT 3 0 3 v:122
2/08/2020 9:20:03 AM,252 Event OK
2/08/2020 9:20:03 AM,EVENT 50923 1596335713 0/0/0/0/8 INPUT 3 1 0 v:122
2/08/2020 9:20:03 AM,252 Event OK
2/08/2020 9:20:05 AM,EVENT 50924 1596335714 0/0/0/0/8 INPUT 3 0 0 v:122
2/08/2020 9:20:05 AM,252 Event OK
2/08/2020 9:20:05 AM,EVENT 50925 1596335747 0/0/0/0/7 INPUT 3 1 0 v:122
2/08/2020 9:20:05 AM,252 Event OK
2/08/2020 9:20:06 AM,EVENT 50926 1596335799 0/0/0/99/15 INPUT 3 0 53 v:122
2/08/2020 9:20:06 AM,252 Event OK
2/08/2020 9:20:06 AM,EVENT 50927 1596335805 0/0/0/99/6 INPUT 3 1 0 v:122
2/08/2020 9:20:06 AM,252 Event OK
2/08/2020 9:20:06 AM,EVENT 50928 1596335808 0/0/0/99/11 INPUT 3 0 3 v:122
2/08/2020 9:20:06 AM,252 Event OK
2/08/2020 9:20:06 AM,EVENT 50929 1596335819 0/0/0/0/8 INPUT 3 1 0 v:122
2/08/2020 9:20:06 AM,252 Event OK
2/08/2020 9:20:06 AM,EVENT 50930 1596335887 0/0/0/0/12 INPUT 3 0 68 v:122
2/08/2020 9:20:06 AM,252 Event OK
2/08/2020 9:20:08 AM,EVENT 50931 1596335887 0/0/0/0/9 INPUT 3 1 0 v:122
2/08/2020 9:20:08 AM,252 Event OK
2/08/2020 9:20:08 AM,EVENT 50932 1596335892 0/0/0/0/9 INPUT 3 0 5 v:122
2/08/2020 9:20:08 AM,252 Event OK
2/08/2020 9:20:08 AM,EVENT 50933 1596335914 0/0/0/0/8 INPUT 3 1 0 v:122
2/08/2020 9:20:08 AM,252 Event OK
2/08/2020 9:20:09 AM,EVENT 50934 1596335919 0/0/0/0/9 INPUT 3 0 4 v:122
2/08/2020 9:20:09 AM,252 Event OK
2/08/2020 9:20:10 AM,EVENT 50935 1596335926 0/0/0/0/5 ENGINEOVERSPEED 50907 18 5809 v:122
2/08/2020 9:20:10 AM,252 Event OK
2/08/2020 9:20:10 AM,EVENT 50936 1596335927 0/0/0/0/5 INPUT 4 0 490 v:122
2/08/2020 9:20:10 AM,252 Event OK
2/08/2020 9:20:10 AM,EVENT 50937 1596335927 0/0/0/0/5 INPUT 4 1 0 v:122
2/08/2020 9:20:10 AM,252 Event OK
2/08/2020 9:20:10 AM,EVENT 50938 1596335935 0/0/0/0/4 INPUT 4 0 8 v:122
2/08/2020 9:20:10 AM,252 Event OK
2/08/2020 9:20:11 AM,EVENT 50939 1596335936 0/0/0/0/4 INPUT 4 1 0 v:122
2/08/2020 9:20:11 AM,252 Event OK
2/08/2020 9:20:11 AM,EVENT 50940 1596335952 0/0/0/0/0 INPUT 4 0 17 v:122
2/08/2020 9:20:11 AM,252 Event OK
2/08/2020 9:20:11 AM,EVENT 50941 1596335953 0/0/0/0/0 INPUT 4 1 0 v:122
2/08/2020 9:20:11 AM,252 Event OK
2/08/2020 9:20:11 AM,EVENT 50942 1596335956 0/0/0/0/3 INPUT 4 0 4 v:122
2/08/2020 9:20:11 AM,252 Event OK
2/08/2020 9:20:12 AM,EVENT 50943 1596335956 0/0/0/0/3 INPUT 4 1 0 v:122
2/08/2020 9:20:12 AM,252 Event OK
2/08/2020 9:20:12 AM,EVENT 50944 1596335974 0/0/0/0/3 INPUT 4 0 18 v:122
2/08/2020 9:20:12 AM,252 Event OK
2/08/2020 9:20:12 AM,EVENT 50945 1596335974 0/0/0/0/3 INPUT 4 1 0 v:122
2/08/2020 9:20:12 AM,252 Event OK
2/08/2020 9:20:13 AM,EVENT 50946 1596336142 0/0/0/99/7 INPUT 3 1 0 v:122
2/08/2020 9:20:13 AM,252 Event OK
2/08/2020 9:20:13 AM,EVENT 50947 1596336147 0/0/0/99/10 INPUT 3 0 4 v:122
2/08/2020 9:20:13 AM,252 Event OK
2/08/2020 9:20:13 AM,EVENT 50948 1596336156 0/0/0/0/0 INPUT 4 0 182 v:122
2/08/2020 9:20:13 AM,252 Event OK
2/08/2020 9:20:13 AM,EVENT 50949 1596336157 0/0/0/0/0 INPUT 4 1 0 v:122
2/08/2020 9:20:13 AM,252 Event OK
2/08/2020 9:20:14 AM,EVENT 50950 1596336195 0/0/0/0/3 INPUT 4 0 39 v:122
2/08/2020 9:20:14 AM,252 Event OK
2/08/2020 9:20:14 AM,EVENT 50951 1596336195 0/0/0/0/3 INPUT 4 1 0 v:122
2/08/2020 9:20:14 AM,252 Event OK
2/08/2020 9:20:14 AM,EVENT 50952 1596336199 0/0/0/0/2 INPUT 4 0 4 v:122
2/08/2020 9:20:14 AM,252 Event OK
2/08/2020 9:20:14 AM,EVENT 50953 1596336199 0/0/0/0/2 INPUT 4 1 0 v:122
2/08/2020 9:20:14 AM,252 Event OK
2/08/2020 9:20:15 AM,EVENT 50954 1596336234 0/0/0/0/8 INPUT 3 1 0 v:122
2/08/2020 9:20:15 AM,252 Event OK
2/08/2020 9:20:15 AM,EVENT 50955 1596336237 0/0/0/0/9 INPUT 3 0 3 v:122
2/08/2020 9:20:15 AM,252 Event OK
2/08/2020 9:20:15 AM,EVENT 50956 1596336238 0/0/0/0/8 INPUT 3 1 0 v:122
2/08/2020 9:20:15 AM,252 Event OK
2/08/2020 9:20:15 AM,EVENT 50957 1596336241 0/0/0/0/9 INPUT 3 0 2 v:122
2/08/2020 9:20:15 AM,252 Event OK
2/08/2020 9:20:16 AM,EVENT 50958 1596336241 0/0/0/0/8 INPUT 3 1 0 v:122
2/08/2020 9:20:16 AM,252 Event OK
2/08/2020 9:20:16 AM,EVENT 50959 1596336244 0/0/0/0/9 INPUT 3 0 2 v:122
2/08/2020 9:20:16 AM,252 Event OK
2/08/2020 9:20:16 AM,EVENT 50960 1596336245 0/0/0/0/8 INPUT 3 1 0 v:122
2/08/2020 9:20:16 AM,252 Event OK
2/08/2020 9:20:16 AM,EVENT 50961 1596336247 0/0/0/0/9 INPUT 3 0 3 v:122
2/08/2020 9:20:16 AM,252 Event OK
2/08/2020 9:20:17 AM,EVENT 50962 1596336248 0/0/0/0/8 INPUT 3 1 0 v:122
2/08/2020 9:20:17 AM,252 Event OK
2/08/2020 9:20:17 AM,EVENT 50963 1596336250 0/0/0/0/9 INPUT 3 0 3 v:122
2/08/2020 9:20:17 AM,252 Event OK
2/08/2020 9:20:17 AM,EVENT 50964 1596336251 0/0/0/0/8 INPUT 3 1 0 v:122
2/08/2020 9:20:17 AM,252 Event OK
2/08/2020 9:20:17 AM,EVENT 50965 1596336255 0/0/0/0/9 INPUT 3 0 3 v:122
2/08/2020 9:20:17 AM,252 Event OK
2/08/2020 9:20:18 AM,EVENT 50966 1596336262 0/0/0/0/5 ENGINEOVERSPEED 50907 46 3975 v:122
2/08/2020 9:20:18 AM,252 Event OK
2/08/2020 9:20:18 AM,EVENT 50967 1596336263 0/0/0/0/5 INPUT 7 1 0 v:122
2/08/2020 9:20:18 AM,252 Event OK
2/08/2020 9:20:19 AM,EVENT 50968 1596336263 0/0/0/0/5 INPUT 8 0 841 v:122
2/08/2020 9:20:19 AM,252 Event OK
2/08/2020 9:20:19 AM,EVENT 50969 1596336264 0/0/0/0/5 INPUT 1 1 0 v:121
2/08/2020 9:20:19 AM,252 Event OK
2/08/2020 9:20:20 AM,EVENT 50970 1596336265 0/0/0/0/5 INPUT 4 0 66 v:121
2/08/2020 9:20:20 AM,252 Event OK
2/08/2020 9:20:20 AM,EVENT 50971 1596336268 0/0/0/0/0 TRIP 50907 378 450 10 7 838 v:121
2/08/2020 9:20:20 AM,252 Event OK
2/08/2020 9:20:21 AM,EVENT 50972 1596336268 0/0/0/0/0 TRIPSUMMARY 50907 v:121
2/08/2020 9:20:21 AM,252 Event OK
2/08/2020 9:20:21 AM,EVENT 50973 1596336282 0/0/0/0/0 INPUT 8 1 0 v:121
2/08/2020 9:20:21 AM,252 Event OK
2/08/2020 9:20:22 AM,EVENT 50974 1596336283 0/0/0/0/0 INPUT 7 0 19 v:121
2/08/2020 9:20:22 AM,252 Event OK
2/08/2020 9:20:22 AM,EVENT 50975 1596336291 0/0/0/0/0 SIGNON 2489 01effad3 OK 26 80296 0 v:121
2/08/2020 9:20:22 AM,252 Event OK
2/08/2020 9:20:24 AM,EVENT 50976 1596336296 0/0/0/0/0 INPUT 4 1 0 v:122
2/08/2020 9:20:24 AM,252 Event OK
2/08/2020 9:20:29 AM,EVENT 50977 1596336297 0/0/0/0/0 INPUT 1 0 33 v:122
2/08/2020 9:20:29 AM,252 Event OK
2/08/2020 9:20:31 AM,EVENT 50978 1596336298 0/0/0/0/0 OILPRESSURE 50975 2 v:122
2/08/2020 9:20:31 AM,252 Event OK
2/08/2020 9:20:31 AM,EVENT 50979 1596336305 0/0/0/0/6 INPUT 3 1 0 v:122
2/08/2020 9:20:31 AM,252 Event OK
2/08/2020 9:20:33 AM,EVENT 50980 1596336339 0/0/0/0/9 INPUT 3 0 35 v:122
2/08/2020 9:20:33 AM,252 Event OK
2/08/2020 9:20:34 AM,EVENT 50981 1596336349 0/0/0/0/6 INPUT 7 1 0 v:122
2/08/2020 9:20:34 AM,252 Event OK
2/08/2020 9:20:35 AM,EVENT 50982 1596336349 0/0/0/0/6 INPUT 8 0 67 v:122
2/08/2020 9:20:35 AM,252 Event OK
2/08/2020 9:20:36 AM,EVENT 50983 1596336350 0/0/0/0/6 INPUT 1 1 0 v:122
2/08/2020 9:20:36 AM,252 Event OK
2/08/2020 9:20:36 AM,EVENT 50984 1596336351 0/0/0/0/6 INPUT 4 0 55 v:122
2/08/2020 9:20:36 AM,252 Event OK
2/08/2020 9:20:37 AM,EVENT 50985 1596336353 0/0/0/0/0 INPUT 8 1 0 v:122
2/08/2020 9:20:37 AM,252 Event OK
2/08/2020 9:20:38 AM,EVENT 50986 1596336353 0/0/0/0/0 INPUT 7 0 3 v:122
2/08/2020 9:20:38 AM,252 Event OK
2/08/2020 9:20:39 AM,EVENT 50987 1596336358 0/0/0/0/0 INPUT 4 1 0 v:122
2/08/2020 9:20:39 AM,252 Event OK
2/08/2020 9:20:40 AM,EVENT 50988 1596336359 0/0/0/0/0 INPUT 1 0 9 v:122
2/08/2020 9:20:40 AM,252 Event OK
2/08/2020 9:20:41 AM,EVENT 50989 1596336360 0/0/0/0/0 OILPRESSURE 50975 6 v:122
2/08/2020 9:20:41 AM,252 Event OK
2/08/2020 9:20:41 AM,EVENT 50990 1596336365 0/0/0/0/0 INPUT 7 1 0 v:122
2/08/2020 9:20:41 AM,252 Event OK
2/08/2020 9:20:42 AM,EVENT 50991 1596336365 0/0/0/0/0 INPUT 8 0 12 v:122
2/08/2020 9:20:42 AM,252 Event OK
2/08/2020 9:20:45 AM,EVENT 50992 1596336365 0/0/0/0/0 INPUT 1 1 0 v:122
2/08/2020 9:20:45 AM,252 Event OK
2/08/2020 9:21:26 AM,EVENT 50993 1596336367 0/0/0/0/0 INPUT 4 0 10 v:122
2/08/2020 9:21:26 AM,252 Event OK
2/08/2020 9:21:27 AM,UNIT 10604
2/08/2020 9:21:27 AM,333 CHAL 126E8396
2/08/2020 9:21:27 AM,RESP E0C4DBDF
2/08/2020 9:21:27 AM,230 Auth OK
2/08/2020 9:21:27 AM,TIME
2/08/2020 9:21:27 AM,211 TIME 1596360087
2/08/2020 9:21:28 AM,EVCOUNT 586
2/08/2020 9:21:28 AM,252 Event OK
2/08/2020 9:21:28 AM,TODO
2/08/2020 9:21:28 AM,125 TODO GETXML 2000 Operators 
225 Work list complete
2/08/2020 9:21:28 AM,GETXML
2/08/2020 9:21:28 AM,Binary data 4200 bytes
2/08/2020 9:21:28 AM,GOT Operators 4152 1C8F75B1
2/08/2020 9:21:28 AM,250 Download OK
2/08/2020 9:21:29 AM,EVENT 50993 1596336367 0/0/0/0/0 INPUT 4 0 10 v:122
2/08/2020 9:21:29 AM,253 Event OK - Duplicate
2/08/2020 9:21:29 AM,EVENT 50994 1596336369 0/0/0/0/0 TRIP 50975 35 30 14 6 79 v:122
2/08/2020 9:21:29 AM,252 Event OK
2/08/2020 9:21:29 AM,EVENT 50995 1596336369 0/0/0/0/0 TRIPSUMMARY 50975 v:122
2/08/2020 9:21:29 AM,252 Event OK
2/08/2020 9:21:29 AM,EVENT 50996 1596336496 0/0/0/0/0 INPUT 8 1 0 v:122
2/08/2020 9:21:29 AM,252 Event OK
2/08/2020 9:21:29 AM,EVENT 50997 1596336496 0/0/0/0/0 INPUT 7 0 131 v:122
2/08/2020 9:21:29 AM,252 Event OK
2/08/2020 9:21:30 AM,EVENT 50998 1596336505 0/0/0/0/0 SIGNON 2489 01effad3 OK 26 80296 0 v:122
2/08/2020 9:21:30 AM,252 Event OK
2/08/2020 9:21:30 AM,EVENT 50999 1596336510 0/0/0/0/0 INPUT 4 1 0 v:122
2/08/2020 9:21:30 AM,252 Event OK
2/08/2020 9:21:30 AM,EVENT 51000 1596336511 0/0/0/0/0 INPUT 1 0 147 v:122
2/08/2020 9:21:30 AM,252 Event OK
2/08/2020 9:21:30 AM,EVENT 51001 1596336513 0/0/0/0/0 OILPRESSURE 50998 3 v:122
2/08/2020 9:21:30 AM,252 Event OK
2/08/2020 9:21:31 AM,EVENT 51002 1596336535 0/0/0/0/5 INPUT 3 1 0 v:122
2/08/2020 9:21:31 AM,252 Event OK
2/08/2020 9:21:31 AM,EVENT 51003 1596336540 0/0/0/0/10 INPUT 3 0 5 v:122
2/08/2020 9:21:31 AM,252 Event OK
2/08/2020 9:21:31 AM,EVENT 51004 1596336550 0/0/0/0/4 INPUT 7 1 0 v:122
2/08/2020 9:21:31 AM,252 Event OK
2/08/2020 9:21:31 AM,EVENT 51005 1596336550 0/0/0/0/4 INPUT 8 0 54 v:122
2/08/2020 9:21:31 AM,252 Event OK
2/08/2020 9:21:31 AM,EVENT 51006 1596336550 0/0/0/0/3 INPUT 1 1 0 v:121
2/08/2020 9:21:31 AM,252 Event OK
2/08/2020 9:21:32 AM,EVENT 51007 1596336551 0/0/0/0/3 INPUT 4 0 41 v:121
2/08/2020 9:21:32 AM,252 Event OK
2/08/2020 9:21:32 AM,EVENT 51008 1596336554 0/0/0/0/0 TRIP 50998 5 36 9 6 50 v:121
2/08/2020 9:21:32 AM,252 Event OK
2/08/2020 9:21:32 AM,EVENT 51009 1596336554 0/0/0/0/0 TRIPSUMMARY 50998 v:121
2/08/2020 9:21:32 AM,252 Event OK
2/08/2020 9:21:32 AM,EVENT 51010 1596342296 0/0/0/0/0 SWSTART OpusFC 5.0.58.510 R v:122
2/08/2020 9:21:32 AM,252 Event OK
2/08/2020 9:21:33 AM,EVENT 51011 1596336554 0/0/0/0/0 POWERDOWN v:121
2/08/2020 9:21:33 AM,252 Event OK
2/08/2020 9:21:33 AM,EVENT 51012 1596342296 0/0/0/0/0 INPUT 1 1 0 v:122
2/08/2020 9:21:33 AM,252 Event OK
2/08/2020 9:21:33 AM,EVENT 51013 1596342296 0/0/0/0/0 INPUT 2 0 0 v:122
2/08/2020 9:21:33 AM,252 Event OK
2/08/2020 9:21:33 AM,EVENT 51014 1596342296 0/0/0/0/0 INPUT 3 0 0 v:122
2/08/2020 9:21:33 AM,252 Event OK
2/08/2020 9:21:34 AM,EVENT 51015 1596342296 0/0/0/0/0 INPUT 4 0 0 v:122
2/08/2020 9:21:34 AM,252 Event OK
2/08/2020 9:21:34 AM,EVENT 51016 1596342296 0/0/0/0/0 INPUT 7 0 0 v:122
2/08/2020 9:21:34 AM,252 Event OK
2/08/2020 9:21:34 AM,EVENT 51017 1596342296 0/0/0/0/0 INPUT 8 1 0 v:122
2/08/2020 9:21:34 AM,252 Event OK
2/08/2020 9:21:34 AM,EVENT 51018 1596342298 0/0/0/0/0 ZONE_OK 2 100 FW=NO VERSION v:122
2/08/2020 9:21:34 AM,252 Event OK
2/08/2020 9:21:35 AM,EVENT 51019 1596342306 0/0/0/0/0 SIGNON 2489 01effad3 OK 26 80296 0 v:122
2/08/2020 9:21:35 AM,252 Event OK
2/08/2020 9:21:35 AM,EVENT 51020 1596342311 0/0/0/99/0 INPUT 7 1 0 v:122
2/08/2020 9:21:35 AM,252 Event OK
2/08/2020 9:21:35 AM,EVENT 51021 1596342312 0/0/0/99/0 INPUT 4 1 0 v:122
2/08/2020 9:21:35 AM,252 Event OK
2/08/2020 9:21:35 AM,EVENT 51022 1596342313 0/0/0/99/0 INPUT 7 0 1 v:122
2/08/2020 9:21:35 AM,252 Event OK
2/08/2020 9:21:35 AM,EVENT 51023 1596342316 0/0/0/99/2 INPUT 1 0 20 v:122
2/08/2020 9:21:35 AM,252 Event OK
2/08/2020 9:21:36 AM,EVENT 51024 1596342318 0/0/0/99/4 OILPRESSURE 51019 7 v:121
2/08/2020 9:21:36 AM,252 Event OK
2/08/2020 9:21:36 AM,EVENT 51025 1596342331 0/0/0/0/5 INPUT 3 1 0 v:122
2/08/2020 9:21:36 AM,252 Event OK
2/08/2020 9:21:36 AM,EVENT 51026 1596342340 0/0/0/0/12 INPUT 3 0 10 v:122
2/08/2020 9:21:36 AM,252 Event OK
2/08/2020 9:21:36 AM,EVENT 51027 1596342393 0/0/0/0/0 INPUT 4 0 81 v:122
2/08/2020 9:21:36 AM,252 Event OK
2/08/2020 9:21:36 AM,EVENT 51028 1596342393 0/0/0/0/0 INPUT 4 1 0 v:122
2/08/2020 9:21:36 AM,252 Event OK
2/08/2020 9:21:37 AM,EVENT 51029 1596342403 0/0/0/0/0 INPUT 7 1 0 v:122
2/08/2020 9:21:37 AM,252 Event OK
2/08/2020 9:21:37 AM,EVENT 51030 1596342403 0/0/0/0/0 INPUT 8 0 106 v:122
2/08/2020 9:21:37 AM,252 Event OK
2/08/2020 9:21:37 AM,EVENT 51031 1596342403 0/0/0/0/0 INPUT 1 1 0 v:122
2/08/2020 9:21:37 AM,252 Event OK
2/08/2020 9:21:37 AM,EVENT 51032 1596342404 0/0/0/0/0 INPUT 4 0 11 v:121
2/08/2020 9:21:37 AM,252 Event OK
2/08/2020 9:21:37 AM,EVENT 51033 1596342407 0/0/0/0/0 TRIP 51019 10 82 10 7 102 v:121
2/08/2020 9:21:37 AM,252 Event OK
2/08/2020 9:21:38 AM,EVENT 51034 1596342407 0/0/0/0/0 TRIPSUMMARY 51019 v:121
2/08/2020 9:21:38 AM,252 Event OK
2/08/2020 9:21:38 AM,EVENT 51035 1596342420 0/0/0/0/0 REPORT * 0 0 v:121
2/08/2020 9:21:38 AM,252 Event OK
2/08/2020 9:21:38 AM,EVENT 51036 1596342594 0/0/0/0/0 INPUT 8 1 0 v:121
2/08/2020 9:21:38 AM,252 Event OK
2/08/2020 9:21:38 AM,EVENT 51037 1596342595 0/0/0/0/0 INPUT 7 0 192 v:121
2/08/2020 9:21:38 AM,252 Event OK
2/08/2020 9:21:39 AM,EVENT 51038 1596342602 0/0/0/0/0 SIGNON 2489 01effad3 OK 26 80296 0 v:121
2/08/2020 9:21:39 AM,252 Event OK
2/08/2020 9:21:39 AM,EVENT 51039 1596342607 0/0/0/0/0 INPUT 7 1 0 v:122
2/08/2020 9:21:39 AM,252 Event OK
2/08/2020 9:21:39 AM,EVENT 51040 1596342608 0/0/0/0/0 INPUT 4 1 0 v:122
2/08/2020 9:21:39 AM,252 Event OK
2/08/2020 9:21:39 AM,EVENT 51041 1596342608 0/0/0/0/0 INPUT 7 0 1 v:122
2/08/2020 9:21:39 AM,252 Event OK
2/08/2020 9:21:39 AM,EVENT 51042 1596342609 0/0/0/0/0 INPUT 1 0 205 v:122
2/08/2020 9:21:39 AM,252 Event OK
2/08/2020 9:21:40 AM,EVENT 51043 1596342609 0/0/0/0/0 INPUT 4 0 2 v:122
2/08/2020 9:21:40 AM,252 Event OK
2/08/2020 9:21:40 AM,EVENT 51044 1596342610 0/0/0/0/0 INPUT 4 1 0 v:122
2/08/2020 9:21:40 AM,252 Event OK
2/08/2020 9:21:40 AM,EVENT 51045 1596342610 0/0/0/0/0 OILPRESSURE 51038 3 v:122
2/08/2020 9:21:40 AM,252 Event OK
2/08/2020 9:21:40 AM,EVENT 51046 1596342644 0/0/0/0/0 INPUT 7 1 0 v:122
2/08/2020 9:21:40 AM,252 Event OK
2/08/2020 9:21:40 AM,EVENT 51047 1596342644 0/0/0/0/0 INPUT 8 0 50 v:121
2/08/2020 9:21:40 AM,252 Event OK
2/08/2020 9:21:41 AM,EVENT 51048 1596342644 0/0/0/0/0 INPUT 1 1 0 v:121
2/08/2020 9:21:41 AM,252 Event OK
2/08/2020 9:21:41 AM,EVENT 51049 1596342645 0/0/0/0/0 INPUT 4 0 36 v:121
2/08/2020 9:21:41 AM,252 Event OK
2/08/2020 9:21:41 AM,EVENT 51050 1596342648 0/0/0/99/0 TRIP 51038 0 38 9 6 47 v:121
2/08/2020 9:21:41 AM,252 Event OK
2/08/2020 9:21:41 AM,EVENT 51051 1596342648 0/0/0/99/0 TRIPSUMMARY 51038 v:121
2/08/2020 9:21:41 AM,252 Event OK
2/08/2020 9:21:41 AM,EVENT 51052 1596345447 0/0/0/0/0 SWSTART OpusFC 5.0.58.510 R v:122
2/08/2020 9:21:41 AM,252 Event OK
2/08/2020 9:21:42 AM,EVENT 51053 1596342648 0/0/0/0/0 POWERDOWN v:121
2/08/2020 9:21:42 AM,252 Event OK
2/08/2020 9:21:42 AM,EVENT 51054 1596345447 0/0/0/0/0 INPUT 1 1 0 v:122
2/08/2020 9:21:42 AM,252 Event OK
2/08/2020 9:21:42 AM,EVENT 51055 1596345447 0/0/0/0/0 INPUT 2 0 0 v:121
2/08/2020 9:21:42 AM,252 Event OK
2/08/2020 9:21:43 AM,EVENT 51056 1596345447 0/0/0/0/0 INPUT 3 0 0 v:121
2/08/2020 9:21:43 AM,252 Event OK
2/08/2020 9:21:43 AM,EVENT 51057 1596345447 0/0/0/0/0 INPUT 4 0 0 v:122
2/08/2020 9:21:43 AM,252 Event OK
2/08/2020 9:21:43 AM,EVENT 51058 1596345447 0/0/0/0/0 INPUT 7 0 0 v:122
2/08/2020 9:21:43 AM,252 Event OK
2/08/2020 9:21:43 AM,EVENT 51059 1596345447 0/0/0/0/0 INPUT 8 1 0 v:122
2/08/2020 9:21:43 AM,252 Event OK
2/08/2020 9:21:43 AM,EVENT 51060 1596345449 0/0/0/0/0 ZONE_OK 2 100 FW=NO VERSION v:122
2/08/2020 9:21:43 AM,252 Event OK
2/08/2020 9:21:44 AM,EVENT 51061 1596345457 0/0/0/0/0 SIGNON 2489 01effad3 OK 26 80296 0 v:122
2/08/2020 9:21:44 AM,252 Event OK
2/08/2020 9:21:44 AM,EVENT 51062 1596345463 0/0/0/99/0 INPUT 7 1 0 v:122
2/08/2020 9:21:44 AM,252 Event OK
2/08/2020 9:21:44 AM,EVENT 51063 1596345463 0/0/0/99/0 INPUT 4 1 0 v:122
2/08/2020 9:21:44 AM,252 Event OK
2/08/2020 9:21:44 AM,EVENT 51064 1596345464 0/0/0/99/0 INPUT 7 0 1 v:122
2/08/2020 9:21:44 AM,252 Event OK
2/08/2020 9:21:45 AM,EVENT 51065 1596345466 0/0/0/99/0 INPUT 1 0 18 v:122
2/08/2020 9:21:45 AM,252 Event OK
2/08/2020 9:21:45 AM,EVENT 51066 1596345467 0/0/0/99/0 OILPRESSURE 51061 5 v:122
2/08/2020 9:21:45 AM,252 Event OK
2/08/2020 9:21:45 AM,EVENT 51067 1596345472 0/0/0/0/7 INPUT 3 1 0 v:122
2/08/2020 9:21:45 AM,252 Event OK
2/08/2020 9:21:45 AM,EVENT 51068 1596345492 0/0/0/0/10 INPUT 3 0 20 v:122
2/08/2020 9:21:45 AM,252 Event OK
2/08/2020 9:21:45 AM,EVENT 51069 1596345505 0/0/0/0/0 INPUT 7 1 0 v:122
2/08/2020 9:21:45 AM,252 Event OK
2/08/2020 9:21:46 AM,EVENT 51070 1596345505 0/0/0/0/0 INPUT 8 0 58 v:122
2/08/2020 9:21:46 AM,252 Event OK
2/08/2020 9:21:46 AM,EVENT 51071 1596345506 0/0/0/0/0 INPUT 1 1 0 v:122
2/08/2020 9:21:46 AM,252 Event OK
2/08/2020 9:21:46 AM,EVENT 51072 1596345507 0/0/0/0/0 INPUT 4 0 44 v:121
2/08/2020 9:21:46 AM,252 Event OK
2/08/2020 9:21:46 AM,EVENT 51073 1596345510 0/0/0/0/0 REPORT 51061 0 0 v:121
2/08/2020 9:21:46 AM,252 Event OK
2/08/2020 9:21:46 AM,EVENT 51074 1596345510 0/0/0/0/0 TRIP 51061 20 24 9 6 53 v:121
2/08/2020 9:21:46 AM,252 Event OK
2/08/2020 9:21:47 AM,EVENT 51075 1596345510 0/0/0/0/0 TRIPSUMMARY 51061 v:121
2/08/2020 9:21:47 AM,252 Event OK
2/08/2020 9:21:47 AM,EVENT 51076 1596345557 0/0/0/0/0 INPUT 8 1 0 v:121
2/08/2020 9:21:47 AM,252 Event OK
2/08/2020 9:21:47 AM,EVENT 51077 1596345558 0/0/0/0/0 INPUT 7 0 52 v:121
2/08/2020 9:21:47 AM,252 Event OK
2/08/2020 9:21:47 AM,EVENT 51078 1596345565 0/0/0/0/0 SIGNON 2489 01effad3 OK 26 80296 0 v:122
2/08/2020 9:21:47 AM,252 Event OK
2/08/2020 9:21:48 AM,EVENT 51079 1596345570 0/0/0/0/0 INPUT 7 1 0 v:122
2/08/2020 9:21:48 AM,252 Event OK
2/08/2020 9:21:48 AM,EVENT 51080 1596345571 0/0/0/0/0 INPUT 4 1 0 v:122
2/08/2020 9:21:48 AM,252 Event OK
2/08/2020 9:21:48 AM,EVENT 51081 1596345572 0/0/0/0/0 INPUT 1 0 66 v:122
2/08/2020 9:21:48 AM,252 Event OK
2/08/2020 9:21:48 AM,EVENT 51082 1596345572 0/0/0/0/0 INPUT 7 0 3 v:122
2/08/2020 9:21:48 AM,252 Event OK
2/08/2020 9:21:48 AM,EVENT 51083 1596345573 0/0/0/0/0 OILPRESSURE 51078 3 v:122
2/08/2020 9:21:48 AM,252 Event OK
2/08/2020 9:21:49 AM,EVENT 51084 1596345574 0/0/0/0/0 LOWCOOLANT 51078 3 v:122
2/08/2020 9:21:49 AM,252 Event OK
2/08/2020 9:21:49 AM,EVENT 51085 1596345575 0/0/0/0/0 INPUT 4 0 5 v:122
2/08/2020 9:21:49 AM,252 Event OK
2/08/2020 9:21:49 AM,EVENT 51086 1596345576 0/0/0/0/0 INPUT 4 1 0 v:122
2/08/2020 9:21:49 AM,252 Event OK
2/08/2020 9:21:49 AM,EVENT 51087 1596345578 0/0/0/0/0 INPUT 4 0 3 v:122
2/08/2020 9:21:49 AM,252 Event OK
2/08/2020 9:21:49 AM,EVENT 51088 1596345578 0/0/0/0/0 INPUT 4 1 0 v:122
2/08/2020 9:21:49 AM,252 Event OK
2/08/2020 9:21:50 AM,EVENT 51089 1596345584 0/0/0/0/3 INPUT 4 0 6 v:122
2/08/2020 9:21:50 AM,252 Event OK
2/08/2020 9:21:50 AM,EVENT 51090 1596345585 0/0/0/0/3 INPUT 4 1 0 v:122
2/08/2020 9:21:50 AM,252 Event OK
2/08/2020 9:21:50 AM,EVENT 51091 1596345587 0/0/0/0/5 INPUT 3 1 0 v:122
2/08/2020 9:21:50 AM,252 Event OK
2/08/2020 9:21:50 AM,EVENT 51092 1596345657 0/0/0/0/11 INPUT 3 0 69 v:122
2/08/2020 9:21:50 AM,252 Event OK
2/08/2020 9:21:50 AM,EVENT 51093 1596345661 0/0/0/0/3 INPUT 4 0 77 v:122
2/08/2020 9:21:50 AM,252 Event OK
2/08/2020 9:21:51 AM,EVENT 51094 1596345661 0/0/0/0/3 INPUT 4 1 0 v:122
2/08/2020 9:21:51 AM,252 Event OK
2/08/2020 9:21:51 AM,EVENT 51095 1596345665 0/0/0/0/6 INPUT 3 1 0 v:122
2/08/2020 9:21:51 AM,252 Event OK
2/08/2020 9:21:51 AM,EVENT 51096 1596345892 0/0/0/0/12 INPUT 3 0 227 v:122
2/08/2020 9:21:51 AM,252 Event OK
2/08/2020 9:21:51 AM,EVENT 51097 1596345892 0/0/0/0/9 INPUT 3 1 0 v:122
2/08/2020 9:21:51 AM,252 Event OK
2/08/2020 9:21:52 AM,EVENT 51098 1596345894 0/0/0/0/9 INPUT 3 0 1 v:122
2/08/2020 9:21:52 AM,252 Event OK
2/08/2020 9:21:52 AM,EVENT 51099 1596346105 0/0/0/0/8 INPUT 3 1 0 v:122
2/08/2020 9:21:52 AM,252 Event OK
2/08/2020 9:21:52 AM,EVENT 51100 1596346106 0/0/0/0/8 INPUT 3 0 1 v:122
2/08/2020 9:21:52 AM,252 Event OK
2/08/2020 9:21:52 AM,EVENT 51101 1596346111 0/0/0/0/7 INPUT 3 1 0 v:122
2/08/2020 9:21:52 AM,252 Event OK
2/08/2020 9:21:52 AM,EVENT 51102 1596346117 0/0/0/0/9 INPUT 3 0 6 v:122
2/08/2020 9:21:52 AM,252 Event OK
2/08/2020 9:21:53 AM,EVENT 51103 1596346124 0/0/0/0/0 ENGINEOVERSPEED 51078 7 4353 v:122
2/08/2020 9:21:53 AM,252 Event OK
2/08/2020 9:21:53 AM,EVENT 51104 1596346141 0/0/0/0/5 INPUT 3 1 0 v:122
2/08/2020 9:21:53 AM,252 Event OK
2/08/2020 9:21:53 AM,EVENT 51105 1596346245 0/0/0/0/9 INPUT 3 0 105 v:122
2/08/2020 9:21:53 AM,252 Event OK
2/08/2020 9:21:53 AM,EVENT 51106 1596346252 0/0/0/0/0 INPUT 7 1 0 v:122
2/08/2020 9:21:53 AM,252 Event OK
2/08/2020 9:21:53 AM,EVENT 51107 1596346252 0/0/0/0/0 INPUT 8 0 696 v:122
2/08/2020 9:21:53 AM,252 Event OK
2/08/2020 9:21:54 AM,EVENT 51108 1596346253 0/0/0/0/0 INPUT 1 1 0 v:122
2/08/2020 9:21:54 AM,252 Event OK
2/08/2020 9:21:54 AM,EVENT 51109 1596346254 0/0/0/0/0 INPUT 4 0 593 v:121
2/08/2020 9:21:54 AM,252 Event OK
2/08/2020 9:21:54 AM,EVENT 51110 1596346257 0/0/0/0/0 TRIP 51078 409 275 9 6 693 v:121
2/08/2020 9:21:54 AM,252 Event OK
2/08/2020 9:21:54 AM,EVENT 51111 1596346257 0/0/0/0/0 TRIPSUMMARY 51078 v:121
2/08/2020 9:21:54 AM,252 Event OK
2/08/2020 9:21:54 AM,EVENT 51112 1596346410 0/0/0/0/0 INPUT 8 1 0 v:121
2/08/2020 9:21:54 AM,252 Event OK
2/08/2020 9:21:55 AM,EVENT 51113 1596346410 0/0/0/0/0 INPUT 7 0 157 v:121
2/08/2020 9:21:55 AM,252 Event OK
2/08/2020 9:21:55 AM,EVENT 51114 1596346421 0/0/0/0/0 SIGNON 2503 03d7f2de OK 26 140690 0 v:121
2/08/2020 9:21:55 AM,252 Event OK
2/08/2020 9:21:55 AM,EVENT 51115 1596346426 0/0/0/0/0 INPUT 7 1 0 v:122
2/08/2020 9:21:55 AM,252 Event OK
2/08/2020 9:21:55 AM,EVENT 51116 1596346426 0/0/0/0/0 INPUT 4 1 0 v:122
2/08/2020 9:21:55 AM,252 Event OK
2/08/2020 9:21:55 AM,EVENT 51117 1596346426 0/0/0/0/0 INPUT 7 0 1 v:122
2/08/2020 9:21:55 AM,252 Event OK
2/08/2020 9:21:56 AM,EVENT 51118 1596346426 0/0/0/0/0 INPUT 1 0 174 v:122
2/08/2020 9:21:56 AM,252 Event OK
2/08/2020 9:21:56 AM,EVENT 51119 1596346428 0/0/0/0/0 OILPRESSURE 51114 2 v:122
2/08/2020 9:21:56 AM,252 Event OK
2/08/2020 9:21:56 AM,EVENT 51120 1596346802 0/0/0/0/8 INPUT 3 1 0 v:122
2/08/2020 9:21:56 AM,252 Event OK
2/08/2020 9:21:56 AM,EVENT 51121 1596346803 0/0/0/0/8 INPUT 3 0 1 v:122
2/08/2020 9:21:56 AM,252 Event OK
2/08/2020 9:21:56 AM,EVENT 51122 1596346804 0/0/0/0/8 INPUT 7 1 0 v:122
2/08/2020 9:21:56 AM,252 Event OK
2/08/2020 9:21:57 AM,EVENT 51123 1596346804 0/0/0/0/8 INPUT 8 0 394 v:122
2/08/2020 9:21:57 AM,252 Event OK
2/08/2020 9:21:57 AM,EVENT 51124 1596346804 0/0/0/0/8 INPUT 1 1 0 v:122
2/08/2020 9:21:57 AM,252 Event OK
2/08/2020 9:21:57 AM,EVENT 51125 1596346806 0/0/0/0/8 INPUT 4 0 381 v:121
2/08/2020 9:21:57 AM,252 Event OK
2/08/2020 9:21:57 AM,EVENT 51126 1596346808 0/0/0/0/0 TRIP 51114 1 380 7 5 388 v:121
2/08/2020 9:21:57 AM,252 Event OK
2/08/2020 9:21:58 AM,EVENT 51127 1596346808 0/0/0/0/0 TRIPSUMMARY 51114 v:121
2/08/2020 9:21:58 AM,252 Event OK
2/08/2020 9:21:58 AM,EVENT 51128 1596347038 0/0/0/0/0 INPUT 8 1 0 v:122
2/08/2020 9:21:58 AM,252 Event OK
2/08/2020 9:21:58 AM,EVENT 51129 1596347038 0/0/0/0/0 INPUT 7 0 235 v:122
2/08/2020 9:21:58 AM,252 Event OK
2/08/2020 9:21:58 AM,EVENT 51130 1596347046 0/0/0/0/0 SIGNON 2489 01effad3 OK 26 80296 0 v:122
2/08/2020 9:21:58 AM,252 Event OK
2/08/2020 9:21:58 AM,EVENT 51131 1596347051 0/0/0/0/0 INPUT 7 1 0 v:122
2/08/2020 9:21:58 AM,252 Event OK
2/08/2020 9:21:59 AM,EVENT 51132 1596347052 0/0/0/0/0 INPUT 4 1 0 v:122
2/08/2020 9:21:59 AM,252 Event OK
2/08/2020 9:21:59 AM,EVENT 51133 1596347052 0/0/0/0/0 INPUT 7 0 0 v:122
2/08/2020 9:21:59 AM,252 Event OK
2/08/2020 9:21:59 AM,EVENT 51134 1596347052 0/0/0/0/0 INPUT 1 0 248 v:122
2/08/2020 9:21:59 AM,252 Event OK
2/08/2020 9:21:59 AM,EVENT 51135 1596347054 0/0/0/0/0 OILPRESSURE 51130 3 v:122
2/08/2020 9:21:59 AM,252 Event OK
2/08/2020 9:22:00 AM,EVENT 51136 1596347073 0/0/0/0/6 INPUT 3 1 0 v:122
2/08/2020 9:22:00 AM,252 Event OK
2/08/2020 9:22:00 AM,EVENT 51137 1596347196 0/0/0/0/12 INPUT 3 0 123 v:122
2/08/2020 9:22:00 AM,252 Event OK
2/08/2020 9:22:00 AM,EVENT 51138 1596347200 0/0/0/0/8 INPUT 3 1 0 v:122
2/08/2020 9:22:00 AM,252 Event OK
2/08/2020 9:22:00 AM,EVENT 51139 1596347204 0/0/0/0/9 INPUT 3 0 3 v:122
2/08/2020 9:22:00 AM,252 Event OK
2/08/2020 9:22:00 AM,EVENT 51140 1596347205 0/0/0/0/8 INPUT 3 1 0 v:122
2/08/2020 9:22:00 AM,252 Event OK
2/08/2020 9:22:01 AM,EVENT 51141 1596347214 0/0/0/0/9 INPUT 3 0 9 v:122
2/08/2020 9:22:01 AM,252 Event OK
2/08/2020 9:22:01 AM,EVENT 51142 1596347340 0/0/0/0/0 REPORT 51130 0 0 v:121
2/08/2020 9:22:01 AM,252 Event OK
2/08/2020 9:22:01 AM,EVENT 51143 1596347424 0/0/0/0/7 INPUT 3 1 0 v:122
2/08/2020 9:22:01 AM,252 Event OK
2/08/2020 9:22:01 AM,EVENT 51144 1596347466 0/0/0/0/19 ENGINEOVERSPEED 51130 7 3543 v:122
2/08/2020 9:22:01 AM,252 Event OK
2/08/2020 9:22:01 AM,EVENT 51145 1596347586 0/0/0/0/22 ENGINEOVERSPEED 51130 8 3524 v:121
2/08/2020 9:22:01 AM,252 Event OK
2/08/2020 9:22:02 AM,EVENT 51146 1596347649 0/0/0/0/9 INPUT 3 0 225 v:121
2/08/2020 9:22:02 AM,252 Event OK
2/08/2020 9:22:02 AM,EVENT 51147 1596347653 0/0/0/0/5 INPUT 7 1 0 v:121
2/08/2020 9:22:02 AM,252 Event OK
2/08/2020 9:22:02 AM,EVENT 51148 1596347653 0/0/0/0/5 INPUT 8 0 616 v:121
2/08/2020 9:22:02 AM,252 Event OK
2/08/2020 9:22:02 AM,EVENT 51149 1596347654 0/0/0/0/5 INPUT 1 1 0 v:121
2/08/2020 9:22:02 AM,252 Event OK
2/08/2020 9:22:02 AM,EVENT 51150 1596347655 0/0/0/0/0 INPUT 4 0 604 v:121
2/08/2020 9:22:02 AM,252 Event OK
2/08/2020 9:22:03 AM,EVENT 51151 1596347658 0/0/0/0/0 TRIP 51130 360 244 9 6 613 v:121
2/08/2020 9:22:03 AM,252 Event OK
2/08/2020 9:22:03 AM,EVENT 51152 1596347658 0/0/0/0/0 TRIPSUMMARY 51130 v:121
2/08/2020 9:22:03 AM,252 Event OK
2/08/2020 9:22:03 AM,EVENT 51153 1596347946 0/0/0/0/0 INPUT 7 0 292 v:122
2/08/2020 9:22:03 AM,252 Event OK
2/08/2020 9:22:03 AM,EVENT 51154 1596347946 0/0/0/0/0 INPUT 8 1 0 v:122
2/08/2020 9:22:03 AM,252 Event OK
2/08/2020 9:22:04 AM,EVENT 51155 1596347954 0/0/0/0/0 SIGNON 2489 01effad3 OK 26 80296 0 v:122
2/08/2020 9:22:04 AM,252 Event OK
2/08/2020 9:22:04 AM,EVENT 51156 1596347959 0/0/0/0/0 INPUT 4 1 0 v:122
2/08/2020 9:22:04 AM,252 Event OK
2/08/2020 9:22:04 AM,EVENT 51157 1596347962 0/0/0/0/0 INPUT 1 0 308 v:122
2/08/2020 9:22:04 AM,252 Event OK
2/08/2020 9:22:04 AM,EVENT 51158 1596347963 0/0/0/0/0 OILPRESSURE 51155 4 v:122
2/08/2020 9:22:04 AM,252 Event OK
2/08/2020 9:22:04 AM,EVENT 51159 1596347979 0/0/0/0/0 INPUT 7 1 0 v:121
2/08/2020 9:22:04 AM,252 Event OK
2/08/2020 9:22:05 AM,EVENT 51160 1596347979 0/0/0/0/0 INPUT 8 0 33 v:121
2/08/2020 9:22:05 AM,252 Event OK
2/08/2020 9:22:05 AM,EVENT 51161 1596347979 0/0/0/0/0 INPUT 1 1 0 v:121
2/08/2020 9:22:05 AM,252 Event OK
2/08/2020 9:22:05 AM,EVENT 51162 1596347980 0/0/0/0/0 INPUT 4 0 21 v:121
2/08/2020 9:22:05 AM,252 Event OK
2/08/2020 9:22:05 AM,EVENT 51163 1596347983 0/0/0/0/0 TRIP 51155 0 21 9 6 30 v:121
2/08/2020 9:22:05 AM,252 Event OK
2/08/2020 9:22:06 AM,EVENT 51164 1596347983 0/0/0/0/0 TRIPSUMMARY 51155 v:121
2/08/2020 9:22:06 AM,252 Event OK
2/08/2020 9:22:06 AM,EVENT 51165 1596348026 0/0/0/0/0 INPUT 7 0 47 v:121
2/08/2020 9:22:06 AM,252 Event OK
2/08/2020 9:22:06 AM,EVENT 51166 1596348026 0/0/0/0/0 INPUT 8 1 0 v:122
2/08/2020 9:22:06 AM,252 Event OK
2/08/2020 9:22:06 AM,EVENT 51167 1596348031 0/0/0/0/0 SIGNON * 0 NOCARD 26 0 088029 v:122
2/08/2020 9:22:06 AM,252 Event OK
2/08/2020 9:22:06 AM,EVENT 51168 1596348041 0/0/0/0/0 SIGNON 2489 01effad3 OK 26 80296 0 v:122
2/08/2020 9:22:06 AM,252 Event OK
2/08/2020 9:22:07 AM,EVENT 51169 1596348047 0/0/0/0/0 INPUT 4 1 0 v:122
2/08/2020 9:22:07 AM,252 Event OK
2/08/2020 9:22:07 AM,EVENT 51170 1596348047 0/0/0/0/0 INPUT 1 0 69 v:122
2/08/2020 9:22:07 AM,252 Event OK
2/08/2020 9:22:07 AM,EVENT 51171 1596348049 0/0/0/0/0 OILPRESSURE 51168 3 v:121
2/08/2020 9:22:07 AM,252 Event OK
2/08/2020 9:22:07 AM,EVENT 51172 1596348055 0/0/0/0/3 INPUT 4 0 9 v:122
2/08/2020 9:22:07 AM,252 Event OK
2/08/2020 9:22:07 AM,EVENT 51173 1596348055 0/0/0/0/3 INPUT 4 1 0 v:122
2/08/2020 9:22:07 AM,252 Event OK
2/08/2020 9:22:08 AM,EVENT 51174 1596348063 0/0/0/0/3 INPUT 4 0 8 v:121
2/08/2020 9:22:08 AM,252 Event OK
2/08/2020 9:22:08 AM,EVENT 51175 1596348064 0/0/0/0/3 INPUT 4 1 0 v:121
2/08/2020 9:22:08 AM,252 Event OK
2/08/2020 9:22:08 AM,EVENT 51176 1596348074 0/0/0/0/3 INPUT 4 0 11 v:122
2/08/2020 9:22:08 AM,252 Event OK
2/08/2020 9:22:08 AM,EVENT 51177 1596348074 0/0/0/0/3 INPUT 4 1 0 v:122
2/08/2020 9:22:08 AM,252 Event OK
2/08/2020 9:22:08 AM,EVENT 51178 1596348115 0/0/0/0/7 INPUT 4 0 41 v:122
2/08/2020 9:22:08 AM,252 Event OK
2/08/2020 9:22:09 AM,EVENT 51179 1596348115 0/0/0/0/7 INPUT 4 1 0 v:122
2/08/2020 9:22:09 AM,252 Event OK
2/08/2020 9:22:09 AM,EVENT 51180 1596348115 0/0/0/0/7 INPUT 7 1 0 v:122
2/08/2020 9:22:09 AM,252 Event OK
2/08/2020 9:22:09 AM,EVENT 51181 1596348116 0/0/0/0/7 INPUT 8 0 90 v:122
2/08/2020 9:22:09 AM,252 Event OK
2/08/2020 9:22:09 AM,EVENT 51182 1596348116 0/0/0/0/7 INPUT 1 1 0 v:122
2/08/2020 9:22:09 AM,252 Event OK
2/08/2020 9:22:10 AM,EVENT 51183 1596348117 0/0/0/0/7 INPUT 4 0 2 v:122
2/08/2020 9:22:10 AM,252 Event OK
2/08/2020 9:22:10 AM,EVENT 51184 1596348120 0/0/0/0/0 TRIP 51168 0 71 9 6 80 v:122
2/08/2020 9:22:10 AM,252 Event OK
2/08/2020 9:22:10 AM,EVENT 51185 1596348120 0/0/0/0/0 TRIPSUMMARY 51168 v:122
2/08/2020 9:22:10 AM,252 Event OK
2/08/2020 9:22:10 AM,EVENT 51186 1596348433 0/0/0/0/0 INPUT 8 1 0 v:122
2/08/2020 9:22:10 AM,252 Event OK
2/08/2020 9:22:10 AM,EVENT 51187 1596348433 0/0/0/0/0 INPUT 7 0 317 v:122
2/08/2020 9:22:10 AM,252 Event OK
2/08/2020 9:22:11 AM,EVENT 51188 1596348441 0/0/0/0/0 SIGNON 2489 01effad3 OK 26 80296 0 v:122
2/08/2020 9:22:11 AM,252 Event OK
2/08/2020 9:22:11 AM,EVENT 51189 1596348448 0/0/0/0/0 INPUT 4 1 0 v:122
2/08/2020 9:22:11 AM,252 Event OK
2/08/2020 9:22:11 AM,EVENT 51190 1596348448 0/0/0/0/0 INPUT 1 0 333 v:122
2/08/2020 9:22:11 AM,252 Event OK
2/08/2020 9:22:11 AM,EVENT 51191 1596348450 0/0/0/0/0 OILPRESSURE 51188 4 v:121
2/08/2020 9:22:11 AM,252 Event OK
2/08/2020 9:22:11 AM,EVENT 51192 1596348458 0/0/0/0/3 INPUT 4 0 11 v:122
2/08/2020 9:22:11 AM,252 Event OK
2/08/2020 9:22:12 AM,EVENT 51193 1596348458 0/0/0/0/3 INPUT 4 1 0 v:122
2/08/2020 9:22:12 AM,252 Event OK
2/08/2020 9:22:12 AM,EVENT 51194 1596348462 0/0/0/0/8 INPUT 3 1 0 v:122
2/08/2020 9:22:12 AM,252 Event OK
2/08/2020 9:22:12 AM,EVENT 51195 1596348465 0/0/0/0/9 INPUT 3 0 4 v:122
2/08/2020 9:22:12 AM,252 Event OK
2/08/2020 9:22:12 AM,EVENT 51196 1596348480 0/0/0/0/3 INPUT 4 0 22 v:121
2/08/2020 9:22:12 AM,252 Event OK
2/08/2020 9:22:12 AM,EVENT 51197 1596348480 0/0/0/0/3 INPUT 4 1 0 v:121
2/08/2020 9:22:12 AM,252 Event OK
2/08/2020 9:22:13 AM,EVENT 51198 1596348484 0/0/0/0/5 INPUT 3 1 0 v:122
2/08/2020 9:22:13 AM,252 Event OK
2/08/2020 9:22:13 AM,EVENT 51199 1596348587 0/0/0/0/10 INPUT 3 0 103 v:122
2/08/2020 9:22:13 AM,252 Event OK
2/08/2020 9:22:13 AM,EVENT 51200 1596348593 0/0/0/0/5 INPUT 4 0 113 v:122
2/08/2020 9:22:13 AM,252 Event OK
2/08/2020 9:22:13 AM,EVENT 51201 1596348594 0/0/0/0/0 INPUT 4 1 0 v:122
2/08/2020 9:22:13 AM,252 Event OK
2/08/2020 9:22:13 AM,EVENT 51202 1596348692 0/0/0/0/3 INPUT 3 1 0 v:122
2/08/2020 9:22:13 AM,252 Event OK
2/08/2020 9:22:14 AM,EVENT 51203 1596348735 0/0/0/0/22 ENGINEOVERSPEED 51188 25 3999 v:121
2/08/2020 9:22:14 AM,252 Event OK
2/08/2020 9:22:14 AM,EVENT 51204 1596348813 0/0/0/0/10 INPUT 3 0 122 v:121
2/08/2020 9:22:14 AM,252 Event OK
2/08/2020 9:22:14 AM,EVENT 51205 1596348860 0/0/0/99/5 INPUT 1 1 0 v:121
2/08/2020 9:22:14 AM,252 Event OK
2/08/2020 9:22:14 AM,EVENT 51206 1596348861 0/0/0/99/4 INPUT 1 0 1 v:121
2/08/2020 9:22:14 AM,252 Event OK
2/08/2020 9:22:15 AM,EVENT 51207 1596348864 0/0/0/99/5 INPUT 3 1 0 v:122
2/08/2020 9:22:15 AM,252 Event OK
2/08/2020 9:22:15 AM,EVENT 51208 1596348917 0/0/0/0/22 ENGINEOVERSPEED 51188 21 4012 v:122
2/08/2020 9:22:15 AM,252 Event OK
2/08/2020 9:22:15 AM,EVENT 51209 1596348970 0/0/0/0/10 INPUT 3 0 106 v:121
2/08/2020 9:22:15 AM,252 Event OK
2/08/2020 9:22:15 AM,EVENT 51210 1596348973 0/0/0/0/8 INPUT 4 0 380 v:121
2/08/2020 9:22:15 AM,252 Event OK
2/08/2020 9:22:15 AM,EVENT 51211 1596348973 0/0/0/0/8 INPUT 4 1 0 v:122
2/08/2020 9:22:15 AM,252 Event OK
2/08/2020 9:22:16 AM,EVENT 51212 1596348986 0/0/0/0/4 INPUT 3 1 0 v:122
2/08/2020 9:22:16 AM,252 Event OK
2/08/2020 9:22:16 AM,EVENT 51213 1596349095 0/0/0/0/11 INPUT 3 0 108 v:122
2/08/2020 9:22:16 AM,252 Event OK
2/08/2020 9:22:16 AM,EVENT 51214 1596349125 0/0/0/0/5 INPUT 3 1 0 v:122
2/08/2020 9:22:16 AM,252 Event OK
2/08/2020 9:22:16 AM,EVENT 51215 1596349177 0/0/0/0/18 REPORT 51188 0 0 v:122
2/08/2020 9:22:16 AM,252 Event OK
2/08/2020 9:22:16 AM,EVENT 51216 1596349245 0/0/0/0/18 ENGINEOVERSPEED 51188 22 3721 v:122
2/08/2020 9:22:16 AM,252 Event OK
2/08/2020 9:22:17 AM,EVENT 51217 1596349365 0/0/0/0/20 ENGINEOVERSPEED 51188 12 3516 v:122
2/08/2020 9:22:17 AM,252 Event OK
2/08/2020 9:22:17 AM,EVENT 51218 1596349381 0/0/0/0/10 INPUT 3 0 256 v:121
2/08/2020 9:22:17 AM,252 Event OK
2/08/2020 9:22:17 AM,EVENT 51219 1596349399 0/0/0/0/5 INPUT 7 1 0 v:121
2/08/2020 9:22:17 AM,252 Event OK
2/08/2020 9:22:17 AM,EVENT 51220 1596349399 0/0/0/0/5 INPUT 8 0 966 v:121
2/08/2020 9:22:17 AM,252 Event OK
2/08/2020 9:22:18 AM,EVENT 51221 1596349399 0/0/0/0/5 INPUT 1 1 0 v:121
2/08/2020 9:22:18 AM,252 Event OK
2/08/2020 9:22:18 AM,EVENT 51222 1596349400 0/0/0/0/0 INPUT 4 0 427 v:121
2/08/2020 9:22:18 AM,252 Event OK
2/08/2020 9:22:18 AM,EVENT 51223 1596349403 0/0/0/0/0 TRIP 51188 699 254 9 6 962 v:121
2/08/2020 9:22:18 AM,252 Event OK
2/08/2020 9:22:18 AM,EVENT 51224 1596349403 0/0/0/0/0 TRIPSUMMARY 51188 v:121
2/08/2020 9:22:18 AM,252 Event OK
2/08/2020 9:22:18 AM,EVENT 51225 1596349801 0/0/0/0/0 INPUT 8 1 0 v:121
2/08/2020 9:22:18 AM,252 Event OK
2/08/2020 9:22:19 AM,EVENT 51226 1596349801 0/0/0/0/0 INPUT 7 0 402 v:122
2/08/2020 9:22:19 AM,252 Event OK
2/08/2020 9:22:19 AM,EVENT 51227 1596349811 0/0/0/0/0 SIGNON 2489 01effad3 OK 26 80296 0 v:122
2/08/2020 9:22:19 AM,252 Event OK
2/08/2020 9:22:19 AM,EVENT 51228 1596349816 0/0/0/0/0 INPUT 7 1 0 v:122
2/08/2020 9:22:19 AM,252 Event OK
2/08/2020 9:22:19 AM,EVENT 51229 1596349817 0/0/0/0/0 INPUT 4 1 0 v:122
2/08/2020 9:22:19 AM,252 Event OK
2/08/2020 9:22:19 AM,EVENT 51230 1596349817 0/0/0/0/0 INPUT 7 0 1 v:122
2/08/2020 9:22:19 AM,252 Event OK
2/08/2020 9:22:20 AM,EVENT 51231 1596349817 0/0/0/0/0 INPUT 1 0 419 v:122
2/08/2020 9:22:20 AM,252 Event OK
2/08/2020 9:22:20 AM,EVENT 51232 1596349819 0/0/0/0/0 OILPRESSURE 51227 3 v:122
2/08/2020 9:22:20 AM,252 Event OK
2/08/2020 9:22:20 AM,EVENT 51233 1596349820 0/0/0/0/6 INPUT 3 1 0 v:122
2/08/2020 9:22:20 AM,252 Event OK
2/08/2020 9:22:20 AM,EVENT 51234 1596349823 0/0/0/0/9 INPUT 3 0 2 v:122
2/08/2020 9:22:20 AM,252 Event OK
2/08/2020 9:22:21 AM,EVENT 51235 1596349824 0/0/0/0/8 INPUT 3 1 0 v:122
2/08/2020 9:22:21 AM,252 Event OK
2/08/2020 9:22:21 AM,EVENT 51236 1596349834 0/0/0/0/10 INPUT 3 0 11 v:122
2/08/2020 9:22:21 AM,252 Event OK
2/08/2020 9:22:21 AM,EVENT 51237 1596349837 0/0/0/0/6 INPUT 3 1 0 v:122
2/08/2020 9:22:21 AM,252 Event OK
2/08/2020 9:22:21 AM,EVENT 51238 1596349897 0/0/0/0/23 ENGINEOVERSPEED 51227 25 4853 v:122
2/08/2020 9:22:21 AM,252 Event OK
2/08/2020 9:22:21 AM,EVENT 51239 1596350025 0/0/0/0/22 ENGINEOVERSPEED 51227 70 3904 v:122
2/08/2020 9:22:21 AM,252 Event OK
2/08/2020 9:22:22 AM,EVENT 51240 1596350054 0/0/0/0/12 ENGINEOVERSPEED 51227 20 3832 v:122
2/08/2020 9:22:22 AM,252 Event OK
2/08/2020 9:22:22 AM,EVENT 51241 1596350136 0/0/0/0/22 ENGINEOVERSPEED 51227 20 3521 v:122
2/08/2020 9:22:22 AM,252 Event OK
2/08/2020 9:22:22 AM,EVENT 51242 1596350239 0/0/0/0/16 ENGINEOVERSPEED 51227 54 3519 v:122
2/08/2020 9:22:22 AM,252 Event OK
2/08/2020 9:22:23 AM,EVENT 51243 1596350244 0/0/0/0/10 INPUT 3 0 408 v:122
2/08/2020 9:22:23 AM,252 Event OK
2/08/2020 9:22:23 AM,EVENT 51244 1596350276 0/0/0/0/5 INPUT 3 1 0 v:122
2/08/2020 9:22:23 AM,252 Event OK
2/08/2020 9:22:23 AM,EVENT 51245 1596350277 0/0/0/0/9 INPUT 3 0 2 v:122
2/08/2020 9:22:23 AM,252 Event OK
2/08/2020 9:22:23 AM,EVENT 51246 1596350307 0/0/0/0/0 INPUT 7 1 0 v:122
2/08/2020 9:22:23 AM,252 Event OK
2/08/2020 9:22:23 AM,EVENT 51247 1596350307 0/0/0/0/0 INPUT 8 0 506 v:122
2/08/2020 9:22:23 AM,252 Event OK
2/08/2020 9:22:24 AM,EVENT 51248 1596350307 0/0/0/0/0 INPUT 1 1 0 v:122
2/08/2020 9:22:24 AM,252 Event OK
2/08/2020 9:22:24 AM,EVENT 51249 1596350308 0/0/0/0/0 INPUT 4 0 492 v:122
2/08/2020 9:22:24 AM,252 Event OK
2/08/2020 9:22:24 AM,EVENT 51250 1596350311 0/0/0/0/0 TRIP 51227 423 69 9 6 501 v:121
2/08/2020 9:22:24 AM,252 Event OK
2/08/2020 9:22:24 AM,EVENT 51251 1596350311 0/0/0/0/0 TRIPSUMMARY 51227 v:121
2/08/2020 9:22:24 AM,252 Event OK
2/08/2020 9:22:25 AM,EVENT 51252 1596350511 0/0/0/0/0 INPUT 8 1 0 v:121
2/08/2020 9:22:25 AM,252 Event OK
2/08/2020 9:22:25 AM,EVENT 51253 1596350511 0/0/0/0/0 INPUT 7 0 204 v:122
2/08/2020 9:22:25 AM,252 Event OK
2/08/2020 9:22:25 AM,EVENT 51254 1596350518 0/0/0/0/0 SIGNON 2489 01effad3 OK 26 80296 0 v:122
2/08/2020 9:22:25 AM,252 Event OK
2/08/2020 9:22:26 AM,EVENT 51255 1596350524 0/0/0/0/0 INPUT 4 1 0 v:122
2/08/2020 9:22:26 AM,252 Event OK
2/08/2020 9:22:26 AM,EVENT 51256 1596350525 0/0/0/0/0 INPUT 1 0 218 v:122
2/08/2020 9:22:26 AM,252 Event OK
2/08/2020 9:22:26 AM,EVENT 51257 1596350526 0/0/0/0/0 OILPRESSURE 51254 3 v:122
2/08/2020 9:22:26 AM,252 Event OK
2/08/2020 9:22:26 AM,EVENT 51258 1596350550 0/0/0/99/6 INPUT 1 1 0 v:121
2/08/2020 9:22:26 AM,252 Event OK
2/08/2020 9:22:26 AM,EVENT 51259 1596350550 0/0/0/99/6 INPUT 1 0 1 v:121
2/08/2020 9:22:26 AM,252 Event OK
2/08/2020 9:22:27 AM,EVENT 51260 1596350555 0/0/0/99/6 INPUT 3 1 0 v:121
2/08/2020 9:22:27 AM,252 Event OK
2/08/2020 9:22:27 AM,EVENT 51261 1596350672 0/0/0/0/16 ENGINEOVERSPEED 51254 77 4348 v:122
2/08/2020 9:22:27 AM,252 Event OK
2/08/2020 9:22:27 AM,EVENT 51262 1596350688 0/0/0/0/10 INPUT 3 0 134 v:122
2/08/2020 9:22:27 AM,252 Event OK
2/08/2020 9:22:27 AM,EVENT 51263 1596350694 0/0/0/0/0 INPUT 1 1 0 v:122
2/08/2020 9:22:27 AM,252 Event OK
2/08/2020 9:22:27 AM,EVENT 51264 1596350694 0/0/0/0/0 INPUT 1 0 0 v:122
2/08/2020 9:22:27 AM,252 Event OK
2/08/2020 9:22:28 AM,EVENT 51265 1596350697 0/0/0/0/5 INPUT 3 1 0 v:122
2/08/2020 9:22:28 AM,252 Event OK
2/08/2020 9:22:28 AM,EVENT 51266 1596350753 0/0/0/0/22 ENGINEOVERSPEED 51254 37 3901 v:122
2/08/2020 9:22:28 AM,252 Event OK
2/08/2020 9:22:28 AM,EVENT 51267 1596350782 0/0/0/0/11 INPUT 3 0 86 v:121
2/08/2020 9:22:28 AM,252 Event OK
2/08/2020 9:22:28 AM,EVENT 51268 1596350791 0/0/0/0/6 INPUT 7 1 0 v:121
2/08/2020 9:22:28 AM,252 Event OK
2/08/2020 9:22:29 AM,EVENT 51269 1596350791 0/0/0/0/6 INPUT 8 0 280 v:121
2/08/2020 9:22:29 AM,252 Event OK
2/08/2020 9:22:29 AM,EVENT 51270 1596350791 0/0/0/0/6 INPUT 1 1 0 v:121
2/08/2020 9:22:29 AM,252 Event OK
2/08/2020 9:22:29 AM,EVENT 51271 1596350792 0/0/0/0/6 INPUT 4 0 269 v:122
2/08/2020 9:22:29 AM,252 Event OK
2/08/2020 9:22:29 AM,EVENT 51272 1596350795 0/0/0/0/0 TRIP 51254 220 49 9 6 278 v:122
2/08/2020 9:22:29 AM,252 Event OK
2/08/2020 9:22:30 AM,EVENT 51273 1596350795 0/0/0/0/0 TRIPSUMMARY 51254 v:122
2/08/2020 9:22:30 AM,252 Event OK
2/08/2020 9:22:30 AM,EVENT 51274 1596350856 0/0/0/0/0 INPUT 8 1 0 v:122
2/08/2020 9:22:30 AM,252 Event OK
2/08/2020 9:22:30 AM,EVENT 51275 1596350857 0/0/0/0/0 INPUT 7 0 66 v:122
2/08/2020 9:22:30 AM,252 Event OK
2/08/2020 9:22:30 AM,EVENT 51276 1596350866 0/0/0/0/0 SIGNON 2489 01effad3 OK 26 80296 0 v:122
2/08/2020 9:22:30 AM,252 Event OK
2/08/2020 9:22:30 AM,EVENT 51277 1596350871 0/0/0/0/0 INPUT 4 1 0 v:122
2/08/2020 9:22:30 AM,252 Event OK
2/08/2020 9:22:31 AM,EVENT 51278 1596350872 0/0/0/0/0 INPUT 1 0 81 v:122
2/08/2020 9:22:31 AM,252 Event OK
2/08/2020 9:22:31 AM,EVENT 51279 1596350873 0/0/0/0/0 OILPRESSURE 51276 2 v:122
2/08/2020 9:22:31 AM,252 Event OK
2/08/2020 9:22:31 AM,EVENT 51280 1596350887 0/0/0/99/8 INPUT 3 1 0 v:122
2/08/2020 9:22:31 AM,252 Event OK
2/08/2020 9:22:31 AM,EVENT 51281 1596350891 0/0/0/99/9 INPUT 3 0 4 v:122
2/08/2020 9:22:31 AM,252 Event OK
2/08/2020 9:22:32 AM,EVENT 51282 1596350892 0/0/0/99/8 INPUT 3 1 0 v:122
2/08/2020 9:22:32 AM,252 Event OK
2/08/2020 9:22:32 AM,EVENT 51283 1596350895 0/0/0/99/9 INPUT 3 0 2 v:122
2/08/2020 9:22:32 AM,252 Event OK
2/08/2020 9:22:32 AM,EVENT 51284 1596350896 0/0/0/99/8 INPUT 3 1 0 v:122
2/08/2020 9:22:32 AM,252 Event OK
2/08/2020 9:22:32 AM,EVENT 51285 1596350898 0/0/0/99/9 INPUT 3 0 1 v:122
2/08/2020 9:22:32 AM,252 Event OK
2/08/2020 9:22:32 AM,EVENT 51286 1596350900 0/0/0/99/8 INPUT 3 1 0 v:122
2/08/2020 9:22:32 AM,252 Event OK
2/08/2020 9:22:33 AM,EVENT 51287 1596350901 0/0/0/99/9 INPUT 3 0 1 v:122
2/08/2020 9:22:33 AM,252 Event OK
2/08/2020 9:22:33 AM,EVENT 51288 1596350922 0/0/0/0/6 INPUT 4 0 51 v:122
2/08/2020 9:22:33 AM,252 Event OK
2/08/2020 9:22:33 AM,EVENT 51289 1596350922 0/0/0/0/6 INPUT 4 1 0 v:122
2/08/2020 9:22:33 AM,252 Event OK
2/08/2020 9:22:33 AM,EVENT 51290 1596350922 0/0/0/0/6 ENGINEOVERSPEED 51276 31 3912 v:122
2/08/2020 9:22:33 AM,252 Event OK
2/08/2020 9:22:34 AM,EVENT 51291 1596350925 0/0/0/0/6 INPUT 3 1 0 v:122
2/08/2020 9:22:34 AM,252 Event OK
2/08/2020 9:22:34 AM,EVENT 51292 1596350984 0/0/0/0/18 ENGINEOVERSPEED 51276 12 3498 v:122
2/08/2020 9:22:34 AM,252 Event OK
2/08/2020 9:22:34 AM,EVENT 51293 1596351006 0/0/0/0/11 INPUT 3 0 82 v:122
2/08/2020 9:22:34 AM,252 Event OK
2/08/2020 9:22:34 AM,EVENT 51294 1596351010 0/0/0/0/0 REPORT 51276 0 0 v:122
2/08/2020 9:22:34 AM,252 Event OK
2/08/2020 9:22:34 AM,EVENT 51295 1596351021 0/0/0/0/5 INPUT 1 1 0 v:122
2/08/2020 9:22:34 AM,252 Event OK
2/08/2020 9:22:35 AM,EVENT 51296 1596351024 0/0/0/0/4 INPUT 4 0 102 v:122
2/08/2020 9:22:35 AM,252 Event OK
2/08/2020 9:22:35 AM,EVENT 51297 1596351031 0/0/0/0/0 INPUT 1 0 10 v:122
2/08/2020 9:22:35 AM,252 Event OK
2/08/2020 9:22:35 AM,EVENT 51298 1596351032 0/0/0/0/0 INPUT 4 1 0 v:122
2/08/2020 9:22:35 AM,252 Event OK
2/08/2020 9:22:35 AM,EVENT 51299 1596351033 0/0/0/0/0 OILPRESSURE 51276 10 v:122
2/08/2020 9:22:35 AM,252 Event OK
2/08/2020 9:22:35 AM,EVENT 51300 1596351039 0/0/0/0/0 INPUT 1 1 0 v:122
2/08/2020 9:22:35 AM,252 Event OK
2/08/2020 9:22:36 AM,EVENT 51301 1596351040 0/0/0/0/0 INPUT 1 0 0 v:122
2/08/2020 9:22:36 AM,252 Event OK
2/08/2020 9:22:36 AM,EVENT 51302 1596351041 0/0/0/0/0 INPUT 4 0 10 v:122
2/08/2020 9:22:36 AM,252 Event OK
2/08/2020 9:22:36 AM,EVENT 51303 1596351041 0/0/0/0/0 INPUT 4 1 0 v:122
2/08/2020 9:22:36 AM,252 Event OK
2/08/2020 9:22:36 AM,EVENT 51304 1596351045 0/0/0/0/0 INPUT 7 1 0 v:122
2/08/2020 9:22:36 AM,252 Event OK
2/08/2020 9:22:36 AM,EVENT 51305 1596351045 0/0/0/0/0 INPUT 8 0 189 v:122
2/08/2020 9:22:36 AM,252 Event OK
2/08/2020 9:22:37 AM,EVENT 51306 1596351046 0/0/0/0/0 INPUT 1 1 0 v:122
2/08/2020 9:22:37 AM,252 Event OK
2/08/2020 9:22:37 AM,EVENT 51307 1596351047 0/0/0/0/0 INPUT 4 0 6 v:122
2/08/2020 9:22:37 AM,252 Event OK
2/08/2020 9:22:37 AM,EVENT 51308 1596351050 0/0/0/0/0 TRIP 51276 90 79 16 7 185 v:122
2/08/2020 9:22:37 AM,252 Event OK
2/08/2020 9:22:37 AM,EVENT 51309 1596351050 0/0/0/0/0 TRIPSUMMARY 51276 v:122
2/08/2020 9:22:37 AM,252 Event OK
2/08/2020 9:22:38 AM,EVENT 51310 1596351174 0/0/0/0/0 INPUT 8 1 0 v:122
2/08/2020 9:22:38 AM,252 Event OK
2/08/2020 9:22:38 AM,EVENT 51311 1596351175 0/0/0/0/0 INPUT 7 0 129 v:122
2/08/2020 9:22:38 AM,252 Event OK
2/08/2020 9:22:38 AM,EVENT 51312 1596351187 0/0/0/0/0 SIGNON 2489 01effad3 OK 26 80296 0 v:122
2/08/2020 9:22:38 AM,252 Event OK
2/08/2020 9:22:38 AM,EVENT 51313 1596351192 0/0/0/0/0 INPUT 7 1 0 v:122
2/08/2020 9:22:38 AM,252 Event OK
2/08/2020 9:22:39 AM,EVENT 51314 1596351192 0/0/0/0/0 INPUT 4 1 0 v:122
2/08/2020 9:22:39 AM,252 Event OK
2/08/2020 9:22:39 AM,EVENT 51315 1596351193 0/0/0/0/0 INPUT 7 0 0 v:122
2/08/2020 9:22:39 AM,252 Event OK
2/08/2020 9:22:39 AM,EVENT 51316 1596351193 0/0/0/0/0 INPUT 1 0 148 v:122
2/08/2020 9:22:39 AM,252 Event OK
2/08/2020 9:22:39 AM,EVENT 51317 1596351195 0/0/0/0/0 OILPRESSURE 51312 3 v:122
2/08/2020 9:22:39 AM,252 Event OK
2/08/2020 9:22:40 AM,EVENT 51318 1596351210 0/0/0/0/4 INPUT 3 1 0 v:122
2/08/2020 9:22:40 AM,252 Event OK
2/08/2020 9:22:40 AM,EVENT 51319 1596351298 0/0/0/0/10 INPUT 3 0 88 v:122
2/08/2020 9:22:40 AM,252 Event OK
2/08/2020 9:22:40 AM,EVENT 51320 1596351309 0/0/0/0/0 INPUT 7 1 0 v:122
2/08/2020 9:22:40 AM,252 Event OK
2/08/2020 9:22:40 AM,EVENT 51321 1596351309 0/0/0/0/0 INPUT 8 0 134 v:121
2/08/2020 9:22:40 AM,252 Event OK
2/08/2020 9:22:40 AM,EVENT 51322 1596351309 0/0/0/0/0 INPUT 1 1 0 v:121
2/08/2020 9:22:40 AM,252 Event OK
2/08/2020 9:22:41 AM,EVENT 51323 1596351310 0/0/0/0/0 INPUT 4 0 118 v:121
2/08/2020 9:22:41 AM,252 Event OK
2/08/2020 9:22:41 AM,EVENT 51324 1596351313 0/0/0/0/0 TRIP 51312 88 30 9 6 127 v:121
2/08/2020 9:22:41 AM,252 Event OK
2/08/2020 9:22:41 AM,EVENT 51325 1596351313 0/0/0/0/0 TRIPSUMMARY 51312 v:121
2/08/2020 9:22:41 AM,252 Event OK
2/08/2020 9:22:41 AM,EVENT 51326 1596351314 0/0/0/0/0 INPUT 7 0 5 v:121
2/08/2020 9:22:41 AM,252 Event OK
2/08/2020 9:22:41 AM,EVENT 51327 1596351314 0/0/0/0/0 INPUT 8 1 0 v:121
2/08/2020 9:22:41 AM,252 Event OK
2/08/2020 9:22:42 AM,EVENT 51328 1596351323 0/0/0/0/0 SIGNON 2489 01effad3 OK 26 80296 0 v:122
2/08/2020 9:22:42 AM,252 Event OK
2/08/2020 9:22:42 AM,EVENT 51329 1596351328 0/0/0/0/0 INPUT 4 1 0 v:122
2/08/2020 9:22:42 AM,252 Event OK
2/08/2020 9:22:42 AM,EVENT 51330 1596351329 0/0/0/0/0 INPUT 1 0 20 v:122
2/08/2020 9:22:42 AM,252 Event OK
2/08/2020 9:22:42 AM,EVENT 51331 1596351330 0/0/0/0/0 OILPRESSURE 51328 2 v:122
2/08/2020 9:22:42 AM,252 Event OK
2/08/2020 9:22:43 AM,EVENT 51332 1596351344 0/0/0/0/0 INPUT 4 0 16 v:122
2/08/2020 9:22:43 AM,252 Event OK
2/08/2020 9:22:43 AM,EVENT 51333 1596351344 0/0/0/0/0 INPUT 4 1 0 v:122
2/08/2020 9:22:43 AM,252 Event OK
2/08/2020 9:22:43 AM,EVENT 51334 1596351357 0/0/0/0/3 INPUT 4 0 13 v:122
2/08/2020 9:22:43 AM,252 Event OK
2/08/2020 9:22:43 AM,EVENT 51335 1596351357 0/0/0/0/3 INPUT 4 1 0 v:122
2/08/2020 9:22:43 AM,252 Event OK
2/08/2020 9:22:44 AM,EVENT 51336 1596351360 0/0/0/0/6 INPUT 3 1 0 v:121
2/08/2020 9:22:44 AM,252 Event OK
2/08/2020 9:22:44 AM,EVENT 51337 1596351372 0/0/0/0/9 INPUT 3 0 12 v:122
2/08/2020 9:22:44 AM,252 Event OK
2/08/2020 9:22:44 AM,EVENT 51338 1596351377 0/0/0/0/4 INPUT 7 1 0 v:121
2/08/2020 9:22:44 AM,252 Event OK
2/08/2020 9:22:44 AM,EVENT 51339 1596351377 0/0/0/0/4 INPUT 8 0 63 v:121
2/08/2020 9:22:44 AM,252 Event OK
2/08/2020 9:22:44 AM,EVENT 51340 1596351377 0/0/0/0/3 INPUT 1 1 0 v:121
2/08/2020 9:22:44 AM,252 Event OK
2/08/2020 9:22:45 AM,EVENT 51341 1596351378 0/0/0/0/3 INPUT 4 0 21 v:122
2/08/2020 9:22:45 AM,252 Event OK
2/08/2020 9:22:45 AM,EVENT 51342 1596351381 0/0/0/0/0 TRIP 51328 12 38 9 6 59 v:122
2/08/2020 9:22:45 AM,252 Event OK
2/08/2020 9:22:45 AM,EVENT 51343 1596351381 0/0/0/0/0 TRIPSUMMARY 51328 v:122
2/08/2020 9:22:45 AM,252 Event OK
2/08/2020 9:22:45 AM,EVENT 51344 1596352345 0/0/0/0/0 INPUT 8 1 0 v:122
2/08/2020 9:22:45 AM,252 Event OK
2/08/2020 9:22:46 AM,EVENT 51345 1596352345 0/0/0/0/0 INPUT 7 0 968 v:122
2/08/2020 9:22:46 AM,252 Event OK
2/08/2020 9:22:46 AM,EVENT 51346 1596352354 0/0/0/0/0 SIGNON 2489 01effad3 OK 26 80296 0 v:122
2/08/2020 9:22:46 AM,252 Event OK
2/08/2020 9:22:46 AM,EVENT 51347 1596352359 0/0/0/0/0 INPUT 7 1 0 v:122
2/08/2020 9:22:46 AM,252 Event OK
2/08/2020 9:22:46 AM,EVENT 51348 1596352359 0/0/0/0/0 INPUT 4 1 0 v:122
2/08/2020 9:22:46 AM,252 Event OK
2/08/2020 9:22:46 AM,EVENT 51349 1596352359 0/0/0/0/0 INPUT 7 0 1 v:122
2/08/2020 9:22:46 AM,252 Event OK
2/08/2020 9:22:47 AM,EVENT 51350 1596352362 0/0/0/0/0 INPUT 1 0 985 v:122
2/08/2020 9:22:47 AM,252 Event OK
2/08/2020 9:22:47 AM,EVENT 51351 1596352364 0/0/0/0/0 OILPRESSURE 51346 5 v:122
2/08/2020 9:22:47 AM,252 Event OK
2/08/2020 9:22:47 AM,EVENT 51352 1596352407 0/0/0/0/4 INPUT 3 1 0 v:122
2/08/2020 9:22:47 AM,252 Event OK
2/08/2020 9:22:47 AM,EVENT 51353 1596352418 0/0/0/0/10 INPUT 3 0 12 v:122
2/08/2020 9:22:47 AM,252 Event OK
2/08/2020 9:22:48 AM,EVENT 51354 1596352446 0/0/0/0/5 INPUT 3 1 0 v:122
2/08/2020 9:22:48 AM,252 Event OK
2/08/2020 9:22:48 AM,EVENT 51355 1596352454 0/0/0/0/10 INPUT 3 0 9 v:122
2/08/2020 9:22:48 AM,252 Event OK
2/08/2020 9:22:48 AM,EVENT 51356 1596352455 0/0/0/0/8 INPUT 3 1 0 v:122
2/08/2020 9:22:48 AM,252 Event OK
2/08/2020 9:22:48 AM,EVENT 51357 1596352464 0/0/0/0/12 INPUT 3 0 8 v:122
2/08/2020 9:22:48 AM,252 Event OK
2/08/2020 9:22:48 AM,EVENT 51358 1596352466 0/0/0/0/8 INPUT 3 1 0 v:122
2/08/2020 9:22:48 AM,252 Event OK
2/08/2020 9:22:49 AM,EVENT 51359 1596352533 0/0/0/0/13 INPUT 3 0 66 v:122
2/08/2020 9:22:49 AM,252 Event OK
2/08/2020 9:22:49 AM,EVENT 51360 1596352576 0/0/0/99/6 INPUT 3 1 0 v:122
2/08/2020 9:22:49 AM,252 Event OK
2/08/2020 9:22:49 AM,EVENT 51361 1596352614 0/0/0/0/12 INPUT 3 0 37 v:122
2/08/2020 9:22:49 AM,252 Event OK
2/08/2020 9:22:49 AM,EVENT 51362 1596352625 0/0/0/0/5 INPUT 3 1 0 v:122
2/08/2020 9:22:49 AM,252 Event OK
2/08/2020 9:22:49 AM,EVENT 51363 1596352659 0/0/0/0/11 INPUT 3 0 35 v:122
2/08/2020 9:22:49 AM,252 Event OK
2/08/2020 9:22:50 AM,EVENT 51364 1596352661 0/0/0/0/11 ENGINEOVERSPEED 51346 21 4078 v:122
2/08/2020 9:22:50 AM,252 Event OK
2/08/2020 9:22:50 AM,EVENT 51365 1596352710 0/0/0/0/8 INPUT 3 1 0 v:122
2/08/2020 9:22:50 AM,252 Event OK
2/08/2020 9:22:50 AM,EVENT 51366 1596352714 0/0/0/0/10 INPUT 3 0 5 v:122
2/08/2020 9:22:50 AM,252 Event OK
2/08/2020 9:22:50 AM,EVENT 51367 1596352744 0/0/0/0/5 INPUT 3 1 0 v:122
2/08/2020 9:22:50 AM,252 Event OK
2/08/2020 9:22:50 AM,EVENT 51368 1596352845 0/0/0/0/24 REPORT 51346 0 0 v:122
2/08/2020 9:22:50 AM,252 Event OK
2/08/2020 9:22:51 AM,EVENT 51369 1596352883 0/0/0/0/9 INPUT 3 0 138 v:121
2/08/2020 9:22:51 AM,252 Event OK
2/08/2020 9:22:51 AM,EVENT 51370 1596352884 0/0/0/0/8 ENGINEOVERSPEED 51346 94 3991 v:121
2/08/2020 9:22:51 AM,252 Event OK
2/08/2020 9:22:51 AM,EVENT 51371 1596352887 0/0/0/0/8 INPUT 4 0 528 v:122
2/08/2020 9:22:51 AM,252 Event OK
2/08/2020 9:22:51 AM,EVENT 51372 1596352887 0/0/0/0/0 INPUT 4 1 0 v:122
2/08/2020 9:22:51 AM,252 Event OK
2/08/2020 9:22:52 AM,EVENT 51373 1596352894 0/0/0/0/3 INPUT 4 0 7 v:122
2/08/2020 9:22:52 AM,252 Event OK
2/08/2020 9:22:52 AM,EVENT 51374 1596352895 0/0/0/0/3 INPUT 4 1 0 v:122
2/08/2020 9:22:52 AM,252 Event OK
2/08/2020 9:22:52 AM,EVENT 51375 1596352898 0/0/0/0/2 INPUT 4 0 4 v:122
2/08/2020 9:22:52 AM,252 Event OK
2/08/2020 9:22:52 AM,EVENT 51376 1596352899 0/0/0/0/2 INPUT 4 1 0 v:122
2/08/2020 9:22:52 AM,252 Event OK
2/08/2020 9:22:52 AM,EVENT 51377 1596352902 0/0/0/0/3 INPUT 4 0 4 v:122
2/08/2020 9:22:52 AM,252 Event OK
2/08/2020 9:22:53 AM,EVENT 51378 1596352902 0/0/0/0/3 INPUT 4 1 0 v:122
2/08/2020 9:22:53 AM,252 Event OK
2/08/2020 9:22:53 AM,EVENT 51379 1596352914 0/0/0/99/3 INPUT 4 0 12 v:122
2/08/2020 9:22:53 AM,252 Event OK
2/08/2020 9:22:53 AM,EVENT 51380 1596352915 0/0/0/99/3 INPUT 4 1 0 v:122
2/08/2020 9:22:53 AM,252 Event OK
2/08/2020 9:22:53 AM,EVENT 51381 1596352921 0/0/0/99/6 INPUT 3 1 0 v:122
2/08/2020 9:22:53 AM,252 Event OK
2/08/2020 9:22:54 AM,EVENT 51382 1596352923 0/0/0/99/9 INPUT 3 0 2 v:122
2/08/2020 9:22:54 AM,252 Event OK
2/08/2020 9:22:54 AM,EVENT 51383 1596352925 0/0/0/99/5 INPUT 7 1 0 v:122
2/08/2020 9:22:54 AM,252 Event OK
2/08/2020 9:22:54 AM,EVENT 51384 1596352925 0/0/0/99/5 INPUT 8 0 581 v:122
2/08/2020 9:22:54 AM,252 Event OK
2/08/2020 9:22:54 AM,EVENT 51385 1596352926 0/0/0/99/5 INPUT 1 1 0 v:122
2/08/2020 9:22:54 AM,252 Event OK
2/08/2020 9:22:54 AM,EVENT 51386 1596352927 0/0/0/99/5 INPUT 4 0 13 v:121
2/08/2020 9:22:54 AM,252 Event OK
2/08/2020 9:22:55 AM,EVENT 51387 1596352930 0/0/0/99/0 TRIP 51346 312 256 9 6 577 v:121
2/08/2020 9:22:55 AM,252 Event OK
2/08/2020 9:22:55 AM,EVENT 51388 1596352930 0/0/0/99/0 TRIPSUMMARY 51346 v:121
2/08/2020 9:22:55 AM,252 Event OK
2/08/2020 9:22:55 AM,EVENT 51389 1596353293 0/0/0/0/0 INPUT 8 1 0 v:121
2/08/2020 9:22:55 AM,252 Event OK
2/08/2020 9:22:55 AM,EVENT 51390 1596353294 0/0/0/0/0 INPUT 7 0 368 v:122
2/08/2020 9:22:55 AM,252 Event OK
2/08/2020 9:22:56 AM,EVENT 51391 1596353301 0/0/0/0/0 SIGNON 2489 01effad3 OK 26 80296 0 v:122
2/08/2020 9:22:56 AM,252 Event OK
2/08/2020 9:22:56 AM,EVENT 51392 1596353306 0/0/0/0/0 INPUT 7 1 0 v:122
2/08/2020 9:22:56 AM,252 Event OK
2/08/2020 9:22:56 AM,EVENT 51393 1596353307 0/0/0/0/0 INPUT 7 0 0 v:122
2/08/2020 9:22:56 AM,252 Event OK
2/08/2020 9:22:56 AM,EVENT 51394 1596353307 0/0/0/0/0 INPUT 4 1 0 v:122
2/08/2020 9:22:56 AM,252 Event OK
2/08/2020 9:22:56 AM,EVENT 51395 1596353308 0/0/0/0/0 INPUT 1 0 382 v:122
2/08/2020 9:22:56 AM,252 Event OK
2/08/2020 9:22:57 AM,EVENT 51396 1596353309 0/0/0/0/0 OILPRESSURE 51391 3 v:122
2/08/2020 9:22:57 AM,252 Event OK
2/08/2020 9:22:57 AM,EVENT 51397 1596353312 0/0/0/0/6 INPUT 3 1 0 v:122
2/08/2020 9:22:57 AM,252 Event OK
2/08/2020 9:22:57 AM,EVENT 51398 1596353530 0/0/0/0/21 ENGINEOVERSPEED 51391 182 3720 v:122
2/08/2020 9:22:57 AM,252 Event OK
2/08/2020 9:22:57 AM,EVENT 51399 1596353573 0/0/0/0/9 INPUT 3 0 261 v:121
2/08/2020 9:22:57 AM,252 Event OK
2/08/2020 9:22:57 AM,EVENT 51400 1596353598 0/0/0/99/0 INPUT 4 0 292 v:122
2/08/2020 9:22:57 AM,252 Event OK
2/08/2020 9:22:58 AM,EVENT 51401 1596353599 0/0/0/99/0 INPUT 4 1 0 v:122
2/08/2020 9:22:58 AM,252 Event OK
2/08/2020 9:22:58 AM,EVENT 51402 1596353624 0/0/0/0/8 INPUT 3 1 0 v:121
2/08/2020 9:22:58 AM,252 Event OK
2/08/2020 9:22:58 AM,EVENT 51403 1596353646 0/0/0/0/15 INPUT 3 0 23 v:121
2/08/2020 9:22:58 AM,252 Event OK
2/08/2020 9:22:58 AM,EVENT 51404 1596353647 0/0/0/0/9 ENGINEOVERSPEED 51391 10 4181 v:121
2/08/2020 9:22:58 AM,252 Event OK
2/08/2020 9:22:59 AM,EVENT 51405 1596353653 0/0/0/0/7 INPUT 3 1 0 v:122
2/08/2020 9:22:59 AM,252 Event OK
2/08/2020 9:22:59 AM,EVENT 51406 1596353655 0/0/0/0/9 INPUT 3 0 2 v:122
2/08/2020 9:22:59 AM,252 Event OK
2/08/2020 9:22:59 AM,EVENT 51407 1596353663 0/0/0/0/5 INPUT 3 1 0 v:122
2/08/2020 9:22:59 AM,252 Event OK
2/08/2020 9:22:59 AM,EVENT 51408 1596353666 0/0/0/0/11 INPUT 3 0 3 v:122
2/08/2020 9:22:59 AM,252 Event OK
2/08/2020 9:22:59 AM,EVENT 51409 1596353682 0/0/0/0/5 INPUT 7 1 0 v:122
2/08/2020 9:22:59 AM,252 Event OK
2/08/2020 9:23:00 AM,EVENT 51410 1596353683 0/0/0/0/5 INPUT 8 0 390 v:122
2/08/2020 9:23:00 AM,252 Event OK
2/08/2020 9:23:00 AM,EVENT 51411 1596353683 0/0/0/0/5 INPUT 1 1 0 v:122
2/08/2020 9:23:00 AM,252 Event OK
2/08/2020 9:23:00 AM,EVENT 51412 1596353684 0/0/0/0/5 INPUT 4 0 86 v:121
2/08/2020 9:23:00 AM,252 Event OK
2/08/2020 9:23:00 AM,EVENT 51413 1596353687 0/0/0/0/0 TRIP 51391 289 89 8 5 386 v:121
2/08/2020 9:23:00 AM,252 Event OK
2/08/2020 9:23:00 AM,EVENT 51414 1596353687 0/0/0/0/0 TRIPSUMMARY 51391 v:122
2/08/2020 9:23:00 AM,252 Event OK
2/08/2020 9:23:01 AM,EVENT 51415 1596353904 0/0/0/0/0 INPUT 8 1 0 v:122
2/08/2020 9:23:01 AM,252 Event OK
2/08/2020 9:23:01 AM,EVENT 51416 1596353905 0/0/0/0/0 INPUT 7 0 222 v:122
2/08/2020 9:23:01 AM,252 Event OK
2/08/2020 9:23:01 AM,EVENT 51417 1596353913 0/0/0/0/0 SIGNON 2489 01effad3 OK 26 80296 0 v:122
2/08/2020 9:23:01 AM,252 Event OK
2/08/2020 9:23:01 AM,EVENT 51418 1596353918 0/0/0/0/0 INPUT 4 1 0 v:122
2/08/2020 9:23:01 AM,252 Event OK
2/08/2020 9:23:01 AM,EVENT 51419 1596353920 0/0/0/0/0 INPUT 1 0 237 v:122
2/08/2020 9:23:01 AM,252 Event OK
2/08/2020 9:23:02 AM,EVENT 51420 1596353921 0/0/0/0/0 OILPRESSURE 51417 3 v:122
2/08/2020 9:23:02 AM,252 Event OK
2/08/2020 9:23:02 AM,EVENT 51421 1596353930 0/0/0/0/5 INPUT 3 1 0 v:121
2/08/2020 9:23:02 AM,252 Event OK
2/08/2020 9:23:02 AM,EVENT 51422 1596353953 0/0/0/0/10 INPUT 3 0 24 v:122
2/08/2020 9:23:02 AM,252 Event OK
2/08/2020 9:23:02 AM,EVENT 51423 1596353954 0/0/0/0/8 INPUT 3 1 0 v:121
2/08/2020 9:23:02 AM,252 Event OK
2/08/2020 9:23:02 AM,EVENT 51424 1596354002 0/0/0/0/20 ENGINEOVERSPEED 51417 24 3702 v:121
2/08/2020 9:23:02 AM,252 Event OK
2/08/2020 9:23:03 AM,EVENT 51425 1596354041 0/0/0/0/12 ENGINEOVERSPEED 51417 18 3711 v:121
2/08/2020 9:23:03 AM,252 Event OK
2/08/2020 9:23:03 AM,EVENT 51426 1596354042 0/0/0/0/11 INPUT 3 0 88 v:121
2/08/2020 9:23:03 AM,252 Event OK
2/08/2020 9:23:03 AM,EVENT 51427 1596354080 0/0/0/0/3 INPUT 4 0 162 v:122
2/08/2020 9:23:03 AM,252 Event OK
2/08/2020 9:23:03 AM,EVENT 51428 1596354080 0/0/0/0/3 INPUT 4 1 0 v:122
2/08/2020 9:23:03 AM,252 Event OK
2/08/2020 9:23:04 AM,EVENT 51429 1596354105 0/0/0/0/2 INPUT 4 0 25 v:122
2/08/2020 9:23:04 AM,252 Event OK
2/08/2020 9:23:04 AM,EVENT 51430 1596354105 0/0/0/0/2 INPUT 4 1 0 v:122
2/08/2020 9:23:04 AM,252 Event OK
2/08/2020 9:23:04 AM,EVENT 51431 1596354116 0/0/0/0/5 INPUT 3 1 0 v:121
2/08/2020 9:23:04 AM,252 Event OK
2/08/2020 9:23:04 AM,EVENT 51432 1596354121 0/0/0/0/13 INPUT 3 0 6 v:121
2/08/2020 9:23:04 AM,252 Event OK
2/08/2020 9:23:04 AM,EVENT 51433 1596354132 0/0/0/0/5 INPUT 3 1 0 v:121
2/08/2020 9:23:04 AM,252 Event OK
2/08/2020 9:23:05 AM,EVENT 51434 1596354182 0/0/0/0/22 ENGINEOVERSPEED 51417 21 3675 v:121
2/08/2020 9:23:05 AM,252 Event OK
2/08/2020 9:23:05 AM,EVENT 51435 1596354241 0/0/0/0/20 ENGINEOVERSPEED 51417 9 3486 v:122
2/08/2020 9:23:05 AM,252 Event OK
2/08/2020 9:23:05 AM,EVENT 51436 1596354264 0/0/0/0/20 ENGINEOVERSPEED 51417 9 3570 v:121
2/08/2020 9:23:05 AM,252 Event OK
2/08/2020 9:23:05 AM,EVENT 51437 1596354343 0/0/0/0/18 ENGINEOVERSPEED 51417 37 3633 v:121
2/08/2020 9:23:05 AM,252 Event OK
2/08/2020 9:23:06 AM,EVENT 51438 1596354372 0/0/0/0/12 INPUT 3 0 240 v:121
2/08/2020 9:23:06 AM,252 Event OK
2/08/2020 9:23:06 AM,EVENT 51439 1596354383 0/0/0/0/7 INPUT 3 1 0 v:121
2/08/2020 9:23:06 AM,252 Event OK
2/08/2020 9:23:06 AM,EVENT 51440 1596354426 0/0/0/0/22 ENGINEOVERSPEED 51417 9 3652 v:121
2/08/2020 9:23:06 AM,252 Event OK
2/08/2020 9:23:06 AM,EVENT 51441 1596354438 0/0/0/0/11 INPUT 3 0 55 v:121
2/08/2020 9:23:06 AM,252 Event OK
2/08/2020 9:23:06 AM,EVENT 51442 1596354441 0/0/0/0/6 INPUT 7 1 0 v:121
2/08/2020 9:23:06 AM,252 Event OK
2/08/2020 9:23:07 AM,EVENT 51443 1596354441 0/0/0/0/6 INPUT 8 0 538 v:121
2/08/2020 9:23:07 AM,252 Event OK
2/08/2020 9:23:07 AM,EVENT 51444 1596354441 0/0/0/0/6 INPUT 1 1 0 v:121
2/08/2020 9:23:07 AM,252 Event OK
2/08/2020 9:23:07 AM,EVENT 51445 1596354443 0/0/0/0/6 INPUT 4 0 338 v:122
2/08/2020 9:23:07 AM,252 Event OK
2/08/2020 9:23:07 AM,EVENT 51446 1596354446 0/0/0/0/0 TRIP 51417 413 112 9 6 534 v:122
2/08/2020 9:23:07 AM,252 Event OK
2/08/2020 9:23:08 AM,EVENT 51447 1596354446 0/0/0/0/0 TRIPSUMMARY 51417 v:122
2/08/2020 9:23:08 AM,252 Event OK
2/08/2020 9:23:08 AM,EVENT 51448 1596354513 0/0/0/0/0 INPUT 8 1 0 v:122
2/08/2020 9:23:08 AM,252 Event OK
2/08/2020 9:23:08 AM,EVENT 51449 1596354513 0/0/0/0/0 INPUT 7 0 71 v:122
2/08/2020 9:23:08 AM,252 Event OK
2/08/2020 9:23:08 AM,EVENT 51450 1596354523 0/0/0/0/0 SIGNON 2489 01effad3 OK 26 80296 0 v:122
2/08/2020 9:23:08 AM,252 Event OK
2/08/2020 9:23:09 AM,EVENT 51451 1596354529 0/0/0/0/0 INPUT 1 0 87 v:122
2/08/2020 9:23:09 AM,252 Event OK
2/08/2020 9:23:09 AM,EVENT 51452 1596354529 0/0/0/0/0 INPUT 4 1 0 v:122
2/08/2020 9:23:09 AM,252 Event OK
2/08/2020 9:23:09 AM,EVENT 51453 1596354530 0/0/0/0/0 OILPRESSURE 51450 2 v:122
2/08/2020 9:23:09 AM,252 Event OK
2/08/2020 9:23:09 AM,EVENT 51454 1596354532 0/0/0/0/6 INPUT 3 1 0 v:122
2/08/2020 9:23:09 AM,252 Event OK
2/08/2020 9:23:09 AM,EVENT 51455 1596354547 0/0/0/0/11 INPUT 3 0 15 v:122
2/08/2020 9:23:09 AM,252 Event OK
2/08/2020 9:23:10 AM,EVENT 51456 1596354550 0/0/0/0/7 INPUT 7 1 0 v:121
2/08/2020 9:23:10 AM,252 Event OK
2/08/2020 9:23:10 AM,EVENT 51457 1596354550 0/0/0/0/7 INPUT 8 0 37 v:121
2/08/2020 9:23:10 AM,252 Event OK
2/08/2020 9:23:10 AM,EVENT 51458 1596354550 0/0/0/0/7 INPUT 1 1 0 v:121
2/08/2020 9:23:10 AM,252 Event OK
2/08/2020 9:23:10 AM,EVENT 51459 1596354550 0/0/0/0/7 INPUT 4 0 22 v:121
2/08/2020 9:23:10 AM,252 Event OK
2/08/2020 9:23:10 AM,EVENT 51460 1596354550 0/0/0/0/7 INPUT 4 1 0 v:122
2/08/2020 9:23:10 AM,252 Event OK
2/08/2020 9:23:11 AM,EVENT 51461 1596354552 0/0/0/0/0 INPUT 4 0 2 v:122
2/08/2020 9:23:11 AM,252 Event OK
2/08/2020 9:23:11 AM,EVENT 51462 1596354554 0/0/0/0/0 TRIP 51450 15 9 8 6 32 v:122
2/08/2020 9:23:11 AM,252 Event OK
2/08/2020 9:23:11 AM,EVENT 51463 1596354554 0/0/0/0/0 TRIPSUMMARY 51450 v:122
2/08/2020 9:23:11 AM,252 Event OK
2/08/2020 9:23:11 AM,EVENT 51464 1596354919 0/0/0/0/0 INPUT 8 1 0 v:122
2/08/2020 9:23:11 AM,252 Event OK
2/08/2020 9:23:11 AM,EVENT 51465 1596354919 0/0/0/0/0 INPUT 7 0 369 v:122
2/08/2020 9:23:11 AM,252 Event OK
2/08/2020 9:23:12 AM,EVENT 51466 1596354927 0/0/0/0/0 SIGNON 2489 01effad3 OK 26 80296 0 v:122
2/08/2020 9:23:12 AM,252 Event OK
2/08/2020 9:23:12 AM,EVENT 51467 1596354933 0/0/0/0/0 INPUT 4 1 0 v:122
2/08/2020 9:23:12 AM,252 Event OK
2/08/2020 9:23:12 AM,EVENT 51468 1596354934 0/0/0/0/0 INPUT 1 0 384 v:122
2/08/2020 9:23:12 AM,252 Event OK
2/08/2020 9:23:12 AM,EVENT 51469 1596354935 0/0/0/99/0 OILPRESSURE 51466 3 v:122
2/08/2020 9:23:12 AM,252 Event OK
2/08/2020 9:23:13 AM,EVENT 51470 1596354977 0/0/0/0/3 INPUT 4 0 44 v:122
2/08/2020 9:23:13 AM,252 Event OK
2/08/2020 9:23:13 AM,EVENT 51471 1596354977 0/0/0/0/3 INPUT 4 1 0 v:122
2/08/2020 9:23:13 AM,252 Event OK
2/08/2020 9:23:13 AM,EVENT 51472 1596354977 0/0/0/0/3 ENGINEOVERSPEED 51466 23 3727 v:122
2/08/2020 9:23:13 AM,252 Event OK
2/08/2020 9:23:13 AM,EVENT 51473 1596354980 0/0/0/0/3 REPORT 51466 0 0 v:122
2/08/2020 9:23:13 AM,252 Event OK
2/08/2020 9:23:13 AM,EVENT 51474 1596354983 0/0/0/0/6 INPUT 3 1 0 v:122
2/08/2020 9:23:13 AM,252 Event OK
2/08/2020 9:23:14 AM,EVENT 51475 1596355001 0/0/0/0/27 IMPACT 51466 8 0 0 0 8 0 - v:121
2/08/2020 9:23:14 AM,252 Event OK
2/08/2020 9:23:14 AM,EVENT 51476 1596355021 0/0/0/0/17 ENGINEOVERSPEED 51466 23 4293 v:121
2/08/2020 9:23:14 AM,252 Event OK
2/08/2020 9:23:14 AM,EVENT 51477 1596355100 0/0/0/0/18 ENGINEOVERSPEED 51466 33 4126 v:121
2/08/2020 9:23:14 AM,252 Event OK
2/08/2020 9:23:14 AM,EVENT 51478 1596355130 0/0/0/0/17 INPUT 3 0 146 v:121
2/08/2020 9:23:14 AM,252 Event OK
2/08/2020 9:23:14 AM,EVENT 51479 1596355134 0/0/0/0/0 ENGINEOVERSPEED 51466 25 4179 v:121
2/08/2020 9:23:14 AM,252 Event OK
2/08/2020 9:23:15 AM,EVENT 51480 1596355179 0/0/0/0/5 INPUT 3 1 0 v:121
2/08/2020 9:23:15 AM,252 Event OK
2/08/2020 9:23:15 AM,EVENT 51481 1596355183 0/0/0/0/13 INPUT 3 0 4 v:121
2/08/2020 9:23:15 AM,252 Event OK
2/08/2020 9:23:15 AM,EVENT 51482 1596355245 0/0/0/0/7 INPUT 3 1 0 v:121
2/08/2020 9:23:15 AM,252 Event OK
2/08/2020 9:23:15 AM,EVENT 51483 1596355250 0/0/0/0/9 INPUT 3 0 5 v:122
2/08/2020 9:23:15 AM,252 Event OK
2/08/2020 9:23:15 AM,EVENT 51484 1596355255 0/0/0/0/7 INPUT 3 1 0 v:122
2/08/2020 9:23:15 AM,252 Event OK
2/08/2020 9:23:16 AM,EVENT 51485 1596355264 0/0/0/0/13 INPUT 3 0 8 v:121
2/08/2020 9:23:16 AM,252 Event OK
2/08/2020 9:23:16 AM,EVENT 51486 1596355294 0/0/0/99/8 INPUT 3 1 0 v:121
2/08/2020 9:23:16 AM,252 Event OK
2/08/2020 9:23:16 AM,EVENT 51487 1596355295 0/0/0/99/9 INPUT 3 0 2 v:122
2/08/2020 9:23:16 AM,252 Event OK
2/08/2020 9:23:16 AM,EVENT 51488 1596355298 0/0/0/99/8 INPUT 3 1 0 v:122
2/08/2020 9:23:16 AM,252 Event OK
2/08/2020 9:23:16 AM,EVENT 51489 1596355654 0/0/0/0/22 ENGINEOVERSPEED 51466 345 4341 v:121
2/08/2020 9:23:16 AM,252 Event OK
2/08/2020 9:23:17 AM,EVENT 51490 1596355683 0/0/0/0/21 ENGINEOVERSPEED 51466 22 3616 v:121
2/08/2020 9:23:17 AM,252 Event OK
2/08/2020 9:23:17 AM,EVENT 51491 1596355709 0/0/0/0/20 ENGINEOVERSPEED 51466 7 3416 v:121
2/08/2020 9:23:17 AM,252 Event OK
2/08/2020 9:23:17 AM,EVENT 51492 1596355783 0/0/0/0/22 ENGINEOVERSPEED 51466 41 3540 v:121
2/08/2020 9:23:17 AM,252 Event OK
2/08/2020 9:23:17 AM,EVENT 51493 1596355849 0/0/0/0/9 INPUT 3 0 552 v:121
2/08/2020 9:23:17 AM,252 Event OK
2/08/2020 9:23:18 AM,EVENT 51494 1596355852 0/0/0/0/0 ENGINEOVERSPEED 51466 33 3635 v:121
2/08/2020 9:23:18 AM,252 Event OK
2/08/2020 9:23:18 AM,EVENT 51495 1596355932 0/0/0/0/5 INPUT 3 1 0 v:122
2/08/2020 9:23:18 AM,252 Event OK
2/08/2020 9:23:18 AM,EVENT 51496 1596356051 0/0/0/0/22 ENGINEOVERSPEED 51466 104 3896 v:122
2/08/2020 9:23:18 AM,252 Event OK
2/08/2020 9:23:18 AM,EVENT 51497 1596356159 0/0/0/0/20 ENGINEOVERSPEED 51466 40 3830 v:121
2/08/2020 9:23:18 AM,252 Event OK
2/08/2020 9:23:18 AM,EVENT 51498 1596356164 0/0/0/0/12 INPUT 3 0 232 v:121
2/08/2020 9:23:18 AM,252 Event OK
2/08/2020 9:23:19 AM,EVENT 51499 1596356195 0/0/0/0/6 INPUT 3 1 0 v:121
2/08/2020 9:23:19 AM,252 Event OK
2/08/2020 9:23:19 AM,EVENT 51500 1596356210 0/0/0/0/11 INPUT 3 0 16 v:121
2/08/2020 9:23:19 AM,252 Event OK
2/08/2020 9:23:19 AM,EVENT 51501 1596356211 0/0/0/0/8 INPUT 7 1 0 v:121
2/08/2020 9:23:19 AM,252 Event OK
2/08/2020 9:23:19 AM,EVENT 51502 1596356211 0/0/0/0/8 INPUT 8 0 1293 v:121
2/08/2020 9:23:19 AM,252 Event OK
2/08/2020 9:23:19 AM,EVENT 51503 1596356211 0/0/0/0/7 INPUT 1 1 0 v:121
2/08/2020 9:23:19 AM,252 Event OK
2/08/2020 9:23:20 AM,EVENT 51504 1596356213 0/0/0/0/6 INPUT 4 0 1236 v:121
2/08/2020 9:23:20 AM,252 Event OK
2/08/2020 9:23:20 AM,EVENT 51505 1596356216 0/0/0/0/0 TRIP 51466 965 315 9 6 1289 v:121
2/08/2020 9:23:20 AM,252 Event OK
2/08/2020 9:23:20 AM,EVENT 51506 1596356216 0/0/0/0/0 TRIPSUMMARY 51466 v:121
2/08/2020 9:23:20 AM,252 Event OK
2/08/2020 9:23:20 AM,EVENT 51507 1596356664 0/0/0/0/0 INPUT 8 1 0 v:121
2/08/2020 9:23:20 AM,252 Event OK
2/08/2020 9:23:20 AM,EVENT 51508 1596356664 0/0/0/0/0 INPUT 7 0 453 v:121
2/08/2020 9:23:20 AM,252 Event OK
2/08/2020 9:23:21 AM,EVENT 51509 1596356672 0/0/0/0/0 SIGNON 2489 01effad3 OK 26 80296 0 v:122
2/08/2020 9:23:21 AM,252 Event OK
2/08/2020 9:23:21 AM,EVENT 51510 1596356677 0/0/0/0/0 INPUT 7 1 0 v:122
2/08/2020 9:23:21 AM,252 Event OK
2/08/2020 9:23:21 AM,EVENT 51511 1596356677 0/0/0/0/0 INPUT 4 1 0 v:122
2/08/2020 9:23:21 AM,252 Event OK
2/08/2020 9:23:21 AM,EVENT 51512 1596356678 0/0/0/0/0 INPUT 7 0 1 v:122
2/08/2020 9:23:21 AM,252 Event OK
2/08/2020 9:23:21 AM,EVENT 51513 1596356678 0/0/0/0/0 INPUT 1 0 467 v:122
2/08/2020 9:23:21 AM,252 Event OK
2/08/2020 9:23:22 AM,EVENT 51514 1596356680 0/0/0/0/3 OILPRESSURE 51509 3 v:122
2/08/2020 9:23:22 AM,252 Event OK
2/08/2020 9:23:22 AM,EVENT 51515 1596356691 0/0/0/0/6 INPUT 3 1 0 v:122
2/08/2020 9:23:22 AM,252 Event OK
2/08/2020 9:23:22 AM,EVENT 51516 1596356728 0/0/0/0/16 INPUT 3 0 36 v:122
2/08/2020 9:23:22 AM,252 Event OK
2/08/2020 9:23:22 AM,EVENT 51517 1596356729 0/0/0/0/6 ENGINEOVERSPEED 51509 8 3641 v:122
2/08/2020 9:23:22 AM,252 Event OK
2/08/2020 9:23:23 AM,EVENT 51518 1596356741 0/0/0/0/5 INPUT 3 1 0 v:122
2/08/2020 9:23:23 AM,252 Event OK
2/08/2020 9:23:23 AM,EVENT 51519 1596356744 0/0/0/0/12 INPUT 3 0 3 v:122
2/08/2020 9:23:23 AM,252 Event OK
2/08/2020 9:23:23 AM,EVENT 51520 1596356761 0/0/0/0/0 IMPACT 51509 8 0 0 0 8 0 - v:122
2/08/2020 9:23:23 AM,252 Event OK
2/08/2020 9:23:23 AM,EVENT 51521 1596356767 0/0/0/0/5 INPUT 3 1 0 v:122
2/08/2020 9:23:23 AM,252 Event OK
2/08/2020 9:23:23 AM,EVENT 51522 1596356804 0/0/0/0/14 INPUT 3 0 38 v:122
2/08/2020 9:23:23 AM,252 Event OK
2/08/2020 9:23:24 AM,EVENT 51523 1596356805 0/0/0/0/10 INPUT 3 1 0 v:122
2/08/2020 9:23:24 AM,252 Event OK
2/08/2020 9:23:24 AM,EVENT 51524 1596356807 0/0/0/0/12 INPUT 3 0 3 v:122
2/08/2020 9:23:24 AM,252 Event OK
2/08/2020 9:23:24 AM,EVENT 51525 1596356809 0/0/0/0/8 INPUT 4 0 132 v:122
2/08/2020 9:23:24 AM,252 Event OK
2/08/2020 9:23:24 AM,EVENT 51526 1596356809 0/0/0/0/8 INPUT 4 1 0 v:122
2/08/2020 9:23:24 AM,252 Event OK
2/08/2020 9:23:24 AM,EVENT 51527 1596356810 0/0/0/0/8 INPUT 7 1 0 v:122
2/08/2020 9:23:24 AM,252 Event OK
2/08/2020 9:23:25 AM,EVENT 51528 1596356810 0/0/0/0/8 INPUT 8 0 146 v:122
2/08/2020 9:23:25 AM,252 Event OK
2/08/2020 9:23:25 AM,EVENT 51529 1596356810 0/0/0/0/8 REPORT 51509 0 0 v:122
2/08/2020 9:23:25 AM,252 Event OK
2/08/2020 9:23:25 AM,EVENT 51530 1596356810 0/0/0/0/8 INPUT 1 1 0 v:122
2/08/2020 9:23:25 AM,252 Event OK
2/08/2020 9:23:25 AM,EVENT 51531 1596356811 0/0/0/0/8 INPUT 4 0 2 v:122
2/08/2020 9:23:25 AM,252 Event OK
2/08/2020 9:23:25 AM,EVENT 51532 1596356814 0/0/0/0/0 TRIP 51509 80 54 9 6 143 v:122
2/08/2020 9:23:25 AM,252 Event OK
2/08/2020 9:23:26 AM,EVENT 51533 1596356814 0/0/0/0/0 TRIPSUMMARY 51509 v:122
2/08/2020 9:23:26 AM,252 Event OK
2/08/2020 9:23:26 AM,EVENT 51534 1596358142 0/0/0/0/0 INPUT 8 1 0 v:122
2/08/2020 9:23:26 AM,252 Event OK
2/08/2020 9:23:26 AM,EVENT 51535 1596358143 0/0/0/0/0 INPUT 7 0 1333 v:122
2/08/2020 9:23:26 AM,252 Event OK
2/08/2020 9:23:26 AM,EVENT 51536 1596358150 0/0/0/0/0 SIGNON 2489 01effad3 OK 26 80296 0 v:122
2/08/2020 9:23:26 AM,252 Event OK
2/08/2020 9:23:26 AM,EVENT 51537 1596358155 0/0/0/0/0 INPUT 7 1 0 v:122
2/08/2020 9:23:26 AM,252 Event OK
2/08/2020 9:23:27 AM,EVENT 51538 1596358156 0/0/0/0/0 INPUT 4 1 0 v:122
2/08/2020 9:23:27 AM,252 Event OK
2/08/2020 9:23:27 AM,EVENT 51539 1596358156 0/0/0/0/0 INPUT 7 0 0 v:122
2/08/2020 9:23:27 AM,252 Event OK
2/08/2020 9:23:27 AM,EVENT 51540 1596358157 0/0/0/0/0 INPUT 1 0 1348 v:122
2/08/2020 9:23:27 AM,252 Event OK
2/08/2020 9:23:27 AM,EVENT 51541 1596358159 0/0/0/0/3 OILPRESSURE 51536 4 v:122
2/08/2020 9:23:27 AM,252 Event OK
2/08/2020 9:23:27 AM,EVENT 51542 1596358162 0/0/0/0/7 INPUT 3 1 0 v:122
2/08/2020 9:23:27 AM,252 Event OK
2/08/2020 9:23:28 AM,EVENT 51543 1596358163 0/0/0/0/9 INPUT 3 0 0 v:122
2/08/2020 9:23:28 AM,252 Event OK
2/08/2020 9:23:28 AM,EVENT 51544 1596358166 0/0/0/0/7 INPUT 3 1 0 v:122
2/08/2020 9:23:28 AM,252 Event OK
2/08/2020 9:23:28 AM,EVENT 51545 1596358178 0/0/0/0/9 INPUT 3 0 12 v:122
2/08/2020 9:23:28 AM,252 Event OK
2/08/2020 9:23:28 AM,EVENT 51546 1596358183 0/0/0/0/5 INPUT 7 1 0 v:122
2/08/2020 9:23:28 AM,252 Event OK
2/08/2020 9:23:29 AM,EVENT 51547 1596358183 0/0/0/0/5 INPUT 8 0 41 v:122
2/08/2020 9:23:29 AM,252 Event OK
2/08/2020 9:23:29 AM,EVENT 51548 1596358183 0/0/0/0/5 INPUT 1 1 0 v:122
2/08/2020 9:23:29 AM,252 Event OK
2/08/2020 9:23:29 AM,EVENT 51549 1596358184 0/0/0/0/5 INPUT 4 0 29 v:122
2/08/2020 9:23:29 AM,252 Event OK
2/08/2020 9:23:29 AM,EVENT 51550 1596358184 0/0/0/0/0 ENGINEOVERSPEED 51536 12 4330 v:122
2/08/2020 9:23:29 AM,252 Event OK
2/08/2020 9:23:29 AM,EVENT 51551 1596358187 0/0/0/0/0 TRIP 51536 12 17 8 5 37 v:122
2/08/2020 9:23:29 AM,252 Event OK
2/08/2020 9:23:30 AM,EVENT 51552 1596358187 0/0/0/0/0 TRIPSUMMARY 51536 v:122
2/08/2020 9:23:30 AM,252 Event OK
2/08/2020 9:23:30 AM,EVENT 51553 1596358903 0/0/0/0/0 INPUT 8 1 0 v:122
2/08/2020 9:23:30 AM,252 Event OK
2/08/2020 9:23:30 AM,EVENT 51554 1596358903 0/0/0/0/0 INPUT 7 0 721 v:122
2/08/2020 9:23:30 AM,252 Event OK
2/08/2020 9:23:30 AM,EVENT 51555 1596358911 0/0/0/0/0 SIGNON 2489 01effad3 OK 26 80296 0 v:122
2/08/2020 9:23:30 AM,252 Event OK
2/08/2020 9:23:30 AM,EVENT 51556 1596358916 0/0/0/0/0 INPUT 7 1 0 v:122
2/08/2020 9:23:30 AM,252 Event OK
2/08/2020 9:23:31 AM,EVENT 51557 1596358917 0/0/0/0/0 INPUT 7 0 1 v:122
2/08/2020 9:23:31 AM,252 Event OK
2/08/2020 9:23:31 AM,EVENT 51558 1596358917 0/0/0/0/0 INPUT 4 1 0 v:122
2/08/2020 9:23:31 AM,252 Event OK
2/08/2020 9:23:31 AM,EVENT 51559 1596358918 0/0/0/0/0 INPUT 1 0 734 v:122
2/08/2020 9:23:31 AM,252 Event OK
2/08/2020 9:23:31 AM,EVENT 51560 1596358919 0/0/0/0/3 OILPRESSURE 51555 3 v:122
2/08/2020 9:23:31 AM,252 Event OK
2/08/2020 9:23:31 AM,EVENT 51561 1596358920 0/0/0/0/3 INPUT 3 1 0 v:122
2/08/2020 9:23:31 AM,252 Event OK
2/08/2020 9:23:32 AM,EVENT 51562 1596358930 0/0/0/0/9 INPUT 3 0 11 v:122
2/08/2020 9:23:32 AM,252 Event OK
2/08/2020 9:23:32 AM,EVENT 51563 1596358947 0/0/0/0/0 REPORT 51555 0 0 v:122
2/08/2020 9:23:32 AM,252 Event OK
2/08/2020 9:23:32 AM,EVENT 51564 1596358954 0/0/0/0/6 INPUT 3 1 0 v:122
2/08/2020 9:23:32 AM,252 Event OK
2/08/2020 9:23:32 AM,EVENT 51565 1596359206 0/0/0/0/22 ENGINEOVERSPEED 51555 229 5154 v:122
2/08/2020 9:23:32 AM,252 Event OK
2/08/2020 9:23:33 AM,EVENT 51566 1596359814 -310122127/1219229074/6543/0/14 INPUT 3 0 861 v:121
2/08/2020 9:23:33 AM,252 Event OK
2/08/2020 9:23:33 AM,EVENT 51567 1596359817 -310121983/1219229198/5310/0/8 ENGINEOVERSPEED 51555 604 4742 v:121
2/08/2020 9:23:33 AM,252 Event OK
2/08/2020 9:23:33 AM,EVENT 51568 1596359922 -310121723/1219229212/723/3/5 INPUT 3 1 0 v:121
2/08/2020 9:23:33 AM,252 Event OK
2/08/2020 9:23:33 AM,EVENT 51569 1596359958 -310125208/1219235094/666/3/15 ENGINEOVERSPEED 51555 14 3587 v:121
2/08/2020 9:23:33 AM,252 Event OK
2/08/2020 9:23:33 AM,EVENT 51570 1596359970 -310122468/1219232501/732/10/12 INPUT 3 0 48 v:121
2/08/2020 9:23:33 AM,252 Event OK
2/08/2020 9:23:34 AM,EVENT 51571 1596360004 -310123043/1219232483/1036/8/6 INPUT 3 1 0 v:121
2/08/2020 9:23:34 AM,252 Event OK
2/08/2020 9:23:34 AM,EVENT 51572 1596360071 -310143573/1219230307/696/4/11 INPUT 3 0 67 v:121
2/08/2020 9:23:34 AM,252 Event OK
2/08/2020 9:23:34 AM,EVENT 51573 1596360073 -310143683/1219230319/705/4/8 INPUT 7 1 0 v:121
2/08/2020 9:23:34 AM,252 Event OK
2/08/2020 9:23:34 AM,EVENT 51574 1596360073 -310143683/1219230319/705/4/8 INPUT 8 0 1170 v:121
2/08/2020 9:23:34 AM,252 Event OK
2/08/2020 9:23:34 AM,EVENT 51575 1596360073 -310143683/1219230319/705/4/8 INPUT 1 1 0 v:121
2/08/2020 9:23:34 AM,252 Event OK
2/08/2020 9:23:35 AM,EVENT 51576 1596360075 -310143701/1219230313/710/4/8 INPUT 4 0 1159 v:122
2/08/2020 9:23:35 AM,252 Event OK
2/08/2020 9:23:35 AM,EVENT 51577 1596360077 -310143721/1219230291/717/4/0 TRIP 51555 987 172 8 6 1167 v:122
2/08/2020 9:23:35 AM,252 Event OK
2/08/2020 9:23:35 AM,EVENT 51578 1596360077 -310143721/1219230291/717/4/0 TRIPSUMMARY 51555 v:122
2/08/2020 9:23:35 AM,252 Event OK
2/08/2020 9:23:35 AM,QUIT
2/08/2020 9:23:35 AM,221 Session ended - goodbye
2/08/2020 10:15:02 AM,UNIT 10604
2/08/2020 10:15:02 AM,333 CHAL 6368E9D3
2/08/2020 10:15:02 AM,RESP 3E0B80B2
2/08/2020 10:15:02 AM,230 Auth OK
2/08/2020 10:15:03 AM,TIME
2/08/2020 10:15:03 AM,211 TIME 1596363303
2/08/2020 10:15:03 AM,EVCOUNT 12
2/08/2020 10:15:03 AM,252 Event OK
2/08/2020 10:15:03 AM,TODO
2/08/2020 10:15:03 AM,125 TODO GETXML 2000 Operators 
225 Work list complete
2/08/2020 10:15:03 AM,GETXML
2/08/2020 10:15:03 AM,Binary data 4200 bytes
2/08/2020 10:15:03 AM,GOT Operators 4152 1C8F75B1
2/08/2020 10:15:03 AM,250 Download OK
2/08/2020 10:15:04 AM,EVENT 51579 1596363270 0/0/0/0/0 SWSTART OpusFC 5.0.58.510 R v:122
2/08/2020 10:15:04 AM,252 Event OK
2/08/2020 10:15:04 AM,EVENT 51580 1596360077 0/0/0/0/0 POWERDOWN v:122
2/08/2020 10:15:04 AM,252 Event OK
2/08/2020 10:15:04 AM,EVENT 51581 1596363271 0/0/0/0/0 INPUT 1 1 0 v:122
2/08/2020 10:15:04 AM,252 Event OK
2/08/2020 10:15:05 AM,EVENT 51582 1596363271 0/0/0/0/0 INPUT 2 0 0 v:122
2/08/2020 10:15:05 AM,252 Event OK
2/08/2020 10:15:05 AM,EVENT 51583 1596363271 0/0/0/0/0 INPUT 3 0 0 v:122
2/08/2020 10:15:05 AM,252 Event OK
2/08/2020 10:15:05 AM,EVENT 51584 1596363271 0/0/0/0/0 INPUT 4 0 0 v:122
2/08/2020 10:15:05 AM,252 Event OK
2/08/2020 10:15:05 AM,EVENT 51585 1596363271 0/0/0/0/0 INPUT 7 0 0 v:122
2/08/2020 10:15:05 AM,252 Event OK
2/08/2020 10:15:05 AM,EVENT 51586 1596363271 0/0/0/0/0 INPUT 8 1 0 v:122
2/08/2020 10:15:05 AM,252 Event OK
2/08/2020 10:15:06 AM,EVENT 51587 1596363272 0/0/0/0/0 ZONE_OK 2 100 FW=NO VERSION v:122
2/08/2020 10:15:06 AM,252 Event OK
2/08/2020 10:15:06 AM,EVENT 51588 1596363279 0/0/0/0/0 SIGNON * 0 NOCARD 26 0 180211 v:122
2/08/2020 10:15:06 AM,252 Event OK
2/08/2020 10:15:06 AM,EVENT 51589 1596363289 0/0/0/6/0 SIGNON 2521 03cffbfc OK_CL 26 180201 0 v:122
2/08/2020 10:15:06 AM,252 Event OK
2/08/2020 10:15:06 AM,EVENT 51590 1596363294 0/0/0/6/0 CHECKLIST 51589 OK 0 4 432 F v:122
2/08/2020 10:15:06 AM,252 Event OK
2/08/2020 10:15:06 AM,QUIT
2/08/2020 10:15:06 AM,221 Session ended - goodbye
2/08/2020 10:15:16 AM,UNIT 10604
2/08/2020 10:15:16 AM,333 CHAL 272484A4
2/08/2020 10:15:17 AM,RESP 662E6D68
2/08/2020 10:15:17 AM,230 Auth OK
2/08/2020 10:15:17 AM,TIME
2/08/2020 10:15:17 AM,211 TIME 1596363317
2/08/2020 10:15:18 AM,EVCOUNT 7
2/08/2020 10:15:18 AM,252 Event OK
2/08/2020 10:15:18 AM,TODO
2/08/2020 10:15:18 AM,125 TODO GETXML 2000 Operators 
225 Work list complete
2/08/2020 10:15:19 AM,GETXML
2/08/2020 10:15:19 AM,Binary data 4200 bytes
2/08/2020 10:15:20 AM,GOT Operators 4152 1C8F75B1
2/08/2020 10:15:20 AM,250 Download OK
2/08/2020 10:15:20 AM,EVENT 51591 1596363299 0/0/0/0/0 INPUT 7 1 0 v:122
2/08/2020 10:15:20 AM,252 Event OK
2/08/2020 10:15:21 AM,EVENT 51592 1596363299 0/0/0/0/0 INPUT 4 1 0 v:122
2/08/2020 10:15:21 AM,252 Event OK
2/08/2020 10:15:21 AM,EVENT 51593 1596363300 0/0/0/0/0 INPUT 7 0 1 v:122
2/08/2020 10:15:21 AM,252 Event OK
2/08/2020 10:15:21 AM,EVENT 51594 1596363304 0/0/0/0/0 INPUT 1 0 33 v:122
2/08/2020 10:15:21 AM,252 Event OK
2/08/2020 10:15:21 AM,EVENT 51595 1596363305 0/0/0/0/0 OILPRESSURE 51589 9 v:122
2/08/2020 10:15:21 AM,252 Event OK
2/08/2020 10:15:22 AM,EVENT 51596 1596363308 -310143495/1219230757/21435/0/3 INPUT 4 0 9 v:122
2/08/2020 10:15:22 AM,252 Event OK
2/08/2020 10:15:22 AM,EVENT 51597 1596363309 -310143455/1219230711/13540/0/3 INPUT 4 1 0 v:122
2/08/2020 10:15:22 AM,252 Event OK
2/08/2020 10:15:22 AM,QUIT
2/08/2020 10:15:22 AM,221 Session ended - goodbye
2/08/2020 10:15:50 AM,UNIT 10604
2/08/2020 10:15:50 AM,333 CHAL 6B092A84
2/08/2020 10:15:50 AM,RESP A400C226
2/08/2020 10:15:50 AM,230 Auth OK
2/08/2020 10:15:51 AM,TIME
2/08/2020 10:15:51 AM,211 TIME 1596363351
2/08/2020 10:15:52 AM,EVCOUNT 2
2/08/2020 10:15:52 AM,252 Event OK
2/08/2020 10:15:53 AM,TODO
2/08/2020 10:15:53 AM,226 Nothing to do
2/08/2020 10:15:54 AM,EVENT 51598 1596363338 -310143270/1219231945/841/6/3 INPUT 4 0 30 v:122
2/08/2020 10:15:54 AM,252 Event OK
2/08/2020 10:15:55 AM,EVENT 51599 1596363338 -310143279/1219231981/836/6/3 INPUT 4 1 0 v:122
2/08/2020 10:15:55 AM,252 Event OK
2/08/2020 10:15:55 AM,EVENT 51600 1596363343 -310143381/1219232460/806/6/5 INPUT 3 1 0 v:122
2/08/2020 10:15:55 AM,252 Event OK
2/08/2020 10:15:56 AM,QUIT
2/08/2020 10:15:56 AM,221 Session ended - goodbye
2/08/2020 10:16:15 AM,UNIT 10604
2/08/2020 10:16:15 AM,333 CHAL 42BD9644
2/08/2020 10:16:16 AM,RESP 625C82B7
2/08/2020 10:16:16 AM,230 Auth OK
2/08/2020 10:16:16 AM,TIME
2/08/2020 10:16:16 AM,211 TIME 1596363376
2/08/2020 10:16:17 AM,EVCOUNT 5
2/08/2020 10:16:17 AM,252 Event OK
2/08/2020 10:16:18 AM,TODO
2/08/2020 10:16:18 AM,226 Nothing to do
2/08/2020 10:16:19 AM,EVENT 51601 1596363363 -310145435/1219234840/769/8/9 INPUT 3 0 20 v:122
2/08/2020 10:16:19 AM,252 Event OK
2/08/2020 10:16:20 AM,EVENT 51602 1596363365 -310145443/1219234611/768/8/6 INPUT 7 1 0 v:122
2/08/2020 10:16:20 AM,252 Event OK
2/08/2020 10:16:20 AM,EVENT 51603 1596363365 -310145443/1219234611/768/8/6 INPUT 8 0 94 v:122
2/08/2020 10:16:20 AM,252 Event OK
2/08/2020 10:16:21 AM,EVENT 51604 1596363365 -310145443/1219234599/767/8/5 INPUT 1 1 0 v:122
2/08/2020 10:16:21 AM,252 Event OK
2/08/2020 10:16:22 AM,EVENT 51605 1596363367 -310145442/1219234593/763/8/5 INPUT 4 0 29 v:121
2/08/2020 10:16:22 AM,252 Event OK
2/08/2020 10:16:23 AM,EVENT 51606 1596363369 -310145439/1219234591/763/8/0 TRIP 51589 20 48 10 8 78 v:121
2/08/2020 10:16:23 AM,252 Event OK
2/08/2020 10:16:24 AM,EVENT 51607 1596363369 -310145439/1219234591/763/8/0 TRIPSUMMARY 51589 v:121
2/08/2020 10:16:24 AM,252 Event OK
2/08/2020 10:16:25 AM,QUIT
2/08/2020 10:16:25 AM,221 Session ended - goodbye
2/08/2020 10:16:45 AM,UNIT 10604
2/08/2020 10:16:45 AM,333 CHAL AF6A248
2/08/2020 10:16:46 AM,RESP 2C974B9F
2/08/2020 10:16:46 AM,230 Auth OK
2/08/2020 10:16:46 AM,TIME
2/08/2020 10:16:46 AM,211 TIME 1596363406
2/08/2020 10:16:47 AM,EVCOUNT 1
2/08/2020 10:16:47 AM,252 Event OK
2/08/2020 10:16:47 AM,TODO
2/08/2020 10:16:47 AM,226 Nothing to do
2/08/2020 10:16:48 AM,EVENT 51608 1596363394 -310145464/1219234531/773/13/0 REPORT * 0 18 v:122
2/08/2020 10:16:48 AM,252 Event OK
2/08/2020 10:16:49 AM,QUIT
2/08/2020 10:16:49 AM,221 Session ended - goodbye
2/08/2020 10:20:32 AM,UNIT 10604
2/08/2020 10:20:32 AM,333 CHAL 17CD9D6C
2/08/2020 10:20:33 AM,RESP C9EC6DE6
2/08/2020 10:20:33 AM,230 Auth OK
2/08/2020 10:20:33 AM,TIME
2/08/2020 10:20:33 AM,211 TIME 1596363633
2/08/2020 10:20:34 AM,EVCOUNT 2
2/08/2020 10:20:34 AM,252 Event OK
2/08/2020 10:20:35 AM,TODO
2/08/2020 10:20:35 AM,226 Nothing to do
2/08/2020 10:20:35 AM,EVENT 51609 1596363621 -310145650/1219234478/725/10/0 INPUT 8 1 0 v:122
2/08/2020 10:20:35 AM,252 Event OK
2/08/2020 10:20:36 AM,EVENT 51610 1596363621 -310145650/1219234478/727/10/0 INPUT 7 0 256 v:122
2/08/2020 10:20:36 AM,252 Event OK
2/08/2020 10:20:37 AM,QUIT
2/08/2020 10:20:37 AM,221 Session ended - goodbye
2/08/2020 10:20:47 AM,UNIT 10604
2/08/2020 10:20:47 AM,333 CHAL 7D0867CB
2/08/2020 10:20:48 AM,RESP 9BB9E60C
2/08/2020 10:20:48 AM,230 Auth OK
2/08/2020 10:20:49 AM,TIME
2/08/2020 10:20:49 AM,211 TIME 1596363649
2/08/2020 10:20:49 AM,EVCOUNT 1
2/08/2020 10:20:49 AM,252 Event OK
2/08/2020 10:20:50 AM,TODO
2/08/2020 10:20:50 AM,226 Nothing to do
2/08/2020 10:20:51 AM,EVENT 51611 1596363632 -310145657/1219234489/759/10/0 SIGNON 2521 03cffbfc OK 26 180201 0 v:122
2/08/2020 10:20:51 AM,252 Event OK
2/08/2020 10:20:52 AM,EVENT 51612 1596363641 -310145657/1219234489/767/10/0 INPUT 7 1 0 v:122
2/08/2020 10:20:52 AM,252 Event OK
2/08/2020 10:20:53 AM,EVENT 51613 1596363641 -310145658/1219234489/767/10/0 INPUT 7 0 1 v:122
2/08/2020 10:20:53 AM,252 Event OK
2/08/2020 10:20:54 AM,EVENT 51614 1596363641 -310145658/1219234489/768/10/0 INPUT 4 1 0 v:122
2/08/2020 10:20:54 AM,252 Event OK
2/08/2020 10:20:54 AM,EVENT 51615 1596363642 -310145659/1219234490/769/10/0 INPUT 1 0 277 v:122
2/08/2020 10:20:54 AM,252 Event OK
2/08/2020 10:20:55 AM,EVENT 51616 1596363644 -310145664/1219234490/769/10/0 OILPRESSURE 51611 7 v:122
2/08/2020 10:20:55 AM,252 Event OK
2/08/2020 10:20:56 AM,QUIT
2/08/2020 10:20:56 AM,221 Session ended - goodbye
2/08/2020 10:21:53 AM,UNIT 10604
2/08/2020 10:21:53 AM,333 CHAL 387A1FEB
2/08/2020 10:21:53 AM,RESP 976C613B
2/08/2020 10:21:53 AM,230 Auth OK
2/08/2020 10:21:54 AM,TIME
2/08/2020 10:21:54 AM,211 TIME 1596363714
2/08/2020 10:21:55 AM,EVCOUNT 1
2/08/2020 10:21:55 AM,252 Event OK
2/08/2020 10:21:55 AM,TODO
2/08/2020 10:21:55 AM,226 Nothing to do
2/08/2020 10:21:56 AM,EVENT 51617 1596363702 -310145470/1219234970/709/10/6 INPUT 3 1 0 v:122
2/08/2020 10:21:56 AM,252 Event OK
2/08/2020 10:21:57 AM,QUIT
2/08/2020 10:21:57 AM,221 Session ended - goodbye
2/08/2020 10:23:02 AM,UNIT 10604
2/08/2020 10:23:02 AM,333 CHAL 3E0C0452
2/08/2020 10:23:02 AM,RESP E0353374
2/08/2020 10:23:02 AM,230 Auth OK
2/08/2020 10:23:03 AM,TIME
2/08/2020 10:23:03 AM,211 TIME 1596363783
2/08/2020 10:23:04 AM,EVCOUNT 3
2/08/2020 10:23:04 AM,252 Event OK
2/08/2020 10:23:04 AM,TODO
2/08/2020 10:23:04 AM,226 Nothing to do
2/08/2020 10:23:05 AM,EVENT 51618 1596363771 -310121814/1219236410/728/10/10 INPUT 3 0 69 v:122
2/08/2020 10:23:05 AM,252 Event OK
2/08/2020 10:23:06 AM,EVENT 51619 1596363774 -310121345/1219236103/715/10/5 INPUT 7 1 0 v:122
2/08/2020 10:23:06 AM,252 Event OK
2/08/2020 10:23:07 AM,EVENT 51620 1596363774 -310121345/1219236103/715/10/5 INPUT 8 0 154 v:122
2/08/2020 10:23:07 AM,252 Event OK
2/08/2020 10:23:07 AM,EVENT 51621 1596363775 -310121340/1219236096/714/10/5 INPUT 1 1 0 v:122
2/08/2020 10:23:07 AM,252 Event OK
2/08/2020 10:23:08 AM,EVENT 51622 1596363775 -310121341/1219236092/712/10/5 INPUT 4 0 134 v:122
2/08/2020 10:23:08 AM,252 Event OK
2/08/2020 10:23:09 AM,EVENT 51623 1596363779 -310121345/1219236079/705/10/0 TRIP 51611 69 65 14 10 148 v:121
2/08/2020 10:23:09 AM,252 Event OK
2/08/2020 10:23:10 AM,EVENT 51624 1596363779 -310121345/1219236079/705/10/0 TRIPSUMMARY 51611 v:121
2/08/2020 10:23:10 AM,252 Event OK
2/08/2020 10:23:10 AM,QUIT
2/08/2020 10:23:10 AM,221 Session ended - goodbye
2/08/2020 10:24:03 AM,UNIT 10604
2/08/2020 10:24:03 AM,333 CHAL 1DEA9EA1
2/08/2020 10:24:03 AM,RESP 78B414F6
2/08/2020 10:24:03 AM,230 Auth OK
2/08/2020 10:24:04 AM,TIME
2/08/2020 10:24:04 AM,211 TIME 1596363844
2/08/2020 10:24:04 AM,EVCOUNT 2
2/08/2020 10:24:04 AM,252 Event OK
2/08/2020 10:24:05 AM,TODO
2/08/2020 10:24:05 AM,226 Nothing to do
2/08/2020 10:24:06 AM,EVENT 51625 1596363831 -310121439/1219235985/754/10/0 INPUT 8 1 0 v:122
2/08/2020 10:24:06 AM,252 Event OK
2/08/2020 10:24:06 AM,EVENT 51626 1596363832 -310121439/1219235986/754/10/0 INPUT 7 0 57 v:122
2/08/2020 10:24:06 AM,252 Event OK
2/08/2020 10:24:07 AM,QUIT
2/08/2020 10:24:07 AM,221 Session ended - goodbye
2/08/2020 10:24:17 AM,UNIT 10604
2/08/2020 10:24:17 AM,333 CHAL 30A3F813
2/08/2020 10:24:18 AM,RESP F442AC61
2/08/2020 10:24:18 AM,230 Auth OK
2/08/2020 10:24:18 AM,TIME
2/08/2020 10:24:18 AM,211 TIME 1596363858
2/08/2020 10:24:19 AM,EVCOUNT 6
2/08/2020 10:24:19 AM,252 Event OK
2/08/2020 10:24:19 AM,TODO
2/08/2020 10:24:19 AM,226 Nothing to do
2/08/2020 10:24:20 AM,EVENT 51627 1596363839 -310121453/1219236013/753/10/0 SIGNON 2521 03cffbfc OK 26 180201 0 v:122
2/08/2020 10:24:20 AM,252 Event OK
2/08/2020 10:24:21 AM,EVENT 51628 1596363844 -310121463/1219236024/757/10/0 INPUT 7 1 0 v:122
2/08/2020 10:24:21 AM,252 Event OK
2/08/2020 10:24:22 AM,EVENT 51629 1596363844 -310121462/1219236024/758/10/0 INPUT 7 0 1 v:122
2/08/2020 10:24:22 AM,252 Event OK
2/08/2020 10:24:22 AM,EVENT 51630 1596363845 -310121461/1219236023/759/10/0 INPUT 4 1 0 v:122
2/08/2020 10:24:22 AM,252 Event OK
2/08/2020 10:24:23 AM,EVENT 51631 1596363845 -310121460/1219236022/760/10/0 INPUT 1 0 71 v:122
2/08/2020 10:24:23 AM,252 Event OK
2/08/2020 10:24:24 AM,EVENT 51632 1596363847 -310121454/1219236018/761/10/0 OILPRESSURE 51627 3 v:122
2/08/2020 10:24:24 AM,252 Event OK
2/08/2020 10:24:24 AM,QUIT
2/08/2020 10:24:24 AM,221 Session ended - goodbye
2/08/2020 10:24:35 AM,UNIT 10604
2/08/2020 10:24:35 AM,333 CHAL 36F44FBE
2/08/2020 10:24:36 AM,RESP 46D919DD
2/08/2020 10:24:36 AM,230 Auth OK
2/08/2020 10:24:36 AM,TIME
2/08/2020 10:24:36 AM,211 TIME 1596363876
2/08/2020 10:24:37 AM,EVCOUNT 1
2/08/2020 10:24:37 AM,252 Event OK
2/08/2020 10:24:37 AM,TODO
2/08/2020 10:24:37 AM,226 Nothing to do
2/08/2020 10:24:38 AM,EVENT 51633 1596363857 -310120539/1219235342/733/11/8 INPUT 3 1 0 v:122
2/08/2020 10:24:38 AM,252 Event OK
2/08/2020 10:24:39 AM,QUIT
2/08/2020 10:24:39 AM,221 Session ended - goodbye
2/08/2020 10:24:54 AM,UNIT 10604
2/08/2020 10:24:54 AM,333 CHAL 7A6862EE
2/08/2020 10:24:54 AM,RESP 0B9DDC6F
2/08/2020 10:24:54 AM,230 Auth OK
2/08/2020 10:24:55 AM,TIME
2/08/2020 10:24:55 AM,211 TIME 1596363895
2/08/2020 10:24:55 AM,EVCOUNT 3
2/08/2020 10:24:55 AM,252 Event OK
2/08/2020 10:24:56 AM,TODO
2/08/2020 10:24:56 AM,226 Nothing to do
2/08/2020 10:24:56 AM,EVENT 51634 1596363882 -310121726/1219229216/772/11/9 INPUT 3 0 26 v:122
2/08/2020 10:24:56 AM,252 Event OK
2/08/2020 10:24:57 AM,EVENT 51635 1596363886 -310121859/1219229044/750/10/6 INPUT 7 1 0 v:122
2/08/2020 10:24:57 AM,252 Event OK
2/08/2020 10:24:58 AM,EVENT 51636 1596363886 -310121859/1219229044/750/10/6 INPUT 8 0 55 v:122
2/08/2020 10:24:58 AM,252 Event OK
2/08/2020 10:24:58 AM,EVENT 51637 1596363887 -310121864/1219229044/749/10/6 INPUT 1 1 0 v:122
2/08/2020 10:24:58 AM,252 Event OK
2/08/2020 10:24:59 AM,EVENT 51638 1596363888 -310121876/1219229042/749/10/0 INPUT 4 0 44 v:122
2/08/2020 10:24:59 AM,252 Event OK
2/08/2020 10:25:00 AM,EVENT 51639 1596363890 -310121890/1219229025/751/10/0 TRIP 51627 26 18 8 6 52 v:121
2/08/2020 10:25:00 AM,252 Event OK
2/08/2020 10:25:00 AM,EVENT 51640 1596363890 -310121890/1219229025/751/10/0 TRIPSUMMARY 51627 v:121
2/08/2020 10:25:00 AM,252 Event OK
2/08/2020 10:25:01 AM,QUIT
2/08/2020 10:25:01 AM,221 Session ended - goodbye
2/08/2020 10:27:06 AM,UNIT 10604
2/08/2020 10:27:06 AM,333 CHAL 5A2058AF
2/08/2020 10:27:07 AM,RESP B9D8CAFB
2/08/2020 10:27:07 AM,230 Auth OK
2/08/2020 10:27:07 AM,TIME
2/08/2020 10:27:07 AM,211 TIME 1596364027
2/08/2020 10:27:07 AM,EVCOUNT 2
2/08/2020 10:27:07 AM,252 Event OK
2/08/2020 10:27:08 AM,TODO
2/08/2020 10:27:08 AM,226 Nothing to do
2/08/2020 10:27:09 AM,EVENT 51641 1596364014 -310121906/1219229263/748/1/0 INPUT 8 1 0 v:121
2/08/2020 10:27:09 AM,252 Event OK
2/08/2020 10:27:09 AM,EVENT 51642 1596364014 -310121903/1219229263/748/1/0 INPUT 7 0 129 v:121
2/08/2020 10:27:09 AM,252 Event OK
2/08/2020 10:27:10 AM,QUIT
2/08/2020 10:27:10 AM,221 Session ended - goodbye
2/08/2020 10:27:20 AM,UNIT 10604
2/08/2020 10:27:20 AM,333 CHAL 7465218E
2/08/2020 10:27:21 AM,RESP C8CA2D4A
2/08/2020 10:27:21 AM,230 Auth OK
2/08/2020 10:27:21 AM,TIME
2/08/2020 10:27:21 AM,211 TIME 1596364041
2/08/2020 10:27:21 AM,EVCOUNT 1
2/08/2020 10:27:21 AM,252 Event OK
2/08/2020 10:27:22 AM,TODO
2/08/2020 10:27:22 AM,226 Nothing to do
2/08/2020 10:27:23 AM,EVENT 51643 1596364022 -310121852/1219229256/748/1/0 SIGNON * 0 NOCARD 26 0 182011 v:122
2/08/2020 10:27:23 AM,252 Event OK
2/08/2020 10:27:23 AM,QUIT
2/08/2020 10:27:23 AM,221 Session ended - goodbye
2/08/2020 10:27:32 AM,UNIT 10604
2/08/2020 10:27:32 AM,333 CHAL 4F49A62C
2/08/2020 10:27:33 AM,RESP 76DAEAF8
2/08/2020 10:27:33 AM,230 Auth OK
2/08/2020 10:27:33 AM,TIME
2/08/2020 10:27:33 AM,211 TIME 1596364053
2/08/2020 10:27:34 AM,EVCOUNT 6
2/08/2020 10:27:34 AM,252 Event OK
2/08/2020 10:27:34 AM,TODO
2/08/2020 10:27:34 AM,125 TODO GETXML 2000 Operators 
225 Work list complete
2/08/2020 10:27:35 AM,GETXML
2/08/2020 10:27:35 AM,Binary data 4200 bytes
2/08/2020 10:27:36 AM,GOT Operators 4152 1C8F75B1
2/08/2020 10:27:36 AM,250 Download OK
2/08/2020 10:27:37 AM,EVENT 51644 1596364035 -310121830/1219229128/777/1/0 SIGNON 2521 03cffbfc OK 26 180201 0 v:122
2/08/2020 10:27:37 AM,252 Event OK
2/08/2020 10:27:37 AM,EVENT 51645 1596364040 -310121860/1219229061/776/2/0 INPUT 7 1 0 v:122
2/08/2020 10:27:37 AM,252 Event OK
2/08/2020 10:27:37 AM,EVENT 51646 1596364040 -310121860/1219229061/776/2/0 INPUT 4 1 0 v:122
2/08/2020 10:27:37 AM,252 Event OK
2/08/2020 10:27:37 AM,EVENT 51647 1596364041 -310121863/1219229058/777/2/0 INPUT 7 0 1 v:122
2/08/2020 10:27:37 AM,252 Event OK
2/08/2020 10:27:37 AM,EVENT 51648 1596364041 -310121866/1219229056/777/2/0 INPUT 1 0 154 v:122
2/08/2020 10:27:37 AM,252 Event OK
2/08/2020 10:27:38 AM,EVENT 51649 1596364042 -310121873/1219229053/778/2/0 OILPRESSURE 51644 2 v:122
2/08/2020 10:27:38 AM,252 Event OK
2/08/2020 10:27:38 AM,QUIT
2/08/2020 10:27:38 AM,221 Session ended - goodbye
2/08/2020 10:28:00 AM,UNIT 10604
2/08/2020 10:28:00 AM,333 CHAL 7EF0842E
2/08/2020 10:28:01 AM,RESP ED575809
2/08/2020 10:28:01 AM,230 Auth OK
2/08/2020 10:28:02 AM,TIME
2/08/2020 10:28:02 AM,211 TIME 1596364082
2/08/2020 10:28:04 AM,EVCOUNT 1
2/08/2020 10:28:04 AM,252 Event OK
2/08/2020 10:28:05 AM,TODO
2/08/2020 10:28:05 AM,226 Nothing to do
2/08/2020 9:03:28 PM,UNIT 10604
2/08/2020 9:03:28 PM,333 CHAL 1FFADA3
2/08/2020 9:03:29 PM,RESP B088A30E
2/08/2020 9:03:29 PM,230 Auth OK
2/08/2020 9:03:30 PM,TIME
2/08/2020 9:03:30 PM,211 TIME 1596402210
2/08/2020 9:03:30 PM,EVCOUNT 755
2/08/2020 9:03:30 PM,252 Event OK
2/08/2020 9:03:31 PM,TODO
2/08/2020 9:03:31 PM,226 Nothing to do
2/08/2020 9:03:31 PM,EVENT 51650 1596364068 -310122228/1219228305/752/2/7 INPUT 3 1 0 v:122
2/08/2020 9:03:31 PM,252 Event OK
2/08/2020 9:03:32 PM,EVENT 51651 1596364454 0/0/0/0/21 ENGINEOVERSPEED 51644 33 3506 v:121
2/08/2020 9:03:32 PM,252 Event OK
2/08/2020 9:03:33 PM,EVENT 51652 1596364583 0/0/0/0/10 INPUT 3 0 515 v:121
2/08/2020 9:03:33 PM,252 Event OK
2/08/2020 9:03:34 PM,EVENT 51653 1596364685 0/0/0/0/0 INPUT 4 0 646 v:122
2/08/2020 9:03:34 PM,252 Event OK
2/08/2020 9:03:35 PM,EVENT 51654 1596364686 0/0/0/0/0 INPUT 4 1 0 v:122
2/08/2020 9:03:35 PM,252 Event OK
2/08/2020 9:03:35 PM,EVENT 51655 1596364688 0/0/0/0/6 INPUT 3 1 0 v:122
2/08/2020 9:03:35 PM,252 Event OK
2/08/2020 9:03:36 PM,EVENT 51656 1596364837 0/0/0/99/10 INPUT 3 0 148 v:121
2/08/2020 9:03:36 PM,252 Event OK
2/08/2020 9:03:37 PM,EVENT 51657 1596364839 0/0/0/99/6 INPUT 7 1 0 v:121
2/08/2020 9:03:37 PM,252 Event OK
2/08/2020 9:03:38 PM,EVENT 51658 1596364839 0/0/0/99/6 INPUT 8 0 824 v:121
2/08/2020 9:03:38 PM,252 Event OK
2/08/2020 9:03:38 PM,EVENT 51659 1596364839 0/0/0/99/6 INPUT 1 1 0 v:121
2/08/2020 9:03:38 PM,252 Event OK
2/08/2020 9:03:39 PM,EVENT 51660 1596364839 0/0/0/99/6 INPUT 4 0 154 v:121
2/08/2020 9:03:39 PM,252 Event OK
2/08/2020 9:03:40 PM,EVENT 51661 1596364843 0/0/0/99/0 TRIP 51644 663 137 9 5 809 v:121
2/08/2020 9:03:40 PM,252 Event OK
2/08/2020 9:03:41 PM,EVENT 51662 1596364843 0/0/0/99/0 TRIPSUMMARY 51644 v:121
2/08/2020 9:03:41 PM,252 Event OK
2/08/2020 9:03:41 PM,EVENT 51663 1596365307 0/0/0/0/0 INPUT 8 1 0 v:121
2/08/2020 9:03:41 PM,252 Event OK
2/08/2020 9:03:42 PM,EVENT 51664 1596365307 0/0/0/0/0 INPUT 7 0 469 v:121
2/08/2020 9:03:42 PM,252 Event OK
2/08/2020 9:03:43 PM,EVENT 51665 1596365315 0/0/0/0/0 SIGNON 2521 03cffbfc OK 26 180201 0 v:121
2/08/2020 9:03:43 PM,252 Event OK
2/08/2020 9:03:44 PM,EVENT 51666 1596365331 0/0/0/0/0 INPUT 7 1 0 v:122
2/08/2020 9:03:44 PM,252 Event OK
2/08/2020 9:03:45 PM,EVENT 51667 1596365332 0/0/0/0/0 INPUT 7 0 0 v:122
2/08/2020 9:03:45 PM,252 Event OK
2/08/2020 9:03:46 PM,EVENT 51668 1596365332 0/0/0/0/0 INPUT 4 1 0 v:122
2/08/2020 9:03:46 PM,252 Event OK
2/08/2020 9:03:46 PM,EVENT 51669 1596365333 0/0/0/0/0 INPUT 1 0 494 v:122
2/08/2020 9:03:46 PM,252 Event OK
2/08/2020 9:03:47 PM,EVENT 51670 1596365334 0/0/0/0/0 OILPRESSURE 51665 14 v:122
2/08/2020 9:03:47 PM,252 Event OK
2/08/2020 9:03:48 PM,EVENT 51671 1596365346 0/0/0/0/0 REPORT 51665 0 0 v:122
2/08/2020 9:03:48 PM,252 Event OK
2/08/2020 9:03:49 PM,EVENT 51672 1596365418 0/0/0/0/3 INPUT 4 0 87 v:122
2/08/2020 9:03:49 PM,252 Event OK
2/08/2020 9:03:50 PM,EVENT 51673 1596365419 0/0/0/0/3 INPUT 4 1 0 v:122
2/08/2020 9:03:50 PM,252 Event OK
2/08/2020 9:03:51 PM,EVENT 51674 1596365421 0/0/0/0/2 INPUT 4 0 3 v:122
2/08/2020 9:03:51 PM,252 Event OK
2/08/2020 9:03:51 PM,EVENT 51675 1596365422 0/0/0/0/2 INPUT 4 1 0 v:122
2/08/2020 9:03:51 PM,252 Event OK
2/08/2020 9:03:52 PM,EVENT 51676 1596365426 0/0/0/0/3 INPUT 4 0 5 v:122
2/08/2020 9:03:52 PM,252 Event OK
2/08/2020 9:03:53 PM,EVENT 51677 1596365426 0/0/0/0/3 INPUT 4 1 0 v:122
2/08/2020 9:03:53 PM,252 Event OK
2/08/2020 9:03:54 PM,EVENT 51678 1596365436 0/0/0/0/8 INPUT 3 1 0 v:122
2/08/2020 9:03:54 PM,252 Event OK
2/08/2020 9:03:54 PM,EVENT 51679 1596365764 0/0/0/0/10 INPUT 3 0 327 v:121
2/08/2020 9:03:54 PM,252 Event OK
2/08/2020 9:03:55 PM,EVENT 51680 1596365768 0/0/0/0/3 INPUT 4 0 342 v:121
2/08/2020 9:03:55 PM,252 Event OK
2/08/2020 9:03:56 PM,EVENT 51681 1596365768 0/0/0/0/3 INPUT 4 1 0 v:121
2/08/2020 9:03:56 PM,252 Event OK
2/08/2020 9:03:57 PM,EVENT 51682 1596365776 0/0/0/0/2 INPUT 4 0 8 v:122
2/08/2020 9:03:57 PM,252 Event OK
2/08/2020 9:03:58 PM,EVENT 51683 1596365776 0/0/0/0/2 INPUT 4 1 0 v:122
2/08/2020 9:03:58 PM,252 Event OK
2/08/2020 9:03:58 PM,EVENT 51684 1596365783 0/0/0/0/0 INPUT 7 1 0 v:122
2/08/2020 9:03:58 PM,252 Event OK
2/08/2020 9:03:59 PM,EVENT 51685 1596365783 0/0/0/0/0 INPUT 8 0 476 v:122
2/08/2020 9:03:59 PM,252 Event OK
2/08/2020 9:03:59 PM,EVENT 51686 1596365783 0/0/0/0/0 INPUT 1 1 0 v:122
2/08/2020 9:03:59 PM,252 Event OK
2/08/2020 9:04:00 PM,EVENT 51687 1596365784 0/0/0/0/0 INPUT 4 0 8 v:122
2/08/2020 9:04:00 PM,252 Event OK
2/08/2020 9:04:01 PM,EVENT 51688 1596365787 0/0/0/0/0 TRIP 51665 327 126 20 17 473 v:122
2/08/2020 9:04:01 PM,252 Event OK
2/08/2020 9:04:02 PM,EVENT 51689 1596365787 0/0/0/0/0 TRIPSUMMARY 51665 v:122
2/08/2020 9:04:02 PM,252 Event OK
2/08/2020 9:04:03 PM,EVENT 51690 1596365819 0/0/0/99/0 INPUT 8 1 0 v:122
2/08/2020 9:04:03 PM,252 Event OK
2/08/2020 9:04:04 PM,EVENT 51691 1596365820 0/0/0/99/0 INPUT 7 0 37 v:122
2/08/2020 9:04:04 PM,252 Event OK
2/08/2020 9:04:04 PM,EVENT 51692 1596365828 0/0/0/99/0 SIGNON 2521 03cffbfc OK 26 180201 0 v:122
2/08/2020 9:04:04 PM,252 Event OK
2/08/2020 9:04:05 PM,EVENT 51693 1596365835 0/0/0/0/0 INPUT 4 1 0 v:122
2/08/2020 9:04:05 PM,252 Event OK
2/08/2020 9:04:06 PM,EVENT 51694 1596365836 0/0/0/0/0 INPUT 1 0 53 v:122
2/08/2020 9:04:06 PM,252 Event OK
2/08/2020 9:04:07 PM,EVENT 51695 1596365837 0/0/0/0/0 OILPRESSURE 51692 4 v:122
2/08/2020 9:04:07 PM,252 Event OK
2/08/2020 9:04:08 PM,EVENT 51696 1596365842 0/0/0/0/0 INPUT 4 0 7 v:122
2/08/2020 9:04:08 PM,252 Event OK
2/08/2020 9:04:09 PM,EVENT 51697 1596365842 0/0/0/0/0 INPUT 4 1 0 v:122
2/08/2020 9:04:09 PM,252 Event OK
2/08/2020 9:04:09 PM,EVENT 51698 1596365880 0/0/0/0/0 INPUT 4 0 38 v:122
2/08/2020 9:04:09 PM,252 Event OK
2/08/2020 9:04:10 PM,EVENT 51699 1596365880 0/0/0/0/0 INPUT 4 1 0 v:122
2/08/2020 9:04:10 PM,252 Event OK
2/08/2020 9:04:11 PM,EVENT 51700 1596365925 0/0/0/0/0 INPUT 4 0 45 v:121
2/08/2020 9:04:11 PM,252 Event OK
2/08/2020 9:04:11 PM,EVENT 51701 1596365925 0/0/0/0/0 INPUT 4 1 0 v:121
2/08/2020 9:04:11 PM,252 Event OK
2/08/2020 9:04:12 PM,EVENT 51702 1596365930 0/0/0/0/7 INPUT 3 1 0 v:121
2/08/2020 9:04:12 PM,252 Event OK
2/08/2020 9:04:13 PM,EVENT 51703 1596365932 0/0/0/0/12 INPUT 3 0 2 v:122
2/08/2020 9:04:13 PM,252 Event OK
2/08/2020 9:04:14 PM,EVENT 51704 1596365932 0/0/0/0/10 INPUT 3 1 0 v:122
2/08/2020 9:04:14 PM,252 Event OK
2/08/2020 9:04:14 PM,EVENT 51705 1596366379 0/0/0/0/9 INPUT 3 0 446 v:121
2/08/2020 9:04:14 PM,252 Event OK
2/08/2020 9:04:15 PM,EVENT 51706 1596366393 0/0/0/0/3 INPUT 4 0 468 v:121
2/08/2020 9:04:15 PM,252 Event OK
2/08/2020 9:04:16 PM,EVENT 51707 1596366394 0/0/0/0/3 INPUT 4 1 0 v:121
2/08/2020 9:04:16 PM,252 Event OK
2/08/2020 9:04:16 PM,EVENT 51708 1596366410 0/0/0/0/0 INPUT 7 1 0 v:122
2/08/2020 9:04:16 PM,252 Event OK
2/08/2020 9:04:17 PM,EVENT 51709 1596366410 0/0/0/0/0 INPUT 8 0 591 v:122
2/08/2020 9:04:17 PM,252 Event OK
2/08/2020 9:04:18 PM,EVENT 51710 1596366411 0/0/0/0/0 INPUT 1 1 0 v:121
2/08/2020 9:04:18 PM,252 Event OK
2/08/2020 9:04:19 PM,EVENT 51711 1596366412 0/0/0/0/0 INPUT 4 0 19 v:121
2/08/2020 9:04:19 PM,252 Event OK
2/08/2020 9:04:20 PM,EVENT 51712 1596366415 0/0/0/0/0 TRIP 51692 448 129 11 8 588 v:121
2/08/2020 9:04:20 PM,252 Event OK
2/08/2020 9:04:20 PM,EVENT 51713 1596366415 0/0/0/0/0 TRIPSUMMARY 51692 v:121
2/08/2020 9:04:20 PM,252 Event OK
2/08/2020 9:04:21 PM,EVENT 51714 1596366759 0/0/0/0/0 INPUT 7 0 348 v:121
2/08/2020 9:04:21 PM,252 Event OK
2/08/2020 9:04:22 PM,EVENT 51715 1596366759 0/0/0/0/0 INPUT 8 1 0 v:121
2/08/2020 9:04:22 PM,252 Event OK
2/08/2020 9:04:23 PM,EVENT 51716 1596366766 0/0/0/0/0 SIGNON * 0 NOCARD 26 0 280201 v:122
2/08/2020 9:04:23 PM,252 Event OK
2/08/2020 9:04:24 PM,EVENT 51717 1596366777 0/0/0/0/0 SIGNON 2521 03cffbfc OK 26 180201 0 v:122
2/08/2020 9:04:24 PM,252 Event OK
2/08/2020 9:04:24 PM,EVENT 51718 1596366783 0/0/0/0/0 INPUT 4 1 0 v:122
2/08/2020 9:04:24 PM,252 Event OK
2/08/2020 9:04:25 PM,EVENT 51719 1596366784 0/0/0/0/0 INPUT 1 0 373 v:122
2/08/2020 9:04:25 PM,252 Event OK
2/08/2020 9:04:26 PM,EVENT 51720 1596366785 0/0/0/0/5 OILPRESSURE 51717 3 v:121
2/08/2020 9:04:26 PM,252 Event OK
2/08/2020 9:04:27 PM,EVENT 51721 1596366789 0/0/0/0/5 IMPACT 51717 8 0 0 0 8 0 - v:121
2/08/2020 9:04:27 PM,252 Event OK
2/08/2020 9:04:28 PM,EVENT 51722 1596366790 0/0/0/0/7 INPUT 3 1 0 v:121
2/08/2020 9:04:28 PM,252 Event OK
2/08/2020 9:04:29 PM,EVENT 51723 1596366791 0/0/0/0/9 INPUT 3 0 1 v:121
2/08/2020 9:04:29 PM,252 Event OK
2/08/2020 9:04:29 PM,EVENT 51724 1596366794 0/0/0/0/7 INPUT 4 0 12 v:121
2/08/2020 9:04:29 PM,252 Event OK
2/08/2020 9:04:30 PM,EVENT 51725 1596366795 0/0/0/0/7 INPUT 4 1 0 v:121
2/08/2020 9:04:30 PM,252 Event OK
2/08/2020 9:04:31 PM,EVENT 51726 1596366815 0/0/0/99/3 INPUT 4 0 21 v:121
2/08/2020 9:04:31 PM,252 Event OK
2/08/2020 9:04:32 PM,EVENT 51727 1596366815 0/0/0/99/3 INPUT 4 1 0 v:121
2/08/2020 9:04:32 PM,252 Event OK
2/08/2020 9:04:32 PM,EVENT 51728 1596366818 0/0/0/99/3 INPUT 4 0 3 v:121
2/08/2020 9:04:32 PM,252 Event OK
2/08/2020 9:04:33 PM,EVENT 51729 1596366818 0/0/0/99/3 INPUT 4 1 0 v:121
2/08/2020 9:04:33 PM,252 Event OK
2/08/2020 9:04:34 PM,EVENT 51730 1596366819 0/0/0/99/3 INPUT 7 1 0 v:121
2/08/2020 9:04:34 PM,252 Event OK
2/08/2020 9:04:34 PM,EVENT 51731 1596366819 0/0/0/99/3 INPUT 8 0 61 v:121
2/08/2020 9:04:34 PM,252 Event OK
2/08/2020 9:04:35 PM,EVENT 51732 1596366820 0/0/0/99/3 INPUT 1 1 0 v:121
2/08/2020 9:04:35 PM,252 Event OK
2/08/2020 9:04:36 PM,EVENT 51733 1596366821 0/0/0/99/0 INPUT 4 0 3 v:121
2/08/2020 9:04:36 PM,252 Event OK
2/08/2020 9:04:36 PM,EVENT 51734 1596366822 0/0/0/99/0 INPUT 8 1 0 v:121
2/08/2020 9:04:36 PM,252 Event OK
2/08/2020 9:04:37 PM,EVENT 51735 1596366823 0/0/0/99/0 INPUT 7 0 3 v:121
2/08/2020 9:04:37 PM,252 Event OK
2/08/2020 9:04:38 PM,EVENT 51736 1596366828 0/0/0/0/0 INPUT 4 1 0 v:122
2/08/2020 9:04:38 PM,252 Event OK
2/08/2020 9:04:39 PM,EVENT 51737 1596366829 0/0/0/0/0 INPUT 1 0 9 v:122
2/08/2020 9:04:39 PM,252 Event OK
2/08/2020 9:04:40 PM,EVENT 51738 1596366830 0/0/0/0/0 OILPRESSURE 51717 6 v:122
2/08/2020 9:04:40 PM,252 Event OK
2/08/2020 9:04:41 PM,EVENT 51739 1596366952 0/0/0/0/0 INPUT 4 0 125 v:122
2/08/2020 9:04:41 PM,252 Event OK
2/08/2020 9:04:42 PM,EVENT 51740 1596366952 0/0/0/0/0 INPUT 4 1 0 v:122
2/08/2020 9:04:42 PM,252 Event OK
2/08/2020 9:04:43 PM,EVENT 51741 1596366996 0/0/0/0/6 INPUT 3 1 0 v:122
2/08/2020 9:04:43 PM,252 Event OK
2/08/2020 9:04:44 PM,EVENT 51742 1596367157 0/0/0/99/10 INPUT 3 0 162 v:121
2/08/2020 9:04:44 PM,252 Event OK
2/08/2020 9:04:45 PM,EVENT 51743 1596367176 0/0/0/0/0 REPORT 51717 0 0 v:121
2/08/2020 9:04:45 PM,252 Event OK
2/08/2020 9:04:46 PM,EVENT 51744 1596367211 0/0/0/0/3 INPUT 7 1 0 v:121
2/08/2020 9:04:46 PM,252 Event OK
2/08/2020 9:04:46 PM,EVENT 51745 1596367211 0/0/0/0/3 INPUT 8 0 389 v:121
2/08/2020 9:04:46 PM,252 Event OK
2/08/2020 9:04:47 PM,EVENT 51746 1596367211 0/0/0/0/3 INPUT 1 1 0 v:121
2/08/2020 9:04:47 PM,252 Event OK
2/08/2020 9:04:48 PM,EVENT 51747 1596367213 0/0/0/0/3 INPUT 4 0 261 v:121
2/08/2020 9:04:48 PM,252 Event OK
2/08/2020 9:04:49 PM,EVENT 51748 1596367216 0/0/0/0/0 TRIP 51717 163 262 14 6 439 v:121
2/08/2020 9:04:49 PM,252 Event OK
2/08/2020 9:04:50 PM,EVENT 51749 1596367216 0/0/0/0/0 TRIPSUMMARY 51717 v:121
2/08/2020 9:04:50 PM,252 Event OK
2/08/2020 9:04:51 PM,EVENT 51750 1596367615 0/0/0/0/0 INPUT 8 1 0 v:121
2/08/2020 9:04:51 PM,252 Event OK
2/08/2020 9:04:52 PM,EVENT 51751 1596367616 0/0/0/0/0 INPUT 7 0 404 v:121
2/08/2020 9:04:52 PM,252 Event OK
2/08/2020 9:04:52 PM,EVENT 51752 1596367624 0/0/0/0/0 SIGNON 2521 03cffbfc OK 26 180201 0 v:122
2/08/2020 9:04:52 PM,252 Event OK
2/08/2020 9:04:53 PM,EVENT 51753 1596367629 0/0/0/0/0 INPUT 7 1 0 v:122
2/08/2020 9:04:53 PM,252 Event OK
2/08/2020 9:04:53 PM,EVENT 51754 1596367629 0/0/0/0/0 INPUT 7 0 1 v:122
2/08/2020 9:04:53 PM,252 Event OK
2/08/2020 9:04:53 PM,EVENT 51755 1596367630 0/0/0/0/0 INPUT 4 1 0 v:122
2/08/2020 9:04:53 PM,252 Event OK
2/08/2020 9:04:53 PM,EVENT 51756 1596367630 0/0/0/0/0 INPUT 1 0 419 v:122
2/08/2020 9:04:53 PM,252 Event OK
2/08/2020 9:04:54 PM,EVENT 51757 1596367632 0/0/0/0/3 OILPRESSURE 51752 3 v:122
2/08/2020 9:04:54 PM,252 Event OK
2/08/2020 9:04:54 PM,EVENT 51758 1596367678 0/0/0/0/0 INPUT 4 0 48 v:122
2/08/2020 9:04:54 PM,252 Event OK
2/08/2020 9:04:54 PM,EVENT 51759 1596367678 0/0/0/0/0 INPUT 4 1 0 v:122
2/08/2020 9:04:54 PM,252 Event OK
2/08/2020 9:04:54 PM,EVENT 51760 1596367711 0/0/0/0/6 INPUT 3 1 0 v:121
2/08/2020 9:04:54 PM,252 Event OK
2/08/2020 9:04:54 PM,EVENT 51761 1596367835 0/0/0/99/11 INPUT 3 0 123 v:121
2/08/2020 9:04:54 PM,252 Event OK
2/08/2020 9:04:55 PM,EVENT 51762 1596367850 0/0/0/0/6 INPUT 3 1 0 v:122
2/08/2020 9:04:55 PM,252 Event OK
2/08/2020 9:04:55 PM,EVENT 51763 1596367851 0/0/0/0/8 INPUT 3 0 1 v:121
2/08/2020 9:04:55 PM,252 Event OK
2/08/2020 9:04:55 PM,EVENT 51764 1596367870 0/0/0/0/6 INPUT 3 1 0 v:122
2/08/2020 9:04:55 PM,252 Event OK
2/08/2020 9:04:55 PM,EVENT 51765 1596367875 0/0/0/0/11 INPUT 3 0 6 v:122
2/08/2020 9:04:55 PM,252 Event OK
2/08/2020 9:04:55 PM,EVENT 51766 1596367876 0/0/0/0/10 INPUT 3 1 0 v:121
2/08/2020 9:04:55 PM,252 Event OK
2/08/2020 9:04:56 PM,EVENT 51767 1596367993 0/0/0/0/12 INPUT 3 0 117 v:121
2/08/2020 9:04:56 PM,252 Event OK
2/08/2020 9:04:56 PM,EVENT 51768 1596368025 0/0/0/0/3 INPUT 4 0 347 v:121
2/08/2020 9:04:56 PM,252 Event OK
2/08/2020 9:04:56 PM,EVENT 51769 1596368026 0/0/0/0/3 INPUT 4 1 0 v:121
2/08/2020 9:04:56 PM,252 Event OK
2/08/2020 9:04:56 PM,EVENT 51770 1596368034 0/0/0/0/3 INPUT 4 0 9 v:121
2/08/2020 9:04:56 PM,252 Event OK
2/08/2020 9:04:57 PM,EVENT 51771 1596368035 0/0/0/0/3 INPUT 4 1 0 v:121
2/08/2020 9:04:57 PM,252 Event OK
2/08/2020 9:04:57 PM,EVENT 51772 1596368062 0/0/0/0/8 INPUT 3 1 0 v:121
2/08/2020 9:04:57 PM,252 Event OK
2/08/2020 9:04:57 PM,EVENT 51773 1596368070 0/0/0/0/9 INPUT 3 0 8 v:122
2/08/2020 9:04:57 PM,252 Event OK
2/08/2020 9:04:57 PM,EVENT 51774 1596368079 0/0/0/0/8 INPUT 3 1 0 v:121
2/08/2020 9:04:57 PM,252 Event OK
2/08/2020 9:04:57 PM,EVENT 51775 1596368081 0/0/0/0/9 INPUT 3 0 1 v:121
2/08/2020 9:04:57 PM,252 Event OK
2/08/2020 9:04:58 PM,EVENT 51776 1596368083 0/0/0/0/8 INPUT 3 1 0 v:121
2/08/2020 9:04:58 PM,252 Event OK
2/08/2020 9:04:58 PM,EVENT 51777 1596368084 0/0/0/0/9 INPUT 3 0 1 v:121
2/08/2020 9:04:58 PM,252 Event OK
2/08/2020 9:04:58 PM,EVENT 51778 1596368091 0/0/0/0/5 INPUT 3 1 0 v:121
2/08/2020 9:04:58 PM,252 Event OK
2/08/2020 9:04:58 PM,EVENT 51779 1596368094 0/0/0/0/13 ENGINEOVERSPEED 51752 11 3769 v:121
2/08/2020 9:04:58 PM,252 Event OK
2/08/2020 9:04:58 PM,EVENT 51780 1596368219 0/0/0/0/12 INPUT 3 0 128 v:122
2/08/2020 9:04:58 PM,252 Event OK
2/08/2020 9:04:59 PM,EVENT 51781 1596368241 0/0/0/0/5 INPUT 3 1 0 v:121
2/08/2020 9:04:59 PM,252 Event OK
2/08/2020 9:04:59 PM,EVENT 51782 1596368269 0/0/0/0/9 INPUT 3 0 28 v:121
2/08/2020 9:04:59 PM,252 Event OK
2/08/2020 9:04:59 PM,EVENT 51783 1596368500 0/0/0/0/3 INPUT 4 0 466 v:121
2/08/2020 9:04:59 PM,252 Event OK
2/08/2020 9:04:59 PM,EVENT 51784 1596368500 0/0/0/0/3 INPUT 4 1 0 v:121
2/08/2020 9:04:59 PM,252 Event OK
2/08/2020 9:05:00 PM,EVENT 51785 1596368510 0/0/0/99/5 INPUT 3 1 0 v:121
2/08/2020 9:05:00 PM,252 Event OK
2/08/2020 9:05:00 PM,EVENT 51786 1596368513 0/0/0/99/11 INPUT 3 0 3 v:121
2/08/2020 9:05:00 PM,252 Event OK
2/08/2020 9:05:00 PM,EVENT 51787 1596368514 0/0/0/99/8 INPUT 3 1 0 v:121
2/08/2020 9:05:00 PM,252 Event OK
2/08/2020 9:05:00 PM,EVENT 51788 1596368902 0/0/0/0/11 INPUT 3 0 388 v:121
2/08/2020 9:05:00 PM,252 Event OK
2/08/2020 9:05:01 PM,EVENT 51789 1596368904 0/0/0/0/5 INPUT 7 1 0 v:121
2/08/2020 9:05:01 PM,252 Event OK
2/08/2020 9:05:01 PM,EVENT 51790 1596368904 0/0/0/0/5 INPUT 8 0 1288 v:121
2/08/2020 9:05:01 PM,252 Event OK
2/08/2020 9:05:01 PM,EVENT 51791 1596368904 0/0/0/0/5 INPUT 1 1 0 v:121
2/08/2020 9:05:01 PM,252 Event OK
2/08/2020 9:05:02 PM,EVENT 51792 1596368906 0/0/0/0/5 INPUT 4 0 406 v:121
2/08/2020 9:05:02 PM,252 Event OK
2/08/2020 9:05:02 PM,EVENT 51793 1596368908 0/0/0/0/0 TRIP 51752 804 472 9 7 1285 v:121
2/08/2020 9:05:02 PM,252 Event OK
2/08/2020 9:05:03 PM,EVENT 51794 1596368908 0/0/0/0/0 TRIPSUMMARY 51752 v:121
2/08/2020 9:05:03 PM,252 Event OK
2/08/2020 9:05:03 PM,EVENT 51795 1596368986 0/0/0/0/0 INPUT 8 1 0 v:121
2/08/2020 9:05:03 PM,252 Event OK
2/08/2020 9:05:03 PM,EVENT 51796 1596368987 0/0/0/0/0 INPUT 7 0 83 v:121
2/08/2020 9:05:03 PM,252 Event OK
2/08/2020 9:05:03 PM,EVENT 51797 1596368995 0/0/0/0/0 SIGNON 2521 03cffbfc OK 26 180201 0 v:121
2/08/2020 9:05:03 PM,252 Event OK
2/08/2020 9:05:04 PM,EVENT 51798 1596369000 0/0/0/0/0 INPUT 4 1 0 v:122
2/08/2020 9:05:04 PM,252 Event OK
2/08/2020 9:05:04 PM,EVENT 51799 1596369001 0/0/0/0/0 INPUT 1 0 96 v:122
2/08/2020 9:05:04 PM,252 Event OK
2/08/2020 9:05:04 PM,EVENT 51800 1596369002 0/0/0/0/0 OILPRESSURE 51797 2 v:122
2/08/2020 9:05:04 PM,252 Event OK
2/08/2020 9:05:04 PM,EVENT 51801 1596369006 0/0/0/0/0 REPORT 51797 0 0 v:121
2/08/2020 9:05:04 PM,252 Event OK
2/08/2020 9:05:04 PM,EVENT 51802 1596369010 0/0/0/0/2 INPUT 4 0 11 v:121
2/08/2020 9:05:04 PM,252 Event OK
2/08/2020 9:05:05 PM,EVENT 51803 1596369010 0/0/0/0/2 INPUT 4 1 0 v:121
2/08/2020 9:05:05 PM,252 Event OK
2/08/2020 9:05:05 PM,EVENT 51804 1596369026 0/0/0/0/7 INPUT 3 1 0 v:121
2/08/2020 9:05:05 PM,252 Event OK
2/08/2020 9:05:05 PM,EVENT 51805 1596369612 0/0/0/0/10 INPUT 3 0 587 v:121
2/08/2020 9:05:05 PM,252 Event OK
2/08/2020 9:05:06 PM,EVENT 51806 1596369853 0/0/0/0/0 INPUT 4 0 843 v:121
2/08/2020 9:05:06 PM,252 Event OK
2/08/2020 9:05:06 PM,EVENT 51807 1596369854 0/0/0/0/0 INPUT 4 1 0 v:121
2/08/2020 9:05:06 PM,252 Event OK
2/08/2020 9:05:06 PM,EVENT 51808 1596369883 0/0/0/0/4 INPUT 4 0 30 v:121
2/08/2020 9:05:06 PM,252 Event OK
2/08/2020 9:05:06 PM,EVENT 51809 1596369883 0/0/0/0/4 INPUT 4 1 0 v:121
2/08/2020 9:05:06 PM,252 Event OK
2/08/2020 9:05:07 PM,EVENT 51810 1596369888 0/0/0/0/3 INPUT 7 1 0 v:122
2/08/2020 9:05:07 PM,252 Event OK
2/08/2020 9:05:07 PM,EVENT 51811 1596369888 0/0/0/0/3 INPUT 8 0 902 v:121
2/08/2020 9:05:07 PM,252 Event OK
2/08/2020 9:05:07 PM,EVENT 51812 1596369888 0/0/0/0/3 INPUT 1 1 0 v:121
2/08/2020 9:05:07 PM,252 Event OK
2/08/2020 9:05:07 PM,EVENT 51813 1596369890 0/0/0/0/0 INPUT 4 0 7 v:121
2/08/2020 9:05:07 PM,252 Event OK
2/08/2020 9:05:08 PM,EVENT 51814 1596369892 0/0/0/0/0 TRIP 51797 587 304 7 5 898 v:121
2/08/2020 9:05:08 PM,252 Event OK
2/08/2020 9:05:08 PM,EVENT 51815 1596369892 0/0/0/0/0 TRIPSUMMARY 51797 v:121
2/08/2020 9:05:08 PM,252 Event OK
2/08/2020 9:05:08 PM,EVENT 51816 1596370236 0/0/0/99/0 INPUT 8 1 0 v:121
2/08/2020 9:05:08 PM,252 Event OK
2/08/2020 9:05:08 PM,EVENT 51817 1596370236 0/0/0/99/0 INPUT 7 0 348 v:121
2/08/2020 9:05:08 PM,252 Event OK
2/08/2020 9:05:08 PM,EVENT 51818 1596370244 0/0/0/99/0 SIGNON 2521 03cffbfc OK 26 180201 0 v:121
2/08/2020 9:05:08 PM,252 Event OK
2/08/2020 9:05:09 PM,EVENT 51819 1596370250 0/0/0/99/0 INPUT 4 1 0 v:122
2/08/2020 9:05:09 PM,252 Event OK
2/08/2020 9:05:09 PM,EVENT 51820 1596370251 0/0/0/99/0 INPUT 1 0 363 v:122
2/08/2020 9:05:09 PM,252 Event OK
2/08/2020 9:05:09 PM,EVENT 51821 1596370252 0/0/0/99/3 OILPRESSURE 51818 3 v:122
2/08/2020 9:05:09 PM,252 Event OK
2/08/2020 9:05:09 PM,EVENT 51822 1596370254 0/0/0/99/5 INPUT 3 1 0 v:121
2/08/2020 9:05:09 PM,252 Event OK
2/08/2020 9:05:10 PM,EVENT 51823 1596370260 0/0/0/99/9 INPUT 3 0 6 v:121
2/08/2020 9:05:10 PM,252 Event OK
2/08/2020 9:05:10 PM,EVENT 51824 1596370285 0/0/0/0/3 INPUT 4 0 36 v:121
2/08/2020 9:05:10 PM,252 Event OK
2/08/2020 9:05:10 PM,EVENT 51825 1596370286 0/0/0/0/3 INPUT 4 1 0 v:121
2/08/2020 9:05:10 PM,252 Event OK
2/08/2020 9:05:10 PM,EVENT 51826 1596370289 0/0/0/0/0 INPUT 4 0 4 v:121
2/08/2020 9:05:10 PM,252 Event OK
2/08/2020 9:05:10 PM,EVENT 51827 1596370289 0/0/0/0/0 INPUT 4 1 0 v:121
2/08/2020 9:05:10 PM,252 Event OK
2/08/2020 9:05:11 PM,EVENT 51828 1596370290 0/0/0/0/0 INPUT 7 1 0 v:121
2/08/2020 9:05:11 PM,252 Event OK
2/08/2020 9:05:11 PM,EVENT 51829 1596370290 0/0/0/0/0 INPUT 8 0 55 v:121
2/08/2020 9:05:11 PM,252 Event OK
2/08/2020 9:05:11 PM,EVENT 51830 1596370291 0/0/0/0/0 INPUT 1 1 0 v:121
2/08/2020 9:05:11 PM,252 Event OK
2/08/2020 9:05:11 PM,EVENT 51831 1596370292 0/0/0/0/0 INPUT 4 0 3 v:121
2/08/2020 9:05:11 PM,252 Event OK
2/08/2020 9:05:11 PM,EVENT 51832 1596370295 0/0/0/0/0 TRIP 51818 6 37 9 6 52 v:121
2/08/2020 9:05:11 PM,252 Event OK
2/08/2020 9:05:12 PM,EVENT 51833 1596370295 0/0/0/0/0 TRIPSUMMARY 51818 v:121
2/08/2020 9:05:12 PM,252 Event OK
2/08/2020 9:05:12 PM,EVENT 51834 1596371062 0/0/0/0/0 INPUT 8 1 0 v:121
2/08/2020 9:05:12 PM,252 Event OK
2/08/2020 9:05:12 PM,EVENT 51835 1596371063 0/0/0/0/0 INPUT 7 0 772 v:121
2/08/2020 9:05:12 PM,252 Event OK
2/08/2020 9:05:13 PM,EVENT 51836 1596371072 0/0/0/0/0 SIGNON 2521 03cffbfc OK 26 180201 0 v:122
2/08/2020 9:05:13 PM,252 Event OK
2/08/2020 9:05:13 PM,EVENT 51837 1596371077 0/0/0/0/0 INPUT 7 1 0 v:122
2/08/2020 9:05:13 PM,252 Event OK
2/08/2020 9:05:13 PM,EVENT 51838 1596371077 0/0/0/0/0 INPUT 4 1 0 v:122
2/08/2020 9:05:13 PM,252 Event OK
2/08/2020 9:05:13 PM,EVENT 51839 1596371077 0/0/0/0/0 INPUT 7 0 1 v:122
2/08/2020 9:05:13 PM,252 Event OK
2/08/2020 9:05:13 PM,EVENT 51840 1596371079 0/0/0/0/0 INPUT 1 0 789 v:122
2/08/2020 9:05:13 PM,252 Event OK
2/08/2020 9:05:14 PM,EVENT 51841 1596371080 0/0/0/0/0 REPORT 51836 0 0 v:122
2/08/2020 9:05:14 PM,252 Event OK
2/08/2020 9:05:14 PM,EVENT 51842 1596371081 0/0/0/0/6 OILPRESSURE 51836 4 v:122
2/08/2020 9:05:14 PM,252 Event OK
2/08/2020 9:05:14 PM,EVENT 51843 1596371082 0/0/0/0/6 INPUT 3 1 0 v:121
2/08/2020 9:05:14 PM,252 Event OK
2/08/2020 9:05:14 PM,EVENT 51844 1596371094 0/0/0/0/10 INPUT 3 0 12 v:121
2/08/2020 9:05:14 PM,252 Event OK
2/08/2020 9:05:15 PM,EVENT 51845 1596371096 0/0/0/0/5 INPUT 4 0 19 v:121
2/08/2020 9:05:15 PM,252 Event OK
2/08/2020 9:05:15 PM,EVENT 51846 1596371096 0/0/0/0/5 INPUT 4 1 0 v:121
2/08/2020 9:05:15 PM,252 Event OK
2/08/2020 9:05:15 PM,EVENT 51847 1596371100 0/0/0/0/3 INPUT 7 1 0 v:121
2/08/2020 9:05:15 PM,252 Event OK
2/08/2020 9:05:15 PM,EVENT 51848 1596371100 0/0/0/0/3 INPUT 8 0 37 v:121
2/08/2020 9:05:15 PM,252 Event OK
2/08/2020 9:05:15 PM,EVENT 51849 1596371100 0/0/0/0/3 INPUT 1 1 0 v:121
2/08/2020 9:05:15 PM,252 Event OK
2/08/2020 9:05:16 PM,EVENT 51850 1596371101 0/0/0/0/3 INPUT 4 0 5 v:121
2/08/2020 9:05:16 PM,252 Event OK
2/08/2020 9:05:16 PM,EVENT 51851 1596371104 0/0/0/0/0 TRIP 51836 12 12 9 6 33 v:121
2/08/2020 9:05:16 PM,252 Event OK
2/08/2020 9:05:16 PM,EVENT 51852 1596371104 0/0/0/0/0 TRIPSUMMARY 51836 v:121
2/08/2020 9:05:16 PM,252 Event OK
2/08/2020 9:05:16 PM,EVENT 51853 1596376008 0/0/0/0/0 SWSTART OpusFC 5.0.58.510 R v:122
2/08/2020 9:05:16 PM,252 Event OK
2/08/2020 9:05:17 PM,EVENT 51854 1596371104 0/0/0/0/0 POWERDOWN v:121
2/08/2020 9:05:17 PM,252 Event OK
2/08/2020 9:05:17 PM,EVENT 51855 1596376008 0/0/0/0/0 INPUT 1 1 0 v:122
2/08/2020 9:05:17 PM,252 Event OK
2/08/2020 9:05:17 PM,EVENT 51856 1596376008 0/0/0/0/0 INPUT 2 0 0 v:122
2/08/2020 9:05:17 PM,252 Event OK
2/08/2020 9:05:18 PM,EVENT 51857 1596376008 0/0/0/0/0 INPUT 3 0 0 v:122
2/08/2020 9:05:18 PM,252 Event OK
2/08/2020 9:05:18 PM,EVENT 51858 1596376008 0/0/0/0/0 INPUT 4 0 0 v:122
2/08/2020 9:05:18 PM,252 Event OK
2/08/2020 9:05:18 PM,EVENT 51859 1596376008 0/0/0/0/0 INPUT 7 0 0 v:122
2/08/2020 9:05:18 PM,252 Event OK
2/08/2020 9:05:18 PM,EVENT 51860 1596376008 0/0/0/0/0 INPUT 8 1 0 v:122
2/08/2020 9:05:18 PM,252 Event OK
2/08/2020 9:05:18 PM,EVENT 51861 1596376010 0/0/0/0/0 ZONE_OK 2 100 FW=NO VERSION v:122
2/08/2020 9:05:18 PM,252 Event OK
2/08/2020 9:05:19 PM,EVENT 51862 1596376017 0/0/0/0/0 SIGNON 2521 03cffbfc OK 26 180201 0 v:122
2/08/2020 9:05:19 PM,252 Event OK
2/08/2020 9:05:19 PM,EVENT 51863 1596376023 0/0/0/99/0 INPUT 7 1 0 v:122
2/08/2020 9:05:19 PM,252 Event OK
2/08/2020 9:05:19 PM,EVENT 51864 1596376023 0/0/0/99/0 INPUT 4 1 0 v:122
2/08/2020 9:05:19 PM,252 Event OK
2/08/2020 9:05:19 PM,EVENT 51865 1596376024 0/0/0/99/0 INPUT 7 0 2 v:122
2/08/2020 9:05:19 PM,252 Event OK
2/08/2020 9:05:20 PM,EVENT 51866 1596376026 0/0/0/99/2 LOWCOOLANT 51862 2 v:122
2/08/2020 9:05:20 PM,252 Event OK
2/08/2020 9:05:20 PM,EVENT 51867 1596376026 0/0/0/99/2 INPUT 1 0 18 v:122
2/08/2020 9:05:20 PM,252 Event OK
2/08/2020 9:05:20 PM,EVENT 51868 1596376028 0/0/0/99/3 OILPRESSURE 51862 6 v:121
2/08/2020 9:05:20 PM,252 Event OK
2/08/2020 9:05:20 PM,EVENT 51869 1596376046 0/0/0/0/7 INPUT 3 1 0 v:122
2/08/2020 9:05:20 PM,252 Event OK
2/08/2020 9:05:21 PM,EVENT 51870 1596376071 0/0/0/0/21 ENGINEOVERSPEED 51862 10 3616 v:122
2/08/2020 9:05:21 PM,252 Event OK
2/08/2020 9:05:21 PM,EVENT 51871 1596376127 0/0/0/0/27 ENGINEOVERSPEED 51862 14 3504 v:121
2/08/2020 9:05:21 PM,252 Event OK
2/08/2020 9:05:21 PM,EVENT 51872 1596376132 0/0/0/0/10 INPUT 3 0 87 v:122
2/08/2020 9:05:21 PM,252 Event OK
2/08/2020 9:05:21 PM,EVENT 51873 1596376133 0/0/0/0/9 INPUT 3 1 0 v:122
2/08/2020 9:05:21 PM,252 Event OK
2/08/2020 9:05:21 PM,EVENT 51874 1596376134 0/0/0/0/9 INPUT 3 0 1 v:121
2/08/2020 9:05:21 PM,252 Event OK
2/08/2020 9:05:22 PM,EVENT 51875 1596376173 0/0/0/0/5 INPUT 3 1 0 v:121
2/08/2020 9:05:22 PM,252 Event OK
2/08/2020 9:05:22 PM,EVENT 51876 1596376215 0/0/0/0/28 ENGINEOVERSPEED 51862 8 3416 v:122
2/08/2020 9:05:22 PM,252 Event OK
2/08/2020 9:05:22 PM,EVENT 51877 1596376261 0/0/0/0/12 INPUT 3 0 89 v:122
2/08/2020 9:05:22 PM,252 Event OK
2/08/2020 9:05:22 PM,EVENT 51878 1596376264 0/0/0/0/3 INPUT 7 1 0 v:121
2/08/2020 9:05:22 PM,252 Event OK
2/08/2020 9:05:23 PM,EVENT 51879 1596376264 0/0/0/0/3 INPUT 8 0 256 v:121
2/08/2020 9:05:23 PM,252 Event OK
2/08/2020 9:05:23 PM,EVENT 51880 1596376265 0/0/0/0/3 INPUT 1 1 0 v:121
2/08/2020 9:05:23 PM,252 Event OK
2/08/2020 9:05:23 PM,EVENT 51881 1596376266 0/0/0/0/3 INPUT 4 0 243 v:121
2/08/2020 9:05:23 PM,252 Event OK
2/08/2020 9:05:23 PM,EVENT 51882 1596376269 0/0/0/0/0 TRIP 51862 177 66 9 6 252 v:121
2/08/2020 9:05:23 PM,252 Event OK
2/08/2020 9:05:23 PM,EVENT 51883 1596376269 0/0/0/0/0 TRIPSUMMARY 51862 v:121
2/08/2020 9:05:23 PM,252 Event OK
2/08/2020 9:05:24 PM,EVENT 51884 1596376315 0/0/0/0/0 REPORT * 0 0 v:121
2/08/2020 9:05:24 PM,252 Event OK
2/08/2020 9:05:24 PM,EVENT 51885 1596381070 0/0/0/0/0 SWSTART OpusFC 5.0.58.510 R v:121
2/08/2020 9:05:24 PM,252 Event OK
2/08/2020 9:05:24 PM,EVENT 51886 1596376269 0/0/0/0/0 POWERDOWN v:121
2/08/2020 9:05:24 PM,252 Event OK
2/08/2020 9:05:24 PM,EVENT 51887 1596381070 0/0/0/0/0 INPUT 1 1 0 v:121
2/08/2020 9:05:24 PM,252 Event OK
2/08/2020 9:05:25 PM,EVENT 51888 1596381070 0/0/0/0/0 INPUT 2 0 0 v:121
2/08/2020 9:05:25 PM,252 Event OK
2/08/2020 9:05:25 PM,EVENT 51889 1596381070 0/0/0/0/0 INPUT 3 0 0 v:121
2/08/2020 9:05:25 PM,252 Event OK
2/08/2020 9:05:25 PM,EVENT 51890 1596381070 0/0/0/0/0 INPUT 4 0 0 v:121
2/08/2020 9:05:25 PM,252 Event OK
2/08/2020 9:05:25 PM,EVENT 51891 1596381070 0/0/0/0/0 INPUT 7 0 0 v:121
2/08/2020 9:05:25 PM,252 Event OK
2/08/2020 9:05:26 PM,EVENT 51892 1596381070 0/0/0/0/0 INPUT 8 1 0 v:121
2/08/2020 9:05:26 PM,252 Event OK
2/08/2020 9:05:26 PM,EVENT 51893 1596381072 0/0/0/0/0 ZONE_OK 2 100 FW=NO VERSION v:121
2/08/2020 9:05:26 PM,252 Event OK
2/08/2020 9:05:26 PM,EVENT 51894 1596381079 0/0/0/0/0 SIGNON 2521 03cffbfc OK 26 180201 0 v:121
2/08/2020 9:05:26 PM,252 Event OK
2/08/2020 9:05:26 PM,EVENT 51895 1596381089 0/0/0/99/0 INPUT 7 1 0 v:122
2/08/2020 9:05:26 PM,252 Event OK
2/08/2020 9:05:27 PM,EVENT 51896 1596381089 0/0/0/99/0 INPUT 4 1 0 v:122
2/08/2020 9:05:27 PM,252 Event OK
2/08/2020 9:05:27 PM,EVENT 51897 1596381090 0/0/0/99/0 INPUT 7 0 1 v:122
2/08/2020 9:05:27 PM,252 Event OK
2/08/2020 9:05:27 PM,EVENT 51898 1596381092 0/0/0/99/0 INPUT 1 0 21 v:122
2/08/2020 9:05:27 PM,252 Event OK
2/08/2020 9:05:27 PM,EVENT 51899 1596381093 0/0/0/99/4 OILPRESSURE 51894 9 v:121
2/08/2020 9:05:27 PM,252 Event OK
2/08/2020 9:05:27 PM,EVENT 51900 1596381122 0/0/0/0/6 INPUT 3 1 0 v:121
2/08/2020 9:05:27 PM,252 Event OK
2/08/2020 9:05:28 PM,EVENT 51901 1596381193 0/0/0/0/22 ENGINEOVERSPEED 51894 16 3530 v:121
2/08/2020 9:05:28 PM,252 Event OK
2/08/2020 9:05:28 PM,EVENT 51902 1596381279 0/0/0/0/13 INPUT 3 0 157 v:121
2/08/2020 9:05:28 PM,252 Event OK
2/08/2020 9:05:28 PM,EVENT 51903 1596381303 0/0/0/0/6 INPUT 3 1 0 v:122
2/08/2020 9:05:28 PM,252 Event OK
2/08/2020 9:05:28 PM,EVENT 51904 1596381445 0/0/0/99/21 ENGINEOVERSPEED 51894 19 3510 v:121
2/08/2020 9:05:28 PM,252 Event OK
2/08/2020 9:05:29 PM,EVENT 51905 1596381646 0/0/0/0/13 INPUT 3 0 343 v:121
2/08/2020 9:05:29 PM,252 Event OK
2/08/2020 9:05:29 PM,EVENT 51906 1596381686 0/0/0/0/7 INPUT 3 1 0 v:122
2/08/2020 9:05:29 PM,252 Event OK
2/08/2020 9:05:29 PM,EVENT 51907 1596381808 0/0/0/0/10 INPUT 3 0 123 v:121
2/08/2020 9:05:29 PM,252 Event OK
2/08/2020 9:05:29 PM,EVENT 51908 1596381812 0/0/0/0/6 INPUT 3 1 0 v:121
2/08/2020 9:05:29 PM,252 Event OK
2/08/2020 9:05:29 PM,EVENT 51909 1596381813 0/0/0/0/9 INPUT 3 0 2 v:121
2/08/2020 9:05:29 PM,252 Event OK
2/08/2020 9:05:30 PM,EVENT 51910 1596381816 0/0/0/0/6 INPUT 4 0 727 v:121
2/08/2020 9:05:30 PM,252 Event OK
2/08/2020 9:05:30 PM,EVENT 51911 1596381816 0/0/0/0/6 INPUT 4 1 0 v:121
2/08/2020 9:05:30 PM,252 Event OK
2/08/2020 9:05:30 PM,EVENT 51912 1596381876 0/0/0/0/5 INPUT 3 1 0 v:122
2/08/2020 9:05:30 PM,252 Event OK
2/08/2020 9:05:31 PM,EVENT 51913 1596382005 0/0/0/0/14 INPUT 3 0 128 v:121
2/08/2020 9:05:31 PM,252 Event OK
2/08/2020 9:05:31 PM,EVENT 51914 1596382022 0/0/0/0/4 INPUT 3 1 0 v:122
2/08/2020 9:05:31 PM,252 Event OK
2/08/2020 9:05:31 PM,EVENT 51915 1596382088 0/0/0/0/11 INPUT 3 0 66 v:121
2/08/2020 9:05:31 PM,252 Event OK
2/08/2020 9:05:31 PM,EVENT 51916 1596382090 0/0/0/0/10 ENGINEOVERSPEED 51894 30 3522 v:122
2/08/2020 9:05:31 PM,252 Event OK
2/08/2020 9:05:31 PM,EVENT 51917 1596382098 0/0/0/0/3 INPUT 4 0 282 v:121
2/08/2020 9:05:31 PM,252 Event OK
2/08/2020 9:05:32 PM,EVENT 51918 1596382098 0/0/0/0/3 INPUT 4 1 0 v:121
2/08/2020 9:05:32 PM,252 Event OK
2/08/2020 9:05:32 PM,EVENT 51919 1596382108 0/0/0/0/0 INPUT 7 1 0 v:121
2/08/2020 9:05:32 PM,252 Event OK
2/08/2020 9:05:32 PM,EVENT 51920 1596382108 0/0/0/0/0 INPUT 8 0 1038 v:121
2/08/2020 9:05:32 PM,252 Event OK
2/08/2020 9:05:33 PM,EVENT 51921 1596382109 0/0/0/0/0 REPORT 51894 0 0 v:121
2/08/2020 9:05:33 PM,252 Event OK
2/08/2020 9:05:33 PM,EVENT 51922 1596382109 0/0/0/0/0 INPUT 1 1 0 v:121
2/08/2020 9:05:33 PM,252 Event OK
2/08/2020 9:05:34 PM,EVENT 51923 1596382110 0/0/0/0/0 INPUT 4 0 12 v:121
2/08/2020 9:05:34 PM,252 Event OK
2/08/2020 9:05:34 PM,EVENT 51924 1596382113 0/0/0/0/0 TRIP 51894 819 202 13 10 1034 v:121
2/08/2020 9:05:34 PM,252 Event OK
2/08/2020 9:05:34 PM,EVENT 51925 1596382113 0/0/0/0/0 TRIPSUMMARY 51894 v:121
2/08/2020 9:05:34 PM,252 Event OK
2/08/2020 9:05:34 PM,EVENT 51926 1596382940 0/0/0/0/0 INPUT 8 1 0 v:121
2/08/2020 9:05:34 PM,252 Event OK
2/08/2020 9:05:35 PM,EVENT 51927 1596382940 0/0/0/0/0 INPUT 7 0 831 v:121
2/08/2020 9:05:35 PM,252 Event OK
2/08/2020 9:05:35 PM,EVENT 51928 1596382947 0/0/0/0/0 SIGNON 2521 03cffbfc OK 26 180201 0 v:121
2/08/2020 9:05:35 PM,252 Event OK
2/08/2020 9:05:35 PM,EVENT 51929 1596382953 0/0/0/0/0 INPUT 7 1 0 v:122
2/08/2020 9:05:35 PM,252 Event OK
2/08/2020 9:05:35 PM,EVENT 51930 1596382953 0/0/0/0/0 INPUT 4 1 0 v:122
2/08/2020 9:05:35 PM,252 Event OK
2/08/2020 9:05:36 PM,EVENT 51931 1596382953 0/0/0/0/0 INPUT 7 0 0 v:122
2/08/2020 9:05:36 PM,252 Event OK
2/08/2020 9:05:36 PM,EVENT 51932 1596382954 0/0/0/0/0 INPUT 1 0 845 v:122
2/08/2020 9:05:36 PM,252 Event OK
2/08/2020 9:05:36 PM,EVENT 51933 1596382955 0/0/0/0/0 OILPRESSURE 51928 3 v:122
2/08/2020 9:05:36 PM,252 Event OK
2/08/2020 9:05:36 PM,EVENT 51934 1596382963 0/0/0/0/6 INPUT 3 1 0 v:122
2/08/2020 9:05:36 PM,252 Event OK
2/08/2020 9:05:37 PM,EVENT 51935 1596382988 0/0/0/0/15 INPUT 3 0 25 v:121
2/08/2020 9:05:37 PM,252 Event OK
2/08/2020 9:05:37 PM,EVENT 51936 1596382991 0/0/0/0/8 INPUT 4 0 39 v:122
2/08/2020 9:05:37 PM,252 Event OK
2/08/2020 9:05:37 PM,EVENT 51937 1596382991 0/0/0/0/8 INPUT 4 1 0 v:122
2/08/2020 9:05:37 PM,252 Event OK
2/08/2020 9:05:37 PM,EVENT 51938 1596382996 0/0/0/0/2 INPUT 4 0 5 v:121
2/08/2020 9:05:37 PM,252 Event OK
2/08/2020 9:05:38 PM,EVENT 51939 1596382997 0/0/0/0/2 INPUT 4 1 0 v:121
2/08/2020 9:05:38 PM,252 Event OK
2/08/2020 9:05:38 PM,EVENT 51940 1596383004 0/0/0/0/3 INPUT 4 0 8 v:122
2/08/2020 9:05:38 PM,252 Event OK
2/08/2020 9:05:38 PM,EVENT 51941 1596383004 0/0/0/0/3 INPUT 4 1 0 v:122
2/08/2020 9:05:38 PM,252 Event OK
2/08/2020 9:05:38 PM,EVENT 51942 1596383012 0/0/0/0/0 INPUT 7 1 0 v:121
2/08/2020 9:05:38 PM,252 Event OK
2/08/2020 9:05:39 PM,EVENT 51943 1596383012 0/0/0/0/0 INPUT 8 0 73 v:121
2/08/2020 9:05:39 PM,252 Event OK
2/08/2020 9:05:39 PM,EVENT 51944 1596383013 0/0/0/0/0 INPUT 1 1 0 v:121
2/08/2020 9:05:39 PM,252 Event OK
2/08/2020 9:05:39 PM,EVENT 51945 1596383014 0/0/0/0/0 INPUT 4 0 10 v:121
2/08/2020 9:05:39 PM,252 Event OK
2/08/2020 9:05:39 PM,EVENT 51946 1596383017 0/0/0/0/0 TRIP 51928 25 37 9 6 71 v:121
2/08/2020 9:05:39 PM,252 Event OK
2/08/2020 9:05:40 PM,EVENT 51947 1596383017 0/0/0/0/0 TRIPSUMMARY 51928 v:121
2/08/2020 9:05:40 PM,252 Event OK
2/08/2020 9:05:40 PM,EVENT 51948 1596383138 0/0/0/0/0 INPUT 8 1 0 v:121
2/08/2020 9:05:40 PM,252 Event OK
2/08/2020 9:05:43 PM,EVENT 51949 1596383139 0/0/0/0/0 INPUT 7 0 126 v:121
2/08/2020 9:05:43 PM,252 Event OK
2/08/2020 9:05:43 PM,EVENT 51950 1596383149 0/0/0/0/0 SIGNON 2521 03cffbfc OK 26 180201 0 v:121
2/08/2020 9:05:43 PM,252 Event OK
2/08/2020 9:05:44 PM,EVENT 51951 1596383156 0/0/0/0/0 INPUT 4 1 0 v:122
2/08/2020 9:05:44 PM,252 Event OK
2/08/2020 9:05:44 PM,EVENT 51952 1596383156 0/0/0/0/0 INPUT 7 1 0 v:122
2/08/2020 9:05:44 PM,252 Event OK
2/08/2020 9:05:44 PM,EVENT 51953 1596383157 0/0/0/0/0 INPUT 7 0 1 v:122
2/08/2020 9:05:44 PM,252 Event OK
2/08/2020 9:05:44 PM,EVENT 51954 1596383158 0/0/0/0/0 INPUT 1 0 145 v:122
2/08/2020 9:05:44 PM,252 Event OK
2/08/2020 9:05:44 PM,EVENT 51955 1596383159 0/0/0/99/0 OILPRESSURE 51950 5 v:122
2/08/2020 9:05:44 PM,252 Event OK
2/08/2020 9:05:45 PM,EVENT 51956 1596383168 0/0/0/99/0 INPUT 7 1 0 v:121
2/08/2020 9:05:45 PM,252 Event OK
2/08/2020 9:05:45 PM,EVENT 51957 1596383168 0/0/0/99/0 INPUT 8 0 30 v:121
2/08/2020 9:05:45 PM,252 Event OK
2/08/2020 9:05:45 PM,EVENT 51958 1596383169 0/0/0/99/0 INPUT 1 1 0 v:121
2/08/2020 9:05:45 PM,252 Event OK
2/08/2020 9:05:45 PM,EVENT 51959 1596383170 0/0/0/99/0 INPUT 4 0 14 v:121
2/08/2020 9:05:45 PM,252 Event OK
2/08/2020 9:05:46 PM,EVENT 51960 1596383173 0/0/0/99/0 TRIP 51950 0 14 11 8 25 v:121
2/08/2020 9:05:46 PM,252 Event OK
2/08/2020 9:05:46 PM,EVENT 51961 1596383173 0/0/0/99/0 TRIPSUMMARY 51950 v:121
2/08/2020 9:05:46 PM,252 Event OK
2/08/2020 9:05:46 PM,EVENT 51962 1596383227 0/0/0/0/0 INPUT 8 1 0 v:121
2/08/2020 9:05:46 PM,252 Event OK
2/08/2020 9:05:46 PM,EVENT 51963 1596383228 0/0/0/0/0 INPUT 7 0 59 v:121
2/08/2020 9:05:46 PM,252 Event OK
2/08/2020 9:05:46 PM,EVENT 51964 1596383237 0/0/0/0/0 SIGNON 2521 03cffbfc OK 26 180201 0 v:121
2/08/2020 9:05:46 PM,252 Event OK
2/08/2020 9:05:47 PM,EVENT 51965 1596383242 0/0/0/0/0 INPUT 7 1 0 v:122
2/08/2020 9:05:47 PM,252 Event OK
2/08/2020 9:05:47 PM,EVENT 51966 1596383242 0/0/0/0/0 INPUT 4 1 0 v:122
2/08/2020 9:05:47 PM,252 Event OK
2/08/2020 9:05:47 PM,EVENT 51967 1596383243 0/0/0/0/0 INPUT 7 0 1 v:122
2/08/2020 9:05:47 PM,252 Event OK
2/08/2020 9:05:47 PM,EVENT 51968 1596383243 0/0/0/0/0 INPUT 1 0 75 v:122
2/08/2020 9:05:47 PM,252 Event OK
2/08/2020 9:05:48 PM,EVENT 51969 1596383245 0/0/0/0/0 OILPRESSURE 51964 3 v:122
2/08/2020 9:05:48 PM,252 Event OK
2/08/2020 9:05:48 PM,EVENT 51970 1596383267 0/0/0/0/0 INPUT 4 0 25 v:122
2/08/2020 9:05:48 PM,252 Event OK
2/08/2020 9:05:48 PM,EVENT 51971 1596383267 0/0/0/0/0 INPUT 4 1 0 v:122
2/08/2020 9:05:48 PM,252 Event OK
2/08/2020 9:05:48 PM,EVENT 51972 1596383326 0/0/0/0/0 INPUT 7 1 0 v:122
2/08/2020 9:05:48 PM,252 Event OK
2/08/2020 9:05:48 PM,EVENT 51973 1596383326 0/0/0/0/0 INPUT 8 0 100 v:121
2/08/2020 9:05:48 PM,252 Event OK
2/08/2020 9:05:49 PM,EVENT 51974 1596383326 0/0/0/0/0 INPUT 1 1 0 v:121
2/08/2020 9:05:49 PM,252 Event OK
2/08/2020 9:05:49 PM,EVENT 51975 1596383328 0/0/0/0/0 INPUT 4 0 61 v:121
2/08/2020 9:05:49 PM,252 Event OK
2/08/2020 9:05:49 PM,EVENT 51976 1596383330 0/0/0/0/0 TRIP 51964 0 86 8 6 94 v:121
2/08/2020 9:05:49 PM,252 Event OK
2/08/2020 9:05:49 PM,EVENT 51977 1596383330 0/0/0/0/0 TRIPSUMMARY 51964 v:121
2/08/2020 9:05:49 PM,252 Event OK
2/08/2020 9:05:50 PM,EVENT 51978 1596383467 0/0/0/0/0 INPUT 8 1 0 v:121
2/08/2020 9:05:50 PM,252 Event OK
2/08/2020 9:05:50 PM,EVENT 51979 1596383467 0/0/0/0/0 INPUT 7 0 142 v:121
2/08/2020 9:05:50 PM,252 Event OK
2/08/2020 9:05:50 PM,EVENT 51980 1596383485 0/0/0/0/0 INPUT 7 1 0 v:121
2/08/2020 9:05:50 PM,252 Event OK
2/08/2020 9:05:50 PM,EVENT 51981 1596383485 0/0/0/0/0 INPUT 8 0 18 v:121
2/08/2020 9:05:50 PM,252 Event OK
2/08/2020 9:05:51 PM,EVENT 51982 1596383487 0/0/0/0/0 INPUT 8 1 0 v:121
2/08/2020 9:05:51 PM,252 Event OK
2/08/2020 9:05:51 PM,EVENT 51983 1596383487 0/0/0/0/0 INPUT 7 0 2 v:121
2/08/2020 9:05:51 PM,252 Event OK
2/08/2020 9:05:51 PM,EVENT 51984 1596383488 0/0/0/0/0 INPUT 7 1 0 v:121
2/08/2020 9:05:51 PM,252 Event OK
2/08/2020 9:05:51 PM,EVENT 51985 1596383488 0/0/0/0/0 INPUT 8 0 1 v:121
2/08/2020 9:05:51 PM,252 Event OK
2/08/2020 9:05:52 PM,EVENT 51986 1596383605 0/0/0/0/0 INPUT 8 1 0 v:121
2/08/2020 9:05:52 PM,252 Event OK
2/08/2020 9:05:52 PM,EVENT 51987 1596383606 0/0/0/0/0 INPUT 7 0 118 v:121
2/08/2020 9:05:52 PM,252 Event OK
2/08/2020 9:05:52 PM,EVENT 51988 1596383613 0/0/0/0/0 SIGNON 2521 03cffbfc OK 26 180201 0 v:121
2/08/2020 9:05:52 PM,252 Event OK
2/08/2020 9:05:53 PM,EVENT 51989 1596383621 0/0/0/0/3 INPUT 7 1 0 v:122
2/08/2020 9:05:53 PM,252 Event OK
2/08/2020 9:05:53 PM,EVENT 51990 1596383621 0/0/0/0/3 INPUT 7 0 1 v:122
2/08/2020 9:05:53 PM,252 Event OK
2/08/2020 9:05:53 PM,EVENT 51991 1596383622 0/0/0/0/3 INPUT 4 1 0 v:122
2/08/2020 9:05:53 PM,252 Event OK
2/08/2020 9:05:53 PM,EVENT 51992 1596383622 0/0/0/0/3 INPUT 1 0 295 v:122
2/08/2020 9:05:53 PM,252 Event OK
2/08/2020 9:05:53 PM,EVENT 51993 1596383623 0/0/0/0/0 OILPRESSURE 51988 4 v:122
2/08/2020 9:05:53 PM,252 Event OK
2/08/2020 9:05:54 PM,EVENT 51994 1596383629 0/0/0/0/8 INPUT 3 1 0 v:122
2/08/2020 9:05:54 PM,252 Event OK
2/08/2020 9:05:54 PM,EVENT 51995 1596383852 0/0/0/99/21 ENGINEOVERSPEED 51988 7 3525 v:122
2/08/2020 9:05:54 PM,252 Event OK
2/08/2020 9:05:54 PM,EVENT 51996 1596383913 0/0/0/0/13 INPUT 3 0 283 v:122
2/08/2020 9:05:54 PM,252 Event OK
2/08/2020 9:05:54 PM,EVENT 51997 1596383918 0/0/0/0/8 INPUT 3 1 0 v:121
2/08/2020 9:05:54 PM,252 Event OK
2/08/2020 9:05:55 PM,EVENT 51998 1596383919 0/0/0/0/9 INPUT 3 0 1 v:121
2/08/2020 9:05:55 PM,252 Event OK
2/08/2020 9:05:55 PM,EVENT 51999 1596383921 0/0/0/0/8 INPUT 3 1 0 v:122
2/08/2020 9:05:55 PM,252 Event OK
2/08/2020 9:05:55 PM,EVENT 52000 1596383945 0/0/0/0/12 INPUT 3 0 25 v:122
2/08/2020 9:05:55 PM,252 Event OK
2/08/2020 9:05:55 PM,EVENT 52001 1596383946 0/0/0/0/11 REPORT 51988 0 0 v:122
2/08/2020 9:05:55 PM,252 Event OK
2/08/2020 9:05:55 PM,EVENT 52002 1596383952 0/0/0/0/0 INPUT 7 1 0 v:122
2/08/2020 9:05:55 PM,252 Event OK
2/08/2020 9:05:56 PM,EVENT 52003 1596383952 0/0/0/0/0 INPUT 8 0 346 v:122
2/08/2020 9:05:56 PM,252 Event OK
2/08/2020 9:05:56 PM,EVENT 52004 1596383952 0/0/0/0/0 INPUT 1 1 0 v:122
2/08/2020 9:05:56 PM,252 Event OK
2/08/2020 9:05:56 PM,EVENT 52005 1596383954 0/0/0/0/0 INPUT 4 0 333 v:121
2/08/2020 9:05:56 PM,252 Event OK
2/08/2020 9:05:56 PM,EVENT 52006 1596383956 0/0/0/0/0 TRIP 51988 309 24 10 8 343 v:121
2/08/2020 9:05:56 PM,252 Event OK
2/08/2020 9:05:57 PM,EVENT 52007 1596383956 0/0/0/0/0 TRIPSUMMARY 51988 v:121
2/08/2020 9:05:57 PM,252 Event OK
2/08/2020 9:05:57 PM,EVENT 52008 1596384705 0/0/0/0/0 INPUT 8 1 0 v:121
2/08/2020 9:05:57 PM,252 Event OK
2/08/2020 9:05:57 PM,EVENT 52009 1596384706 0/0/0/0/0 INPUT 7 0 754 v:121
2/08/2020 9:05:57 PM,252 Event OK
2/08/2020 9:05:57 PM,EVENT 52010 1596384714 0/0/0/0/0 SIGNON 2521 03cffbfc OK 26 180201 0 v:122
2/08/2020 9:05:57 PM,252 Event OK
2/08/2020 9:05:58 PM,EVENT 52011 1596384719 0/0/0/0/0 INPUT 7 1 0 v:122
2/08/2020 9:05:58 PM,252 Event OK
2/08/2020 9:05:58 PM,EVENT 52012 1596384720 0/0/0/0/0 INPUT 7 0 1 v:122
2/08/2020 9:05:58 PM,252 Event OK
2/08/2020 9:05:58 PM,EVENT 52013 1596384720 0/0/0/0/0 INPUT 4 1 0 v:122
2/08/2020 9:05:58 PM,252 Event OK
2/08/2020 9:05:58 PM,EVENT 52014 1596384720 0/0/0/0/0 INPUT 1 0 768 v:122
2/08/2020 9:05:58 PM,252 Event OK
2/08/2020 9:05:59 PM,EVENT 52015 1596384722 0/0/0/0/0 OILPRESSURE 52010 3 v:122
2/08/2020 9:05:59 PM,252 Event OK
2/08/2020 9:05:59 PM,EVENT 52016 1596384753 0/0/0/0/4 INPUT 4 0 33 v:122
2/08/2020 9:05:59 PM,252 Event OK
2/08/2020 9:05:59 PM,EVENT 52017 1596384753 0/0/0/0/4 INPUT 4 1 0 v:122
2/08/2020 9:05:59 PM,252 Event OK
2/08/2020 9:05:59 PM,EVENT 52018 1596384837 0/0/0/0/5 INPUT 3 1 0 v:122
2/08/2020 9:05:59 PM,252 Event OK
2/08/2020 9:06:00 PM,EVENT 52019 1596385038 0/0/0/0/21 ENGINEOVERSPEED 52010 148 3794 v:122
2/08/2020 9:06:00 PM,252 Event OK
2/08/2020 9:06:00 PM,EVENT 52020 1596385088 0/0/0/0/22 ENGINEOVERSPEED 52010 24 3568 v:121
2/08/2020 9:06:00 PM,252 Event OK
2/08/2020 9:06:00 PM,EVENT 52021 1596385202 0/0/0/99/22 ENGINEOVERSPEED 52010 67 7632 v:121
2/08/2020 9:06:00 PM,252 Event OK
2/08/2020 9:06:00 PM,EVENT 52022 1596385385 0/0/0/0/16 INPUT 3 0 549 v:121
2/08/2020 9:06:00 PM,252 Event OK
2/08/2020 9:06:00 PM,EVENT 52023 1596385401 0/0/0/0/5 INPUT 4 0 648 v:121
2/08/2020 9:06:00 PM,252 Event OK
2/08/2020 9:06:01 PM,EVENT 52024 1596385401 0/0/0/0/5 INPUT 4 1 0 v:121
2/08/2020 9:06:01 PM,252 Event OK
2/08/2020 9:06:01 PM,EVENT 52025 1596385418 0/0/0/0/7 INPUT 3 1 0 v:121
2/08/2020 9:06:01 PM,252 Event OK
2/08/2020 9:06:01 PM,EVENT 52026 1596385472 0/0/0/0/12 INPUT 3 0 54 v:121
2/08/2020 9:06:01 PM,252 Event OK
2/08/2020 9:06:01 PM,EVENT 52027 1596385476 0/0/0/0/6 INPUT 3 1 0 v:121
2/08/2020 9:06:01 PM,252 Event OK
2/08/2020 9:06:02 PM,EVENT 52028 1596385478 0/0/0/0/10 INPUT 3 0 2 v:121
2/08/2020 9:06:02 PM,252 Event OK
2/08/2020 9:06:02 PM,EVENT 52029 1596385493 0/0/0/0/7 INPUT 4 0 92 v:121
2/08/2020 9:06:02 PM,252 Event OK
2/08/2020 9:06:02 PM,EVENT 52030 1596385493 0/0/0/0/7 INPUT 4 1 0 v:121
2/08/2020 9:06:02 PM,252 Event OK
2/08/2020 9:06:03 PM,EVENT 52031 1596385496 0/0/0/0/6 INPUT 3 1 0 v:121
2/08/2020 9:06:03 PM,252 Event OK
2/08/2020 9:06:03 PM,EVENT 52032 1596385515 0/0/0/0/12 INPUT 3 0 20 v:121
2/08/2020 9:06:03 PM,252 Event OK
2/08/2020 9:06:03 PM,EVENT 52033 1596385536 0/0/0/99/5 INPUT 4 0 43 v:121
2/08/2020 9:06:03 PM,252 Event OK
2/08/2020 9:06:03 PM,EVENT 52034 1596385536 0/0/0/99/5 INPUT 4 1 0 v:121
2/08/2020 9:06:03 PM,252 Event OK
2/08/2020 9:06:03 PM,EVENT 52035 1596385538 0/0/0/99/5 INPUT 3 1 0 v:121
2/08/2020 9:06:03 PM,252 Event OK
2/08/2020 9:06:04 PM,EVENT 52036 1596385561 0/0/0/0/24 ENGINEOVERSPEED 52010 8 7184 v:121
2/08/2020 9:06:04 PM,252 Event OK
2/08/2020 9:06:04 PM,EVENT 52037 1596385607 0/0/0/0/9 INPUT 3 0 70 v:121
2/08/2020 9:06:04 PM,252 Event OK
2/08/2020 9:06:04 PM,EVENT 52038 1596385610 0/0/0/0/8 INPUT 3 1 0 v:121
2/08/2020 9:06:04 PM,252 Event OK
2/08/2020 9:06:04 PM,EVENT 52039 1596385610 0/0/0/0/8 INPUT 3 0 1 v:121
2/08/2020 9:06:04 PM,252 Event OK
2/08/2020 9:06:05 PM,EVENT 52040 1596385612 0/0/0/0/8 INPUT 3 1 0 v:121
2/08/2020 9:06:05 PM,252 Event OK
2/08/2020 9:06:05 PM,EVENT 52041 1596385613 0/0/0/0/8 INPUT 3 0 1 v:121
2/08/2020 9:06:05 PM,252 Event OK
2/08/2020 9:06:05 PM,EVENT 52042 1596385621 0/0/0/0/5 INPUT 3 1 0 v:121
2/08/2020 9:06:05 PM,252 Event OK
2/08/2020 9:06:05 PM,EVENT 52043 1596385622 0/0/0/0/8 INPUT 3 0 1 v:121
2/08/2020 9:06:05 PM,252 Event OK
2/08/2020 9:06:06 PM,EVENT 52044 1596385623 0/0/0/0/8 INPUT 3 1 0 v:121
2/08/2020 9:06:06 PM,252 Event OK
2/08/2020 9:06:06 PM,EVENT 52045 1596385624 0/0/0/0/9 INPUT 3 0 1 v:121
2/08/2020 9:06:06 PM,252 Event OK
2/08/2020 9:06:06 PM,EVENT 52046 1596385652 0/0/0/0/7 INPUT 3 1 0 v:121
2/08/2020 9:06:06 PM,252 Event OK
2/08/2020 9:06:06 PM,EVENT 52047 1596385654 0/0/0/0/9 INPUT 3 0 3 v:121
2/08/2020 9:06:06 PM,252 Event OK
2/08/2020 9:06:07 PM,EVENT 52048 1596385655 0/0/0/0/8 INPUT 3 1 0 v:121
2/08/2020 9:06:07 PM,252 Event OK
2/08/2020 9:06:07 PM,EVENT 52049 1596385657 0/0/0/0/9 INPUT 3 0 1 v:121
2/08/2020 9:06:07 PM,252 Event OK
2/08/2020 9:06:07 PM,EVENT 52050 1596385677 0/0/0/0/0 INPUT 4 0 141 v:121
2/08/2020 9:06:07 PM,252 Event OK
2/08/2020 9:06:07 PM,EVENT 52051 1596385677 0/0/0/0/0 INPUT 4 1 0 v:121
2/08/2020 9:06:07 PM,252 Event OK
2/08/2020 9:06:07 PM,EVENT 52052 1596385681 0/0/0/0/4 INPUT 3 1 0 v:121
2/08/2020 9:06:07 PM,252 Event OK
2/08/2020 9:06:08 PM,EVENT 52053 1596385776 0/0/0/0/23 REPORT 52010 0 0 v:121
2/08/2020 9:06:08 PM,252 Event OK
2/08/2020 9:06:08 PM,EVENT 52054 1596385799 0/0/0/0/16 ENGINEOVERSPEED 52010 8 3540 v:121
2/08/2020 9:06:08 PM,252 Event OK
2/08/2020 9:06:08 PM,EVENT 52055 1596385835 0/0/0/0/12 INPUT 3 0 153 v:121
2/08/2020 9:06:08 PM,252 Event OK
2/08/2020 9:06:09 PM,EVENT 52056 1596385853 0/0/0/0/6 INPUT 3 1 0 v:121
2/08/2020 9:06:09 PM,252 Event OK
2/08/2020 9:06:09 PM,EVENT 52057 1596385904 0/0/0/0/10 INPUT 3 0 50 v:121
2/08/2020 9:06:09 PM,252 Event OK
2/08/2020 9:06:09 PM,EVENT 52058 1596385911 0/0/0/0/4 INPUT 7 1 0 v:121
2/08/2020 9:06:09 PM,252 Event OK
2/08/2020 9:06:09 PM,EVENT 52059 1596385911 0/0/0/0/4 INPUT 8 0 1205 v:121
2/08/2020 9:06:09 PM,252 Event OK
2/08/2020 9:06:10 PM,EVENT 52060 1596385911 0/0/0/0/5 INPUT 1 1 0 v:121
2/08/2020 9:06:10 PM,252 Event OK
2/08/2020 9:06:10 PM,EVENT 52061 1596385913 0/0/0/0/5 INPUT 4 0 236 v:121
2/08/2020 9:06:10 PM,252 Event OK
2/08/2020 9:06:10 PM,EVENT 52062 1596385915 0/0/0/0/0 TRIP 52010 906 287 9 7 1202 v:121
2/08/2020 9:06:10 PM,252 Event OK
2/08/2020 9:06:10 PM,EVENT 52063 1596385915 0/0/0/0/0 TRIPSUMMARY 52010 v:121
2/08/2020 9:06:10 PM,252 Event OK
2/08/2020 9:06:10 PM,EVENT 52064 1596386532 0/0/0/0/0 INPUT 8 1 0 v:121
2/08/2020 9:06:10 PM,252 Event OK
2/08/2020 9:06:11 PM,EVENT 52065 1596386532 0/0/0/0/0 INPUT 7 0 622 v:121
2/08/2020 9:06:11 PM,252 Event OK
2/08/2020 9:06:11 PM,EVENT 52066 1596386541 0/0/0/0/0 SIGNON 2543 03d1fcce OK 26 170198 0 v:121
2/08/2020 9:06:11 PM,252 Event OK
2/08/2020 9:06:11 PM,EVENT 52067 1596386547 0/0/0/0/0 INPUT 7 1 0 v:122
2/08/2020 9:06:11 PM,252 Event OK
2/08/2020 9:06:12 PM,EVENT 52068 1596386547 0/0/0/0/0 INPUT 7 0 0 v:122
2/08/2020 9:06:12 PM,252 Event OK
2/08/2020 9:06:12 PM,EVENT 52069 1596386547 0/0/0/0/0 INPUT 4 1 0 v:122
2/08/2020 9:06:12 PM,252 Event OK
2/08/2020 9:06:12 PM,EVENT 52070 1596386548 0/0/0/0/0 INPUT 1 0 637 v:122
2/08/2020 9:06:12 PM,252 Event OK
2/08/2020 9:06:13 PM,EVENT 52071 1596386550 0/0/0/0/0 OILPRESSURE 52066 4 v:122
2/08/2020 9:06:13 PM,252 Event OK
2/08/2020 9:06:13 PM,EVENT 52072 1596386569 0/0/0/99/3 INPUT 7 1 0 v:121
2/08/2020 9:06:13 PM,252 Event OK
2/08/2020 9:06:13 PM,EVENT 52073 1596386569 0/0/0/99/3 INPUT 8 0 37 v:121
2/08/2020 9:06:13 PM,252 Event OK
2/08/2020 9:06:14 PM,EVENT 52074 1596386570 0/0/0/99/3 INPUT 1 1 0 v:121
2/08/2020 9:06:14 PM,252 Event OK
2/08/2020 9:06:14 PM,EVENT 52075 1596386570 0/0/0/99/3 INPUT 4 0 23 v:121
2/08/2020 9:06:14 PM,252 Event OK
2/08/2020 9:06:14 PM,EVENT 52076 1596386574 0/0/0/99/0 TRIP 52066 0 23 10 6 33 v:121
2/08/2020 9:06:14 PM,252 Event OK
2/08/2020 9:06:14 PM,EVENT 52077 1596386574 0/0/0/99/0 TRIPSUMMARY 52066 v:121
2/08/2020 9:06:14 PM,252 Event OK
2/08/2020 9:06:15 PM,EVENT 52078 1596386622 0/0/0/0/0 INPUT 8 1 0 v:121
2/08/2020 9:06:15 PM,252 Event OK
2/08/2020 9:06:15 PM,EVENT 52079 1596386623 0/0/0/0/0 INPUT 7 0 53 v:121
2/08/2020 9:06:15 PM,252 Event OK
2/08/2020 9:06:15 PM,EVENT 52080 1596386631 0/0/0/0/0 SIGNON 2521 03cffbfc OK 26 180201 0 v:121
2/08/2020 9:06:15 PM,252 Event OK
2/08/2020 9:06:15 PM,EVENT 52081 1596386636 0/0/0/0/0 INPUT 7 1 0 v:122
2/08/2020 9:06:15 PM,252 Event OK
2/08/2020 9:06:16 PM,EVENT 52082 1596386636 0/0/0/0/0 INPUT 4 1 0 v:122
2/08/2020 9:06:16 PM,252 Event OK
2/08/2020 9:06:16 PM,EVENT 52083 1596386637 0/0/0/0/0 INPUT 7 0 1 v:122
2/08/2020 9:06:16 PM,252 Event OK
2/08/2020 9:06:16 PM,EVENT 52084 1596386637 0/0/0/0/0 INPUT 1 0 68 v:122
2/08/2020 9:06:16 PM,252 Event OK
2/08/2020 9:06:17 PM,EVENT 52085 1596386639 0/0/0/0/3 OILPRESSURE 52080 3 v:122
2/08/2020 9:06:17 PM,252 Event OK
2/08/2020 9:06:17 PM,EVENT 52086 1596386641 0/0/0/0/4 INPUT 3 1 0 v:121
2/08/2020 9:06:17 PM,252 Event OK
2/08/2020 9:06:17 PM,EVENT 52087 1596386646 0/0/0/0/10 INPUT 3 0 5 v:121
2/08/2020 9:06:17 PM,252 Event OK
2/08/2020 9:06:17 PM,EVENT 52088 1596386647 0/0/0/0/6 INPUT 7 1 0 v:121
2/08/2020 9:06:17 PM,252 Event OK
2/08/2020 9:06:17 PM,EVENT 52089 1596386647 0/0/0/0/6 INPUT 8 0 26 v:121
2/08/2020 9:06:17 PM,252 Event OK
2/08/2020 9:06:18 PM,EVENT 52090 1596386648 0/0/0/0/5 INPUT 1 1 0 v:121
2/08/2020 9:06:18 PM,252 Event OK
2/08/2020 9:06:18 PM,EVENT 52091 1596386649 0/0/0/0/5 INPUT 4 0 13 v:121
2/08/2020 9:06:18 PM,252 Event OK
2/08/2020 9:06:18 PM,EVENT 52092 1596386652 0/0/0/0/0 TRIP 52080 5 8 9 6 22 v:121
2/08/2020 9:06:18 PM,252 Event OK
2/08/2020 9:06:18 PM,EVENT 52093 1596386652 0/0/0/0/0 TRIPSUMMARY 52080 v:121
2/08/2020 9:06:18 PM,252 Event OK
2/08/2020 9:06:19 PM,EVENT 52094 1596386766 0/0/0/0/0 INPUT 8 1 0 v:121
2/08/2020 9:06:19 PM,252 Event OK
2/08/2020 9:06:19 PM,EVENT 52095 1596386766 0/0/0/0/0 INPUT 7 0 118 v:121
2/08/2020 9:06:19 PM,252 Event OK
2/08/2020 9:06:19 PM,EVENT 52096 1596386769 0/0/0/0/0 SIGNON * 0 NOCARD 26 0 180200 v:121
2/08/2020 9:06:19 PM,252 Event OK
2/08/2020 9:06:20 PM,EVENT 52097 1596386779 0/0/0/0/0 SIGNON 2521 03cffbfc OK 26 180201 0 v:122
2/08/2020 9:06:20 PM,252 Event OK
2/08/2020 9:06:20 PM,EVENT 52098 1596386784 0/0/0/0/0 INPUT 7 1 0 v:122
2/08/2020 9:06:20 PM,252 Event OK
2/08/2020 9:06:20 PM,EVENT 52099 1596386784 0/0/0/0/0 INPUT 7 0 1 v:122
2/08/2020 9:06:20 PM,252 Event OK
2/08/2020 9:06:20 PM,EVENT 52100 1596386785 0/0/0/0/0 INPUT 4 1 0 v:122
2/08/2020 9:06:20 PM,252 Event OK
2/08/2020 9:06:20 PM,EVENT 52101 1596386785 0/0/0/0/0 INPUT 1 0 137 v:122
2/08/2020 9:06:20 PM,252 Event OK
2/08/2020 9:06:21 PM,EVENT 52102 1596386786 0/0/0/0/0 OILPRESSURE 52097 2 v:122
2/08/2020 9:06:21 PM,252 Event OK
2/08/2020 9:06:21 PM,EVENT 52103 1596386819 0/0/0/0/7 INPUT 7 1 0 v:121
2/08/2020 9:06:21 PM,252 Event OK
2/08/2020 9:06:21 PM,EVENT 52104 1596386819 0/0/0/0/7 INPUT 8 0 54 v:121
2/08/2020 9:06:21 PM,252 Event OK
2/08/2020 9:06:21 PM,EVENT 52105 1596386820 0/0/0/0/6 INPUT 1 1 0 v:121
2/08/2020 9:06:21 PM,252 Event OK
2/08/2020 9:06:22 PM,EVENT 52106 1596386820 0/0/0/0/6 INPUT 4 0 36 v:121
2/08/2020 9:06:22 PM,252 Event OK
2/08/2020 9:06:22 PM,EVENT 52107 1596386820 0/0/0/0/6 ENGINEOVERSPEED 52097 11 3587 v:121
2/08/2020 9:06:22 PM,252 Event OK
2/08/2020 9:06:22 PM,EVENT 52108 1596386824 0/0/0/0/0 TRIP 52097 0 36 10 6 46 v:121
2/08/2020 9:06:22 PM,252 Event OK
2/08/2020 9:06:22 PM,EVENT 52109 1596386824 0/0/0/0/0 TRIPSUMMARY 52097 v:121
2/08/2020 9:06:22 PM,252 Event OK
2/08/2020 9:06:23 PM,EVENT 52110 1596388360 0/0/0/0/0 INPUT 8 1 0 v:121
2/08/2020 9:06:23 PM,252 Event OK
2/08/2020 9:06:23 PM,EVENT 52111 1596388360 0/0/0/0/0 INPUT 7 0 1541 v:121
2/08/2020 9:06:23 PM,252 Event OK
2/08/2020 9:06:23 PM,EVENT 52112 1596388363 0/0/0/0/0 INPUT 7 1 0 v:121
2/08/2020 9:06:23 PM,252 Event OK
2/08/2020 9:06:23 PM,EVENT 52113 1596388363 0/0/0/0/0 INPUT 8 0 3 v:121
2/08/2020 9:06:23 PM,252 Event OK
2/08/2020 9:06:23 PM,EVENT 52114 1596388366 0/0/0/0/0 INPUT 8 1 0 v:121
2/08/2020 9:06:23 PM,252 Event OK
2/08/2020 9:06:24 PM,EVENT 52115 1596388366 0/0/0/0/0 INPUT 7 0 3 v:122
2/08/2020 9:06:24 PM,252 Event OK
2/08/2020 9:06:24 PM,EVENT 52116 1596388377 0/0/0/0/0 INPUT 7 1 0 v:122
2/08/2020 9:06:24 PM,252 Event OK
2/08/2020 9:06:24 PM,EVENT 52117 1596388377 0/0/0/0/0 INPUT 8 0 11 v:121
2/08/2020 9:06:24 PM,252 Event OK
2/08/2020 9:06:24 PM,EVENT 52118 1596390587 0/0/0/0/0 SWSTART OpusFC 5.0.58.510 R v:122
2/08/2020 9:06:24 PM,252 Event OK
2/08/2020 9:06:25 PM,EVENT 52119 1596386824 0/0/0/0/0 POWERDOWN v:121
2/08/2020 9:06:25 PM,252 Event OK
2/08/2020 9:06:25 PM,EVENT 52120 1596390587 0/0/0/0/0 INPUT 1 1 0 v:122
2/08/2020 9:06:25 PM,252 Event OK
2/08/2020 9:06:25 PM,EVENT 52121 1596390587 0/0/0/0/0 INPUT 2 0 0 v:122
2/08/2020 9:06:25 PM,252 Event OK
2/08/2020 9:06:26 PM,EVENT 52122 1596390587 0/0/0/0/0 INPUT 3 0 0 v:122
2/08/2020 9:06:26 PM,252 Event OK
2/08/2020 9:06:26 PM,EVENT 52123 1596390587 0/0/0/0/0 INPUT 4 0 0 v:122
2/08/2020 9:06:26 PM,252 Event OK
2/08/2020 9:06:26 PM,EVENT 52124 1596390587 0/0/0/0/0 INPUT 7 0 0 v:121
2/08/2020 9:06:26 PM,252 Event OK
2/08/2020 9:06:26 PM,EVENT 52125 1596390587 0/0/0/0/0 INPUT 8 1 0 v:121
2/08/2020 9:06:26 PM,252 Event OK
2/08/2020 9:06:26 PM,EVENT 52126 1596390589 0/0/0/0/0 ZONE_OK 2 100 FW=NO VERSION v:121
2/08/2020 9:06:26 PM,252 Event OK
2/08/2020 9:06:27 PM,EVENT 52127 1596390596 0/0/0/0/0 SIGNON 2521 03cffbfc OK 26 180201 0 v:121
2/08/2020 9:06:27 PM,252 Event OK
2/08/2020 9:06:27 PM,EVENT 52128 1596390601 0/0/0/99/0 INPUT 7 1 0 v:122
2/08/2020 9:06:27 PM,252 Event OK
2/08/2020 9:06:27 PM,EVENT 52129 1596390602 0/0/0/99/0 INPUT 4 1 0 v:122
2/08/2020 9:06:27 PM,252 Event OK
2/08/2020 9:06:27 PM,EVENT 52130 1596390602 0/0/0/99/0 INPUT 7 0 1 v:122
2/08/2020 9:06:27 PM,252 Event OK
2/08/2020 9:06:27 PM,EVENT 52131 1596390604 0/0/0/99/0 INPUT 1 0 16 v:122
2/08/2020 9:06:27 PM,252 Event OK
2/08/2020 9:06:28 PM,EVENT 52132 1596390605 0/0/0/99/7 OILPRESSURE 52127 4 v:121
2/08/2020 9:06:28 PM,252 Event OK
2/08/2020 9:06:28 PM,EVENT 52133 1596390605 0/0/0/99/7 INPUT 3 1 0 v:121
2/08/2020 9:06:28 PM,252 Event OK
2/08/2020 9:06:28 PM,EVENT 52134 1596390612 0/0/0/0/12 INPUT 3 0 6 v:121
2/08/2020 9:06:28 PM,252 Event OK
2/08/2020 9:06:28 PM,EVENT 52135 1596390740 0/0/0/0/6 INPUT 3 1 0 v:121
2/08/2020 9:06:28 PM,252 Event OK
2/08/2020 9:06:29 PM,EVENT 52136 1596390757 0/0/0/0/13 INPUT 3 0 16 v:121
2/08/2020 9:06:29 PM,252 Event OK
2/08/2020 9:06:29 PM,EVENT 52137 1596390766 0/0/0/0/6 INPUT 3 1 0 v:121
2/08/2020 9:06:29 PM,252 Event OK
2/08/2020 9:06:29 PM,EVENT 52138 1596390779 0/0/0/0/13 INPUT 3 0 12 v:121
2/08/2020 9:06:29 PM,252 Event OK
2/08/2020 9:06:29 PM,EVENT 52139 1596390791 0/0/0/0/5 INPUT 3 1 0 v:122
2/08/2020 9:06:29 PM,252 Event OK
2/08/2020 9:06:29 PM,EVENT 52140 1596390815 0/0/0/0/15 INPUT 3 0 24 v:121
2/08/2020 9:06:29 PM,252 Event OK
2/08/2020 9:06:30 PM,EVENT 52141 1596390823 0/0/0/0/3 INPUT 4 0 222 v:121
2/08/2020 9:06:30 PM,252 Event OK
2/08/2020 9:06:30 PM,EVENT 52142 1596390823 0/0/0/0/0 INPUT 4 1 0 v:121
2/08/2020 9:06:30 PM,252 Event OK
2/08/2020 9:06:30 PM,EVENT 52143 1596390836 0/0/0/0/5 INPUT 4 0 13 v:121
2/08/2020 9:06:30 PM,252 Event OK
2/08/2020 9:06:30 PM,EVENT 52144 1596390836 0/0/0/0/5 INPUT 4 1 0 v:121
2/08/2020 9:06:30 PM,252 Event OK
2/08/2020 9:06:30 PM,EVENT 52145 1596390841 0/0/0/0/3 INPUT 4 0 5 v:121
2/08/2020 9:06:30 PM,252 Event OK
2/08/2020 9:06:31 PM,EVENT 52146 1596390841 0/0/0/0/0 INPUT 4 1 0 v:121
2/08/2020 9:06:31 PM,252 Event OK
2/08/2020 9:06:31 PM,EVENT 52147 1596390843 0/0/0/0/8 INPUT 3 1 0 v:121
2/08/2020 9:06:31 PM,252 Event OK
2/08/2020 9:06:31 PM,EVENT 52148 1596390851 0/0/0/0/12 INPUT 3 0 9 v:121
2/08/2020 9:06:31 PM,252 Event OK
2/08/2020 9:06:31 PM,EVENT 52149 1596390860 0/0/0/0/0 INPUT 7 1 0 v:121
2/08/2020 9:06:31 PM,252 Event OK
2/08/2020 9:06:31 PM,EVENT 52150 1596390860 0/0/0/0/0 INPUT 8 0 272 v:121
2/08/2020 9:06:31 PM,252 Event OK
2/08/2020 9:06:32 PM,EVENT 52151 1596390860 0/0/0/0/0 INPUT 1 1 0 v:121
2/08/2020 9:06:32 PM,252 Event OK
2/08/2020 9:06:32 PM,EVENT 52152 1596390861 0/0/0/0/0 INPUT 4 0 20 v:121
2/08/2020 9:06:32 PM,252 Event OK
2/08/2020 9:06:32 PM,EVENT 52153 1596390864 0/0/0/0/0 TRIP 52127 67 193 9 6 269 v:121
2/08/2020 9:06:32 PM,252 Event OK
2/08/2020 9:06:32 PM,EVENT 52154 1596390864 0/0/0/0/0 TRIPSUMMARY 52127 v:121
2/08/2020 9:06:32 PM,252 Event OK
2/08/2020 9:06:32 PM,EVENT 52155 1596390894 0/0/0/0/0 REPORT * 0 0 v:121
2/08/2020 9:06:32 PM,252 Event OK
2/08/2020 9:06:33 PM,EVENT 52156 1596393424 0/0/0/0/0 SWSTART OpusFC 5.0.58.510 R v:121
2/08/2020 9:06:33 PM,252 Event OK
2/08/2020 9:06:33 PM,EVENT 52157 1596390864 0/0/0/0/0 POWERDOWN v:121
2/08/2020 9:06:33 PM,252 Event OK
2/08/2020 9:06:34 PM,EVENT 52158 1596393424 0/0/0/0/0 INPUT 1 1 0 v:121
2/08/2020 9:06:34 PM,252 Event OK
2/08/2020 9:06:34 PM,EVENT 52159 1596393424 0/0/0/0/0 INPUT 2 0 0 v:121
2/08/2020 9:06:34 PM,252 Event OK
2/08/2020 9:06:34 PM,EVENT 52160 1596393424 0/0/0/0/0 INPUT 3 0 0 v:121
2/08/2020 9:06:34 PM,252 Event OK
2/08/2020 9:06:34 PM,EVENT 52161 1596393424 0/0/0/0/0 INPUT 4 0 0 v:121
2/08/2020 9:06:34 PM,252 Event OK
2/08/2020 9:06:34 PM,EVENT 52162 1596393424 0/0/0/0/0 INPUT 7 0 0 v:121
2/08/2020 9:06:34 PM,252 Event OK
2/08/2020 9:06:35 PM,EVENT 52163 1596393424 0/0/0/0/0 INPUT 8 1 0 v:121
2/08/2020 9:06:35 PM,252 Event OK
2/08/2020 9:06:35 PM,EVENT 52164 1596393426 0/0/0/0/0 ZONE_OK 2 100 FW=NO VERSION v:121
2/08/2020 9:06:35 PM,252 Event OK
2/08/2020 9:06:35 PM,EVENT 52165 1596393433 0/0/0/0/0 SIGNON 2521 03cffbfc OK 26 180201 0 v:121
2/08/2020 9:06:35 PM,252 Event OK
2/08/2020 9:06:35 PM,EVENT 52166 1596393445 0/0/0/99/0 INPUT 7 1 0 v:122
2/08/2020 9:06:35 PM,252 Event OK
2/08/2020 9:06:35 PM,EVENT 52167 1596393445 0/0/0/99/0 INPUT 4 1 0 v:122
2/08/2020 9:06:35 PM,252 Event OK
2/08/2020 9:06:36 PM,EVENT 52168 1596393446 0/0/0/99/0 INPUT 7 0 1 v:122
2/08/2020 9:06:36 PM,252 Event OK
2/08/2020 9:06:36 PM,EVENT 52169 1596393448 0/0/0/99/0 INPUT 1 0 23 v:122
2/08/2020 9:06:36 PM,252 Event OK
2/08/2020 9:06:36 PM,EVENT 52170 1596393449 0/0/0/0/0 OILPRESSURE 52165 11 v:122
2/08/2020 9:06:36 PM,252 Event OK
2/08/2020 9:06:36 PM,EVENT 52171 1596393471 0/0/0/0/5 INPUT 4 0 27 v:121
2/08/2020 9:06:36 PM,252 Event OK
2/08/2020 9:06:37 PM,EVENT 52172 1596393471 0/0/0/0/5 INPUT 4 1 0 v:121
2/08/2020 9:06:37 PM,252 Event OK
2/08/2020 9:06:37 PM,EVENT 52173 1596393480 0/0/0/0/5 INPUT 3 1 0 v:122
2/08/2020 9:06:37 PM,252 Event OK
2/08/2020 9:06:37 PM,EVENT 52174 1596393488 0/0/0/0/14 INPUT 3 0 7 v:121
2/08/2020 9:06:37 PM,252 Event OK
2/08/2020 9:06:37 PM,EVENT 52175 1596393491 0/0/0/0/6 INPUT 4 0 20 v:121
2/08/2020 9:06:37 PM,252 Event OK
2/08/2020 9:06:37 PM,EVENT 52176 1596393491 0/0/0/0/6 INPUT 4 1 0 v:121
2/08/2020 9:06:37 PM,252 Event OK
2/08/2020 9:06:38 PM,EVENT 52177 1596393628 0/0/0/0/7 INPUT 3 1 0 v:121
2/08/2020 9:06:38 PM,252 Event OK
2/08/2020 9:06:38 PM,EVENT 52178 1596393657 0/0/0/0/11 INPUT 3 0 30 v:121
2/08/2020 9:06:38 PM,252 Event OK
2/08/2020 9:06:38 PM,EVENT 52179 1596393681 0/0/0/0/0 INPUT 7 1 0 v:122
2/08/2020 9:06:38 PM,252 Event OK
2/08/2020 9:06:38 PM,EVENT 52180 1596393681 0/0/0/0/0 INPUT 8 0 257 v:122
2/08/2020 9:06:38 PM,252 Event OK
2/08/2020 9:06:39 PM,EVENT 52181 1596393682 0/0/0/0/0 INPUT 1 1 0 v:122
2/08/2020 9:06:39 PM,252 Event OK
2/08/2020 9:06:39 PM,EVENT 52182 1596393683 0/0/0/0/0 INPUT 4 0 192 v:121
2/08/2020 9:06:39 PM,252 Event OK
2/08/2020 9:06:39 PM,EVENT 52183 1596393686 0/0/0/0/0 TRIP 52165 37 202 14 11 253 v:121
2/08/2020 9:06:39 PM,252 Event OK
2/08/2020 9:06:39 PM,EVENT 52184 1596393686 0/0/0/0/0 TRIPSUMMARY 52165 v:121
2/08/2020 9:06:39 PM,252 Event OK
2/08/2020 9:06:39 PM,EVENT 52185 1596393731 0/0/0/0/0 REPORT * 0 0 v:121
2/08/2020 9:06:39 PM,252 Event OK
2/08/2020 9:06:40 PM,EVENT 52186 1596393809 0/0/0/0/0 INPUT 8 1 0 v:121
2/08/2020 9:06:40 PM,252 Event OK
2/08/2020 9:06:41 PM,EVENT 52187 1596393810 0/0/0/0/0 INPUT 7 0 128 v:121
2/08/2020 9:06:41 PM,252 Event OK
2/08/2020 9:06:41 PM,EVENT 52188 1596393817 0/0/0/0/0 SIGNON 2521 03cffbfc OK 26 180201 0 v:121
2/08/2020 9:06:41 PM,252 Event OK
2/08/2020 9:06:42 PM,EVENT 52189 1596393822 0/0/0/0/0 INPUT 7 1 0 v:122
2/08/2020 9:06:42 PM,252 Event OK
2/08/2020 9:06:42 PM,EVENT 52190 1596393822 0/0/0/0/0 INPUT 7 0 1 v:122
2/08/2020 9:06:42 PM,252 Event OK
2/08/2020 9:06:42 PM,EVENT 52191 1596393823 0/0/0/0/0 INPUT 4 1 0 v:122
2/08/2020 9:06:42 PM,252 Event OK
2/08/2020 9:06:42 PM,EVENT 52192 1596393823 0/0/0/0/0 INPUT 1 0 141 v:122
2/08/2020 9:06:42 PM,252 Event OK
2/08/2020 9:06:43 PM,EVENT 52193 1596393824 0/0/0/0/0 OILPRESSURE 52188 2 v:122
2/08/2020 9:06:43 PM,252 Event OK
2/08/2020 9:06:43 PM,EVENT 52194 1596393829 0/0/0/0/6 INPUT 3 1 0 v:122
2/08/2020 9:06:43 PM,252 Event OK
2/08/2020 9:06:43 PM,EVENT 52195 1596393865 0/0/0/0/17 ENGINEOVERSPEED 52188 14 3743 v:121
2/08/2020 9:06:43 PM,252 Event OK
2/08/2020 9:06:44 PM,EVENT 52196 1596393932 0/0/0/0/27 ENGINEOVERSPEED 52188 22 3598 v:121
2/08/2020 9:06:44 PM,252 Event OK
2/08/2020 9:06:44 PM,EVENT 52197 1596394067 0/0/0/0/10 INPUT 3 0 238 v:121
2/08/2020 9:06:44 PM,252 Event OK
2/08/2020 9:06:44 PM,EVENT 52198 1596394120 0/0/0/0/7 INPUT 3 1 0 v:122
2/08/2020 9:06:44 PM,252 Event OK
2/08/2020 9:06:44 PM,EVENT 52199 1596394189 0/0/0/0/10 INPUT 3 0 69 v:121
2/08/2020 9:06:44 PM,252 Event OK
2/08/2020 9:06:44 PM,EVENT 52200 1596394193 0/0/0/0/6 INPUT 3 1 0 v:121
2/08/2020 9:06:44 PM,252 Event OK
2/08/2020 9:06:45 PM,EVENT 52201 1596394194 0/0/0/0/9 INPUT 3 0 1 v:121
2/08/2020 9:06:45 PM,252 Event OK
2/08/2020 9:06:45 PM,EVENT 52202 1596394195 0/0/0/0/8 INPUT 3 1 0 v:121
2/08/2020 9:06:45 PM,252 Event OK
2/08/2020 9:06:45 PM,EVENT 52203 1596394197 0/0/0/0/11 INPUT 3 0 2 v:121
2/08/2020 9:06:45 PM,252 Event OK
2/08/2020 9:06:45 PM,EVENT 52204 1596394200 0/0/0/0/8 INPUT 3 1 0 v:121
2/08/2020 9:06:45 PM,252 Event OK
2/08/2020 9:06:45 PM,EVENT 52205 1596394202 0/0/0/0/9 INPUT 3 0 2 v:121
2/08/2020 9:06:45 PM,252 Event OK
2/08/2020 9:06:46 PM,EVENT 52206 1596394210 0/0/0/0/8 INPUT 3 1 0 v:121
2/08/2020 9:06:46 PM,252 Event OK
2/08/2020 9:06:46 PM,EVENT 52207 1596394211 0/0/0/0/8 INPUT 3 0 1 v:121
2/08/2020 9:06:46 PM,252 Event OK
2/08/2020 9:06:46 PM,EVENT 52208 1596394217 0/0/0/0/8 INPUT 3 1 0 v:121
2/08/2020 9:06:46 PM,252 Event OK
2/08/2020 9:06:46 PM,EVENT 52209 1596394218 0/0/0/0/9 INPUT 3 0 1 v:121
2/08/2020 9:06:46 PM,252 Event OK
2/08/2020 9:06:47 PM,EVENT 52210 1596394220 0/0/0/0/8 INPUT 3 1 0 v:121
2/08/2020 9:06:47 PM,252 Event OK
2/08/2020 9:06:47 PM,EVENT 52211 1596394224 0/0/0/0/9 INPUT 3 0 3 v:121
2/08/2020 9:06:47 PM,252 Event OK
2/08/2020 9:06:47 PM,EVENT 52212 1596394228 0/0/0/0/7 INPUT 3 1 0 v:121
2/08/2020 9:06:47 PM,252 Event OK
2/08/2020 9:06:48 PM,EVENT 52213 1596394230 0/0/0/0/9 INPUT 3 0 2 v:121
2/08/2020 9:06:48 PM,252 Event OK
2/08/2020 9:06:48 PM,EVENT 52214 1596394245 0/0/0/0/5 INPUT 3 1 0 v:122
2/08/2020 9:06:48 PM,252 Event OK
2/08/2020 9:06:48 PM,EVENT 52215 1596394271 0/0/0/0/12 INPUT 3 0 27 v:121
2/08/2020 9:06:48 PM,252 Event OK
2/08/2020 9:06:48 PM,EVENT 52216 1596394284 0/0/0/0/4 INPUT 4 0 462 v:121
2/08/2020 9:06:48 PM,252 Event OK
2/08/2020 9:06:49 PM,EVENT 52217 1596394284 0/0/0/0/4 INPUT 4 1 0 v:121
2/08/2020 9:06:49 PM,252 Event OK
2/08/2020 9:06:49 PM,EVENT 52218 1596394295 0/0/0/0/0 INPUT 4 0 11 v:121
2/08/2020 9:06:49 PM,252 Event OK
2/08/2020 9:06:49 PM,EVENT 52219 1596394295 0/0/0/0/0 INPUT 4 1 0 v:121
2/08/2020 9:06:49 PM,252 Event OK
2/08/2020 9:06:49 PM,EVENT 52220 1596394305 0/0/0/0/7 INPUT 3 1 0 v:122
2/08/2020 9:06:49 PM,252 Event OK
2/08/2020 9:06:49 PM,EVENT 52221 1596394339 0/0/0/0/12 INPUT 3 0 34 v:122
2/08/2020 9:06:49 PM,252 Event OK
2/08/2020 9:06:50 PM,EVENT 52222 1596394391 0/0/0/0/6 INPUT 3 1 0 v:121
2/08/2020 9:06:50 PM,252 Event OK
2/08/2020 9:06:50 PM,EVENT 52223 1596394428 0/0/0/0/10 INPUT 3 0 36 v:121
2/08/2020 9:06:50 PM,252 Event OK
2/08/2020 9:06:50 PM,EVENT 52224 1596394430 0/0/0/0/8 INPUT 3 1 0 v:121
2/08/2020 9:06:50 PM,252 Event OK
2/08/2020 9:06:50 PM,EVENT 52225 1596394437 0/0/0/0/10 INPUT 3 0 7 v:121
2/08/2020 9:06:50 PM,252 Event OK
2/08/2020 9:06:51 PM,EVENT 52226 1596394443 0/0/0/0/4 INPUT 3 1 0 v:121
2/08/2020 9:06:51 PM,252 Event OK
2/08/2020 9:06:51 PM,EVENT 52227 1596394444 0/0/0/0/7 INPUT 3 0 1 v:121
2/08/2020 9:06:51 PM,252 Event OK
2/08/2020 9:06:51 PM,EVENT 52228 1596394446 0/0/0/0/6 INPUT 7 1 0 v:121
2/08/2020 9:06:51 PM,252 Event OK
2/08/2020 9:06:51 PM,EVENT 52229 1596394446 0/0/0/0/6 INPUT 8 0 637 v:121
2/08/2020 9:06:51 PM,252 Event OK
2/08/2020 9:06:52 PM,EVENT 52230 1596394447 0/0/0/0/6 INPUT 1 1 0 v:121
2/08/2020 9:06:52 PM,252 Event OK
2/08/2020 9:06:52 PM,EVENT 52231 1596394448 0/0/0/0/6 INPUT 4 0 153 v:121
2/08/2020 9:06:52 PM,252 Event OK
2/08/2020 9:06:52 PM,EVENT 52232 1596394450 0/0/0/0/0 TRIP 52188 424 202 8 6 634 v:121
2/08/2020 9:06:52 PM,252 Event OK
2/08/2020 9:06:52 PM,EVENT 52233 1596394450 0/0/0/0/0 TRIPSUMMARY 52188 v:121
2/08/2020 9:06:52 PM,252 Event OK
2/08/2020 9:06:53 PM,EVENT 52234 1596394744 0/0/0/0/0 INPUT 8 1 0 v:121
2/08/2020 9:06:53 PM,252 Event OK
2/08/2020 9:06:53 PM,EVENT 52235 1596394744 0/0/0/0/0 INPUT 7 0 299 v:121
2/08/2020 9:06:53 PM,252 Event OK
2/08/2020 9:06:53 PM,EVENT 52236 1596394752 0/0/0/0/0 SIGNON 2521 03cffbfc OK 26 180201 0 v:121
2/08/2020 9:06:53 PM,252 Event OK
2/08/2020 9:06:53 PM,EVENT 52237 1596394757 0/0/0/0/0 INPUT 7 1 0 v:122
2/08/2020 9:06:53 PM,252 Event OK
2/08/2020 9:06:54 PM,EVENT 52238 1596394758 0/0/0/0/0 INPUT 7 0 1 v:122
2/08/2020 9:06:54 PM,252 Event OK
2/08/2020 9:06:54 PM,EVENT 52239 1596394758 0/0/0/0/0 INPUT 4 1 0 v:122
2/08/2020 9:06:54 PM,252 Event OK
2/08/2020 9:06:55 PM,EVENT 52240 1596394758 0/0/0/0/0 INPUT 1 0 311 v:122
2/08/2020 9:06:55 PM,252 Event OK
2/08/2020 9:06:55 PM,EVENT 52241 1596394759 0/0/0/0/0 OILPRESSURE 52236 2 v:122
2/08/2020 9:06:55 PM,252 Event OK
2/08/2020 9:06:55 PM,EVENT 52242 1596394800 0/0/0/0/4 INPUT 3 1 0 v:122
2/08/2020 9:06:55 PM,252 Event OK
2/08/2020 9:06:55 PM,EVENT 52243 1596394922 0/0/0/0/19 ENGINEOVERSPEED 52236 32 3533 v:121
2/08/2020 9:06:55 PM,252 Event OK
2/08/2020 9:06:55 PM,EVENT 52244 1596395047 0/0/0/0/16 ENGINEOVERSPEED 52236 14 3540 v:121
2/08/2020 9:06:55 PM,252 Event OK
2/08/2020 9:06:56 PM,EVENT 52245 1596395051 0/0/0/0/10 INPUT 3 0 252 v:121
2/08/2020 9:06:56 PM,252 Event OK
2/08/2020 9:06:56 PM,EVENT 52246 1596395059 0/0/0/0/3 INPUT 4 0 302 v:122
2/08/2020 9:06:56 PM,252 Event OK
2/08/2020 9:06:56 PM,EVENT 52247 1596395059 0/0/0/0/3 INPUT 4 1 0 v:122
2/08/2020 9:06:56 PM,252 Event OK
2/08/2020 9:06:56 PM,EVENT 52248 1596395063 0/0/0/0/5 INPUT 3 1 0 v:122
2/08/2020 9:06:56 PM,252 Event OK
2/08/2020 9:06:56 PM,EVENT 52249 1596395080 0/0/0/0/12 INPUT 3 0 17 v:121
2/08/2020 9:06:56 PM,252 Event OK
2/08/2020 9:06:57 PM,EVENT 52250 1596395092 0/0/0/0/3 INPUT 4 0 33 v:122
2/08/2020 9:06:57 PM,252 Event OK
2/08/2020 9:06:57 PM,EVENT 52251 1596395092 0/0/0/0/3 INPUT 4 1 0 v:121
2/08/2020 9:06:57 PM,252 Event OK
2/08/2020 9:06:57 PM,EVENT 52252 1596395106 0/0/0/0/5 INPUT 3 1 0 v:122
2/08/2020 9:06:57 PM,252 Event OK
2/08/2020 9:06:57 PM,EVENT 52253 1596395128 0/0/0/0/12 ENGINEOVERSPEED 52236 8 3509 v:121
2/08/2020 9:06:57 PM,252 Event OK
2/08/2020 9:06:58 PM,EVENT 52254 1596395129 0/0/0/0/13 INPUT 3 0 22 v:121
2/08/2020 9:06:58 PM,252 Event OK
2/08/2020 9:06:58 PM,EVENT 52255 1596395131 0/0/0/0/6 INPUT 4 0 39 v:121
2/08/2020 9:06:58 PM,252 Event OK
2/08/2020 9:06:58 PM,EVENT 52256 1596395131 0/0/0/0/5 INPUT 4 1 0 v:121
2/08/2020 9:06:58 PM,252 Event OK
2/08/2020 9:06:58 PM,EVENT 52257 1596395137 0/0/0/0/3 INPUT 7 1 0 v:121
2/08/2020 9:06:58 PM,252 Event OK
2/08/2020 9:06:58 PM,EVENT 52258 1596395137 0/0/0/0/3 INPUT 8 0 393 v:121
2/08/2020 9:06:58 PM,252 Event OK
2/08/2020 9:06:59 PM,EVENT 52259 1596395137 0/0/0/0/3 INPUT 1 1 0 v:121
2/08/2020 9:06:59 PM,252 Event OK
2/08/2020 9:06:59 PM,EVENT 52260 1596395138 0/0/0/0/3 INPUT 4 0 7 v:121
2/08/2020 9:06:59 PM,252 Event OK
2/08/2020 9:06:59 PM,EVENT 52261 1596395141 0/0/0/0/0 TRIP 52236 291 90 9 6 390 v:121
2/08/2020 9:06:59 PM,252 Event OK
2/08/2020 9:06:59 PM,EVENT 52262 1596395141 0/0/0/0/0 TRIPSUMMARY 52236 v:121
2/08/2020 9:06:59 PM,252 Event OK
2/08/2020 9:06:59 PM,EVENT 52263 1596395218 0/0/0/0/0 INPUT 8 1 0 v:121
2/08/2020 9:06:59 PM,252 Event OK
2/08/2020 9:07:00 PM,EVENT 52264 1596395218 0/0/0/0/0 INPUT 7 0 81 v:121
2/08/2020 9:07:00 PM,252 Event OK
2/08/2020 9:07:00 PM,EVENT 52265 1596395226 0/0/0/0/0 SIGNON 2521 03cffbfc OK 26 180201 0 v:121
2/08/2020 9:07:00 PM,252 Event OK
2/08/2020 9:07:00 PM,EVENT 52266 1596395231 0/0/0/0/0 INPUT 7 1 0 v:122
2/08/2020 9:07:00 PM,252 Event OK
2/08/2020 9:07:01 PM,EVENT 52267 1596395232 0/0/0/0/0 INPUT 7 0 0 v:122
2/08/2020 9:07:01 PM,252 Event OK
2/08/2020 9:07:01 PM,EVENT 52268 1596395232 0/0/0/0/0 INPUT 4 1 0 v:122
2/08/2020 9:07:01 PM,252 Event OK
2/08/2020 9:07:01 PM,EVENT 52269 1596395232 0/0/0/0/0 INPUT 1 0 95 v:122
2/08/2020 9:07:01 PM,252 Event OK
2/08/2020 9:07:01 PM,EVENT 52270 1596395234 0/0/0/0/6 OILPRESSURE 52265 3 v:122
2/08/2020 9:07:01 PM,252 Event OK
2/08/2020 9:07:01 PM,EVENT 52271 1596395235 0/0/0/0/7 INPUT 3 1 0 v:122
2/08/2020 9:07:01 PM,252 Event OK
2/08/2020 9:07:02 PM,EVENT 52272 1596395255 0/0/0/0/15 INPUT 3 0 19 v:121
2/08/2020 9:07:02 PM,252 Event OK
2/08/2020 9:07:02 PM,EVENT 52273 1596395264 0/0/0/0/3 INPUT 4 0 32 v:121
2/08/2020 9:07:02 PM,252 Event OK
2/08/2020 9:07:03 PM,EVENT 52274 1596395264 0/0/0/0/3 INPUT 4 1 0 v:121
2/08/2020 9:07:03 PM,252 Event OK
2/08/2020 9:07:03 PM,EVENT 52275 1596395268 0/0/0/0/3 INPUT 4 0 4 v:121
2/08/2020 9:07:03 PM,252 Event OK
2/08/2020 9:07:03 PM,EVENT 52276 1596395268 0/0/0/0/3 INPUT 4 1 0 v:121
2/08/2020 9:07:03 PM,252 Event OK
2/08/2020 9:07:03 PM,EVENT 52277 1596395278 0/0/0/0/6 INPUT 3 1 0 v:121
2/08/2020 9:07:03 PM,252 Event OK
2/08/2020 9:07:04 PM,EVENT 52278 1596395313 0/0/0/0/18 INPUT 7 1 0 v:121
2/08/2020 9:07:04 PM,252 Event OK
2/08/2020 9:07:04 PM,EVENT 52279 1596395313 0/0/0/0/18 INPUT 8 0 95 v:121
2/08/2020 9:07:04 PM,252 Event OK
2/08/2020 9:07:04 PM,EVENT 52280 1596395313 0/0/0/0/17 INPUT 1 1 0 v:121
2/08/2020 9:07:04 PM,252 Event OK
2/08/2020 9:07:04 PM,EVENT 52281 1596395313 0/0/0/0/17 INPUT 3 0 35 v:121
2/08/2020 9:07:04 PM,252 Event OK
2/08/2020 9:07:05 PM,EVENT 52282 1596395315 0/0/0/0/17 INPUT 4 0 47 v:121
2/08/2020 9:07:05 PM,252 Event OK
2/08/2020 9:07:05 PM,EVENT 52283 1596395317 0/0/0/0/0 TRIP 52265 54 29 8 6 91 v:121
2/08/2020 9:07:05 PM,252 Event OK
2/08/2020 9:07:05 PM,EVENT 52284 1596395317 0/0/0/0/0 TRIPSUMMARY 52265 v:121
2/08/2020 9:07:05 PM,252 Event OK
2/08/2020 9:07:05 PM,EVENT 52285 1596395383 0/0/0/0/0 INPUT 8 1 0 v:121
2/08/2020 9:07:05 PM,252 Event OK
2/08/2020 9:07:05 PM,EVENT 52286 1596395384 0/0/0/0/0 INPUT 7 0 71 v:121
2/08/2020 9:07:05 PM,252 Event OK
2/08/2020 9:07:06 PM,EVENT 52287 1596395391 0/0/0/0/0 SIGNON 2521 03cffbfc OK 26 180201 0 v:121
2/08/2020 9:07:06 PM,252 Event OK
2/08/2020 9:07:06 PM,EVENT 52288 1596395396 0/0/0/0/0 INPUT 7 1 0 v:122
2/08/2020 9:07:06 PM,252 Event OK
2/08/2020 9:07:06 PM,EVENT 52289 1596395397 0/0/0/0/0 INPUT 4 1 0 v:122
2/08/2020 9:07:06 PM,252 Event OK
2/08/2020 9:07:07 PM,EVENT 52290 1596395397 0/0/0/0/0 INPUT 7 0 0 v:122
2/08/2020 9:07:07 PM,252 Event OK
2/08/2020 9:07:07 PM,EVENT 52291 1596395397 0/0/0/0/0 INPUT 1 0 83 v:122
2/08/2020 9:07:07 PM,252 Event OK
2/08/2020 9:07:07 PM,EVENT 52292 1596395398 0/0/0/0/0 OILPRESSURE 52287 2 v:122
2/08/2020 9:07:07 PM,252 Event OK
2/08/2020 9:07:07 PM,EVENT 52293 1596395419 0/0/0/0/4 INPUT 3 1 0 v:121
2/08/2020 9:07:07 PM,252 Event OK
2/08/2020 9:07:08 PM,EVENT 52294 1596395553 0/0/0/0/27 ENGINEOVERSPEED 52287 14 3701 v:121
2/08/2020 9:07:08 PM,252 Event OK
2/08/2020 9:07:08 PM,EVENT 52295 1596395561 0/0/0/0/22 REPORT 52287 0 0 v:121
2/08/2020 9:07:08 PM,252 Event OK
2/08/2020 9:07:08 PM,EVENT 52296 1596395625 0/0/0/0/27 ENGINEOVERSPEED 52287 31 3496 v:121
2/08/2020 9:07:08 PM,252 Event OK
2/08/2020 9:07:08 PM,EVENT 52297 1596395654 0/0/0/0/10 INPUT 3 0 234 v:121
2/08/2020 9:07:08 PM,252 Event OK
2/08/2020 9:07:09 PM,EVENT 52298 1596395661 0/0/0/0/5 INPUT 3 1 0 v:121
2/08/2020 9:07:09 PM,252 Event OK
2/08/2020 9:07:09 PM,EVENT 52299 1596395662 0/0/0/0/9 INPUT 3 0 2 v:121
2/08/2020 9:07:09 PM,252 Event OK
2/08/2020 9:07:09 PM,EVENT 52300 1596395663 0/0/0/0/8 INPUT 3 1 0 v:121
2/08/2020 9:07:09 PM,252 Event OK
2/08/2020 9:07:09 PM,EVENT 52301 1596395664 0/0/0/0/8 INPUT 3 0 1 v:121
2/08/2020 9:07:09 PM,252 Event OK
2/08/2020 9:07:10 PM,EVENT 52302 1596395675 0/0/0/0/5 INPUT 3 1 0 v:121
2/08/2020 9:07:10 PM,252 Event OK
2/08/2020 9:07:10 PM,EVENT 52303 1596395702 0/0/0/0/19 INPUT 3 0 26 v:121
2/08/2020 9:07:10 PM,252 Event OK
2/08/2020 9:07:10 PM,EVENT 52304 1596395704 0/0/0/0/10 INPUT 4 0 308 v:121
2/08/2020 9:07:10 PM,252 Event OK
2/08/2020 9:07:10 PM,EVENT 52305 1596395704 0/0/0/0/10 INPUT 4 1 0 v:121
2/08/2020 9:07:10 PM,252 Event OK
2/08/2020 9:07:11 PM,EVENT 52306 1596395747 0/0/0/0/0 ENGINEOVERSPEED 52287 23 3617 v:121
2/08/2020 9:07:11 PM,252 Event OK
2/08/2020 9:07:11 PM,EVENT 52307 1596395750 0/0/0/0/6 INPUT 3 1 0 v:122
2/08/2020 9:07:11 PM,252 Event OK
2/08/2020 9:07:12 PM,EVENT 52308 1596395776 0/0/0/0/15 INPUT 3 0 27 v:121
2/08/2020 9:07:12 PM,252 Event OK
2/08/2020 9:07:12 PM,EVENT 52309 1596395792 0/0/0/0/6 INPUT 3 1 0 v:121
2/08/2020 9:07:12 PM,252 Event OK
2/08/2020 9:07:12 PM,EVENT 52310 1596395914 0/0/0/0/26 ENGINEOVERSPEED 52287 7 3721 v:121
2/08/2020 9:07:12 PM,252 Event OK
2/08/2020 9:07:12 PM,EVENT 52311 1596395945 0/0/0/0/16 INPUT 3 0 154 v:121
2/08/2020 9:07:12 PM,252 Event OK
2/08/2020 9:07:13 PM,EVENT 52312 1596395983 0/0/0/0/5 INPUT 3 1 0 v:121
2/08/2020 9:07:13 PM,252 Event OK
2/08/2020 9:07:13 PM,EVENT 52313 1596396009 0/0/0/0/12 INPUT 3 0 26 v:121
2/08/2020 9:07:13 PM,252 Event OK
2/08/2020 9:07:13 PM,EVENT 52314 1596396039 0/0/0/0/4 INPUT 3 1 0 v:121
2/08/2020 9:07:13 PM,252 Event OK
2/08/2020 9:07:13 PM,EVENT 52315 1596396061 0/0/0/0/12 INPUT 3 0 21 v:121
2/08/2020 9:07:13 PM,252 Event OK
2/08/2020 9:07:13 PM,EVENT 52316 1596396088 0/0/0/0/0 INPUT 4 0 384 v:121
2/08/2020 9:07:13 PM,252 Event OK
2/08/2020 9:07:14 PM,EVENT 52317 1596396088 0/0/0/0/0 INPUT 4 1 0 v:121
2/08/2020 9:07:14 PM,252 Event OK
2/08/2020 9:07:14 PM,EVENT 52318 1596396095 0/0/0/0/0 INPUT 4 0 7 v:121
2/08/2020 9:07:14 PM,252 Event OK
2/08/2020 9:07:14 PM,EVENT 52319 1596396096 0/0/0/0/0 INPUT 4 1 0 v:121
2/08/2020 9:07:14 PM,252 Event OK
2/08/2020 9:07:14 PM,EVENT 52320 1596396223 0/0/0/0/4 INPUT 3 1 0 v:121
2/08/2020 9:07:14 PM,252 Event OK
2/08/2020 9:07:15 PM,EVENT 52321 1596396234 0/0/0/0/9 INPUT 3 0 11 v:121
2/08/2020 9:07:15 PM,252 Event OK
2/08/2020 9:07:15 PM,EVENT 52322 1596396245 0/0/0/0/6 INPUT 3 1 0 v:121
2/08/2020 9:07:15 PM,252 Event OK
2/08/2020 9:07:15 PM,EVENT 52323 1596396282 0/0/0/0/9 INPUT 3 0 38 v:121
2/08/2020 9:07:15 PM,252 Event OK
2/08/2020 9:07:15 PM,EVENT 52324 1596396291 0/0/0/0/5 INPUT 7 1 0 v:121
2/08/2020 9:07:15 PM,252 Event OK
2/08/2020 9:07:16 PM,EVENT 52325 1596396291 0/0/0/0/5 INPUT 8 0 907 v:121
2/08/2020 9:07:16 PM,252 Event OK
2/08/2020 9:07:16 PM,EVENT 52326 1596396291 0/0/0/0/5 INPUT 1 1 0 v:121
2/08/2020 9:07:16 PM,252 Event OK
2/08/2020 9:07:16 PM,EVENT 52327 1596396293 0/0/0/0/5 INPUT 4 0 198 v:121
2/08/2020 9:07:16 PM,252 Event OK
2/08/2020 9:07:16 PM,EVENT 52328 1596396295 0/0/0/0/0 TRIP 52287 540 357 8 6 905 v:121
2/08/2020 9:07:16 PM,252 Event OK
2/08/2020 9:07:16 PM,EVENT 52329 1596396295 0/0/0/0/0 TRIPSUMMARY 52287 v:121
2/08/2020 9:07:16 PM,252 Event OK
2/08/2020 9:07:17 PM,EVENT 52330 1596396713 0/0/0/0/0 INPUT 7 0 422 v:121
2/08/2020 9:07:17 PM,252 Event OK
2/08/2020 9:07:17 PM,EVENT 52331 1596396713 0/0/0/0/0 INPUT 8 1 0 v:121
2/08/2020 9:07:17 PM,252 Event OK
2/08/2020 9:07:17 PM,EVENT 52332 1596396838 0/0/0/0/0 SIGNON 2463 01b1def3 OK 26 271086 0 v:121
2/08/2020 9:07:17 PM,252 Event OK
2/08/2020 9:07:17 PM,EVENT 52333 1596396844 0/0/0/0/0 INPUT 7 1 0 v:122
2/08/2020 9:07:17 PM,252 Event OK
2/08/2020 9:07:18 PM,EVENT 52334 1596396845 0/0/0/0/0 INPUT 4 1 0 v:122
2/08/2020 9:07:18 PM,252 Event OK
2/08/2020 9:07:18 PM,EVENT 52335 1596396845 0/0/0/0/0 INPUT 7 0 1 v:122
2/08/2020 9:07:18 PM,252 Event OK
2/08/2020 9:07:18 PM,EVENT 52336 1596396846 0/0/0/0/0 INPUT 1 0 554 v:122
2/08/2020 9:07:18 PM,252 Event OK
2/08/2020 9:07:19 PM,EVENT 52337 1596396847 0/0/0/0/0 INPUT 1 1 0 v:122
2/08/2020 9:07:19 PM,252 Event OK
2/08/2020 9:07:19 PM,EVENT 52338 1596396848 0/0/0/0/0 INPUT 4 0 4 v:121
2/08/2020 9:07:19 PM,252 Event OK
2/08/2020 9:07:20 PM,EVENT 52339 1596396853 0/0/0/0/0 INPUT 4 1 0 v:122
2/08/2020 9:07:20 PM,252 Event OK
2/08/2020 9:07:20 PM,EVENT 52340 1596396853 0/0/0/0/0 INPUT 7 1 0 v:122
2/08/2020 9:07:20 PM,252 Event OK
2/08/2020 9:07:20 PM,EVENT 52341 1596396854 0/0/0/0/0 INPUT 7 0 1 v:122
2/08/2020 9:07:20 PM,252 Event OK
2/08/2020 9:07:20 PM,EVENT 52342 1596396854 0/0/0/0/0 INPUT 1 0 8 v:122
2/08/2020 9:07:20 PM,252 Event OK
2/08/2020 9:07:21 PM,EVENT 52343 1596396856 0/0/0/99/0 OILPRESSURE 52332 13 v:121
2/08/2020 9:07:21 PM,252 Event OK
2/08/2020 9:07:21 PM,EVENT 52344 1596396863 0/0/0/99/7 INPUT 3 1 0 v:121
2/08/2020 9:07:21 PM,252 Event OK
2/08/2020 9:07:21 PM,EVENT 52345 1596396878 0/0/0/99/10 INPUT 3 0 15 v:121
2/08/2020 9:07:21 PM,252 Event OK
2/08/2020 9:07:22 PM,EVENT 52346 1596396882 0/0/0/0/5 ENGINEOVERSPEED 52332 8 5614 v:121
2/08/2020 9:07:22 PM,252 Event OK
2/08/2020 9:07:22 PM,EVENT 52347 1596396883 0/0/0/0/4 INPUT 7 1 0 v:121
2/08/2020 9:07:22 PM,252 Event OK
2/08/2020 9:07:22 PM,EVENT 52348 1596396883 0/0/0/0/4 INPUT 8 0 171 v:121
2/08/2020 9:07:22 PM,252 Event OK
2/08/2020 9:07:22 PM,EVENT 52349 1596396884 0/0/0/0/4 INPUT 1 1 0 v:121
2/08/2020 9:07:22 PM,252 Event OK
2/08/2020 9:07:22 PM,EVENT 52350 1596396884 0/0/0/0/3 INPUT 4 0 32 v:121
2/08/2020 9:07:22 PM,252 Event OK
2/08/2020 9:07:23 PM,EVENT 52351 1596396888 0/0/0/0/0 TRIP 52332 15 21 15 7 51 v:121
2/08/2020 9:07:23 PM,252 Event OK
2/08/2020 9:07:23 PM,EVENT 52352 1596396888 0/0/0/0/0 TRIPSUMMARY 52332 v:121
2/08/2020 9:07:23 PM,252 Event OK
2/08/2020 9:07:23 PM,EVENT 52353 1596397000 0/0/0/0/0 INPUT 8 1 0 v:121
2/08/2020 9:07:23 PM,252 Event OK
2/08/2020 9:07:23 PM,EVENT 52354 1596397000 0/0/0/0/0 INPUT 7 0 117 v:121
2/08/2020 9:07:23 PM,252 Event OK
2/08/2020 9:07:24 PM,EVENT 52355 1596397008 0/0/0/0/0 SIGNON 2521 03cffbfc OK 26 180201 0 v:121
2/08/2020 9:07:24 PM,252 Event OK
2/08/2020 9:07:24 PM,EVENT 52356 1596397014 0/0/0/0/0 INPUT 4 1 0 v:122
2/08/2020 9:07:24 PM,252 Event OK
2/08/2020 9:07:24 PM,EVENT 52357 1596397014 0/0/0/0/0 INPUT 1 0 131 v:122
2/08/2020 9:07:24 PM,252 Event OK
2/08/2020 9:07:24 PM,EVENT 52358 1596397016 0/0/0/0/5 OILPRESSURE 52355 3 v:121
2/08/2020 9:07:24 PM,252 Event OK
2/08/2020 9:07:24 PM,EVENT 52359 1596397021 0/0/0/0/8 INPUT 3 1 0 v:121
2/08/2020 9:07:24 PM,252 Event OK
2/08/2020 9:07:25 PM,EVENT 52360 1596397050 0/0/0/0/12 INPUT 7 1 0 v:121
2/08/2020 9:07:25 PM,252 Event OK
2/08/2020 9:07:25 PM,EVENT 52361 1596397050 0/0/0/0/12 INPUT 8 0 51 v:121
2/08/2020 9:07:25 PM,252 Event OK
2/08/2020 9:07:25 PM,EVENT 52362 1596397051 0/0/0/0/11 INPUT 1 1 0 v:121
2/08/2020 9:07:25 PM,252 Event OK
2/08/2020 9:07:25 PM,EVENT 52363 1596397051 0/0/0/0/11 INPUT 3 0 30 v:121
2/08/2020 9:07:25 PM,252 Event OK
2/08/2020 9:07:26 PM,EVENT 52364 1596397052 0/0/0/0/11 INPUT 4 0 39 v:121
2/08/2020 9:07:26 PM,252 Event OK
2/08/2020 9:07:26 PM,EVENT 52365 1596397055 0/0/0/0/0 TRIP 52355 30 9 9 6 48 v:121
2/08/2020 9:07:26 PM,252 Event OK
2/08/2020 9:07:26 PM,EVENT 52366 1596397055 0/0/0/0/0 TRIPSUMMARY 52355 v:121
2/08/2020 9:07:26 PM,252 Event OK
2/08/2020 9:07:26 PM,EVENT 52367 1596397085 0/0/0/0/0 INPUT 8 1 0 v:121
2/08/2020 9:07:26 PM,252 Event OK
2/08/2020 9:07:27 PM,EVENT 52368 1596397085 0/0/0/0/0 INPUT 7 0 35 v:121
2/08/2020 9:07:27 PM,252 Event OK
2/08/2020 9:07:27 PM,EVENT 52369 1596397092 0/0/0/0/0 SIGNON 2521 03cffbfc OK 26 180201 0 v:121
2/08/2020 9:07:27 PM,252 Event OK
2/08/2020 9:07:27 PM,EVENT 52370 1596397098 0/0/0/0/0 INPUT 4 1 0 v:122
2/08/2020 9:07:27 PM,252 Event OK
2/08/2020 9:07:27 PM,EVENT 52371 1596397098 0/0/0/0/0 INPUT 1 0 48 v:122
2/08/2020 9:07:27 PM,252 Event OK
2/08/2020 9:07:27 PM,EVENT 52372 1596397100 0/0/0/0/0 OILPRESSURE 52369 3 v:121
2/08/2020 9:07:27 PM,252 Event OK
2/08/2020 9:07:28 PM,EVENT 52373 1596397101 0/0/0/0/6 INPUT 3 1 0 v:121
2/08/2020 9:07:28 PM,252 Event OK
2/08/2020 9:07:28 PM,EVENT 52374 1596397104 0/0/0/0/12 INPUT 3 0 2 v:121
2/08/2020 9:07:28 PM,252 Event OK
2/08/2020 9:07:28 PM,EVENT 52375 1596397104 0/0/0/0/10 INPUT 7 1 0 v:121
2/08/2020 9:07:28 PM,252 Event OK
2/08/2020 9:07:28 PM,EVENT 52376 1596397104 0/0/0/0/10 INPUT 8 0 19 v:121
2/08/2020 9:07:28 PM,252 Event OK
2/08/2020 9:07:28 PM,EVENT 52377 1596397104 0/0/0/0/9 INPUT 1 1 0 v:121
2/08/2020 9:07:28 PM,252 Event OK
2/08/2020 9:07:29 PM,EVENT 52378 1596397106 0/0/0/0/8 INPUT 4 0 9 v:121
2/08/2020 9:07:29 PM,252 Event OK
2/08/2020 9:07:29 PM,EVENT 52379 1596397108 0/0/0/0/0 TRIP 52369 2 7 7 5 16 v:121
2/08/2020 9:07:29 PM,252 Event OK
2/08/2020 9:07:29 PM,EVENT 52380 1596397108 0/0/0/0/0 TRIPSUMMARY 52369 v:121
2/08/2020 9:07:29 PM,252 Event OK
2/08/2020 9:07:29 PM,EVENT 52381 1596401524 0/0/0/0/0 SWSTART OpusFC 5.0.58.510 R v:122
2/08/2020 9:07:29 PM,252 Event OK
2/08/2020 9:07:30 PM,EVENT 52382 1596397108 0/0/0/0/0 POWERDOWN v:121
2/08/2020 9:07:30 PM,252 Event OK
2/08/2020 9:07:30 PM,EVENT 52383 1596401524 0/0/0/0/0 INPUT 1 1 0 v:122
2/08/2020 9:07:30 PM,252 Event OK
2/08/2020 9:07:30 PM,EVENT 52384 1596401524 0/0/0/0/0 INPUT 2 0 0 v:121
2/08/2020 9:07:30 PM,252 Event OK
2/08/2020 9:07:31 PM,EVENT 52385 1596401524 0/0/0/0/0 INPUT 3 0 0 v:121
2/08/2020 9:07:31 PM,252 Event OK
2/08/2020 9:07:31 PM,EVENT 52386 1596401524 0/0/0/0/0 INPUT 4 0 0 v:121
2/08/2020 9:07:31 PM,252 Event OK
2/08/2020 9:07:31 PM,EVENT 52387 1596401524 0/0/0/0/0 INPUT 7 0 0 v:121
2/08/2020 9:07:31 PM,252 Event OK
2/08/2020 9:07:31 PM,EVENT 52388 1596401524 0/0/0/0/0 INPUT 8 1 0 v:121
2/08/2020 9:07:31 PM,252 Event OK
2/08/2020 9:07:31 PM,EVENT 52389 1596401526 0/0/0/0/0 ZONE_OK 2 100 FW=NO VERSION v:121
2/08/2020 9:07:31 PM,252 Event OK
2/08/2020 9:07:32 PM,EVENT 52390 1596401534 0/0/0/0/0 SIGNON 2521 03cffbfc OK 26 180201 0 v:121
2/08/2020 9:07:32 PM,252 Event OK
2/08/2020 9:07:32 PM,EVENT 52391 1596401539 0/0/0/99/0 INPUT 7 1 0 v:122
2/08/2020 9:07:32 PM,252 Event OK
2/08/2020 9:07:32 PM,EVENT 52392 1596401540 0/0/0/99/0 INPUT 7 0 0 v:122
2/08/2020 9:07:32 PM,252 Event OK
2/08/2020 9:07:32 PM,EVENT 52393 1596401541 0/0/0/99/0 INPUT 4 1 0 v:122
2/08/2020 9:07:32 PM,252 Event OK
2/08/2020 9:07:33 PM,EVENT 52394 1596401543 0/0/0/99/0 INPUT 1 0 18 v:122
2/08/2020 9:07:33 PM,252 Event OK
2/08/2020 9:07:33 PM,EVENT 52395 1596401544 0/0/0/99/0 OILPRESSURE 52390 5 v:122
2/08/2020 9:07:33 PM,252 Event OK
2/08/2020 9:07:33 PM,EVENT 52396 1596401560 0/0/0/0/5 INPUT 3 1 0 v:121
2/08/2020 9:07:33 PM,252 Event OK
2/08/2020 9:07:33 PM,EVENT 52397 1596401649 0/0/0/0/28 ENGINEOVERSPEED 52390 56 3818 v:121
2/08/2020 9:07:33 PM,252 Event OK
2/08/2020 9:07:34 PM,EVENT 52398 1596401684 0/0/0/0/29 ENGINEOVERSPEED 52390 7 3595 v:121
2/08/2020 9:07:34 PM,252 Event OK
2/08/2020 9:07:34 PM,EVENT 52399 1596401709 0/0/0/0/22 ENGINEOVERSPEED 52390 10 3534 v:121
2/08/2020 9:07:34 PM,252 Event OK
2/08/2020 9:07:34 PM,EVENT 52400 1596401773 0/0/0/0/28 ENGINEOVERSPEED 52390 50 3762 v:121
2/08/2020 9:07:34 PM,252 Event OK
2/08/2020 9:07:34 PM,EVENT 52401 1596401948 0/0/0/0/22 ENGINEOVERSPEED 52390 137 4359 v:122
2/08/2020 9:07:34 PM,252 Event OK
2/08/2020 9:07:34 PM,EVENT 52402 1596402021 0/0/0/0/22 ENGINEOVERSPEED 52390 20 6753 v:121
2/08/2020 9:07:34 PM,252 Event OK
2/08/2020 9:07:35 PM,EVENT 52403 1596402146 0/0/0/0/22 ENGINEOVERSPEED 52390 20 3766 v:121
2/08/2020 9:07:35 PM,252 Event OK
2/08/2020 9:07:35 PM,EVENT 52404 1596402182 -310121737/1219228649/4420/0/10 INPUT 3 0 613 v:121
2/08/2020 9:07:35 PM,252 Event OK
2/08/2020 9:07:35 PM,EVENT 52405 1596402227 -310121505/1219229024/802/4/6 INPUT 3 1 0 v:121
2/08/2020 9:07:35 PM,252 Event OK
2/08/2020 9:07:36 PM,EVENT 52406 1596402275 -310128738/1219229001/679/2/9 INPUT 3 0 48 v:121
2/08/2020 9:07:36 PM,252 Event OK
2/08/2020 9:07:36 PM,EVENT 52407 1596402279 -310128323/1219228737/722/2/3 INPUT 7 1 0 v:121
2/08/2020 9:07:36 PM,252 Event OK
2/08/2020 9:07:36 PM,EVENT 52408 1596402279 -310128323/1219228737/722/2/3 INPUT 8 0 745 v:121
2/08/2020 9:07:36 PM,252 Event OK
2/08/2020 9:07:36 PM,EVENT 52409 1596402279 -310128322/1219228734/727/2/3 INPUT 1 1 0 v:121
2/08/2020 9:07:36 PM,252 Event OK
2/08/2020 9:07:37 PM,EVENT 52410 1596402281 -310128318/1219228728/729/2/3 INPUT 4 0 731 v:121
2/08/2020 9:07:37 PM,252 Event OK
2/08/2020 9:07:37 PM,EVENT 52411 1596402284 -310128313/1219228705/746/2/0 TRIP 52390 661 70 10 7 741 v:121
2/08/2020 9:07:37 PM,252 Event OK
2/08/2020 9:07:37 PM,EVENT 52412 1596402284 -310128313/1219228705/746/2/0 TRIPSUMMARY 52390 v:121
2/08/2020 9:07:37 PM,252 Event OK
2/08/2020 9:07:37 PM,EVENT 52413 1596402319 -310128458/1219228625/934/10/0 REPORT * 0 86 v:121
2/08/2020 9:07:37 PM,252 Event OK
2/08/2020 9:07:38 PM,QUIT
2/08/2020 9:07:38 PM,221 Session ended - goodbye
2/08/2020 9:08:32 PM,UNIT 10604
2/08/2020 9:08:32 PM,333 CHAL 739EE73E
2/08/2020 9:08:32 PM,RESP 92AD113C
2/08/2020 9:08:32 PM,230 Auth OK
2/08/2020 9:08:33 PM,TIME
2/08/2020 9:08:33 PM,211 TIME 1596402513
2/08/2020 9:08:34 PM,EVCOUNT 2
2/08/2020 9:08:34 PM,252 Event OK
2/08/2020 9:08:34 PM,TODO
2/08/2020 9:08:34 PM,125 TODO GETXML 2000 Operators 
225 Work list complete
2/08/2020 9:08:35 PM,GETXML
2/08/2020 9:08:35 PM,Binary data 4200 bytes
2/08/2020 9:08:36 PM,GOT Operators 4152 1C8F75B1
2/08/2020 9:08:36 PM,250 Download OK
2/08/2020 9:08:36 PM,EVENT 52414 1596402509 -310128435/1219228538/822/9/0 INPUT 8 1 0 v:121
2/08/2020 9:08:36 PM,252 Event OK
2/08/2020 9:08:36 PM,EVENT 52415 1596402510 -310128435/1219228539/823/9/0 INPUT 7 0 231 v:121
2/08/2020 9:08:36 PM,252 Event OK
2/08/2020 9:08:36 PM,QUIT
2/08/2020 9:08:36 PM,221 Session ended - goodbye
2/08/2020 9:08:46 PM,UNIT 10604
2/08/2020 9:08:46 PM,333 CHAL 493715DC
2/08/2020 9:08:47 PM,RESP 120ED8D7
2/08/2020 9:08:47 PM,230 Auth OK
2/08/2020 9:08:47 PM,TIME
2/08/2020 9:08:47 PM,211 TIME 1596402527
2/08/2020 9:08:48 PM,EVCOUNT 6
2/08/2020 9:08:48 PM,252 Event OK
2/08/2020 9:08:49 PM,TODO
2/08/2020 9:08:49 PM,226 Nothing to do
2/08/2020 9:08:50 PM,EVENT 52416 1596402517 -310128440/1219228588/828/9/0 SIGNON 2521 03cffbfc OK 26 180201 0 v:121
2/08/2020 9:08:50 PM,252 Event OK
2/08/2020 9:08:51 PM,EVENT 52417 1596402522 -310128461/1219228616/826/10/0 INPUT 7 1 0 v:122
2/08/2020 9:08:51 PM,252 Event OK
2/08/2020 9:08:52 PM,EVENT 52418 1596402523 -310128464/1219228619/826/10/0 INPUT 7 0 1 v:122
2/08/2020 9:08:52 PM,252 Event OK
2/08/2020 9:08:54 PM,EVENT 52419 1596402523 -310128464/1219228619/826/10/0 INPUT 4 1 0 v:122
2/08/2020 9:08:54 PM,252 Event OK
2/08/2020 9:08:55 PM,EVENT 52420 1596402524 -310128467/1219228621/826/10/0 INPUT 1 0 245 v:122
2/08/2020 9:08:55 PM,252 Event OK
2/08/2020 9:08:56 PM,EVENT 52421 1596402525 -310128528/1219228653/828/10/0 OILPRESSURE 52416 3 v:122
2/08/2020 9:08:56 PM,252 Event OK
2/08/2020 9:08:57 PM,EVENT 52422 1596402532 -310129263/1219228640/781/10/5 INPUT 4 0 10 v:121
2/08/2020 9:08:57 PM,252 Event OK
2/08/2020 9:08:58 PM,EVENT 52423 1596402533 -310129279/1219228623/786/10/5 INPUT 4 1 0 v:121
2/08/2020 9:08:58 PM,252 Event OK
2/08/2020 9:08:59 PM,EVENT 52424 1596402535 -310129199/1219228747/802/10/4 INPUT 3 1 0 v:121
2/08/2020 9:08:59 PM,252 Event OK
2/08/2020 9:08:59 PM,QUIT
2/08/2020 9:08:59 PM,221 Session ended - goodbye
2/08/2020 9:10:35 PM,UNIT 10604
2/08/2020 9:10:35 PM,333 CHAL 203AEF30
2/08/2020 9:10:35 PM,RESP 56EF575F
2/08/2020 9:10:35 PM,230 Auth OK
2/08/2020 9:10:36 PM,TIME
2/08/2020 9:10:36 PM,211 TIME 1596402636
2/08/2020 9:10:36 PM,EVCOUNT 1
2/08/2020 9:10:36 PM,252 Event OK
2/08/2020 9:10:37 PM,TODO
2/08/2020 9:10:37 PM,226 Nothing to do
2/08/2020 9:10:38 PM,EVENT 52425 1596402632 -310116578/1219218898/758/10/12 INPUT 3 0 97 v:121
2/08/2020 9:10:38 PM,252 Event OK
2/08/2020 9:10:38 PM,QUIT
2/08/2020 9:10:38 PM,221 Session ended - goodbye
2/08/2020 9:11:24 PM,UNIT 10604
2/08/2020 9:11:24 PM,333 CHAL 4B96E82C
2/08/2020 9:11:24 PM,RESP 97C8391F
2/08/2020 9:11:24 PM,230 Auth OK
2/08/2020 9:11:25 PM,TIME
2/08/2020 9:11:25 PM,211 TIME 1596402685
2/08/2020 9:11:26 PM,EVCOUNT 1
2/08/2020 9:11:26 PM,252 Event OK
2/08/2020 9:11:26 PM,TODO
2/08/2020 9:11:26 PM,226 Nothing to do
2/08/2020 9:11:27 PM,EVENT 52426 1596402681 -310116887/1219215242/696/11/8 INPUT 3 1 0 v:122
2/08/2020 9:11:27 PM,252 Event OK
2/08/2020 9:11:28 PM,QUIT
2/08/2020 9:11:28 PM,221 Session ended - goodbye
2/08/2020 9:12:37 PM,UNIT 10604
2/08/2020 9:12:37 PM,333 CHAL F499958
2/08/2020 9:12:38 PM,RESP 880E3DE5
2/08/2020 9:12:38 PM,230 Auth OK
2/08/2020 9:12:38 PM,TIME
2/08/2020 9:12:38 PM,211 TIME 1596402758
2/08/2020 9:12:39 PM,EVCOUNT 1
2/08/2020 9:12:39 PM,252 Event OK
2/08/2020 9:12:39 PM,TODO
2/08/2020 9:12:39 PM,226 Nothing to do
2/08/2020 9:12:40 PM,EVENT 52427 1596402755 -310122925/1219226082/650/7/11 INPUT 3 0 74 v:121
2/08/2020 9:12:40 PM,252 Event OK
2/08/2020 9:12:41 PM,QUIT
2/08/2020 9:12:41 PM,221 Session ended - goodbye
2/08/2020 9:14:11 PM,UNIT 10604
2/08/2020 9:14:11 PM,333 CHAL 118DA9F8
2/08/2020 9:14:12 PM,RESP FAC98405
2/08/2020 9:14:12 PM,230 Auth OK
2/08/2020 9:14:13 PM,TIME
2/08/2020 9:14:13 PM,211 TIME 1596402853
2/08/2020 9:14:13 PM,EVCOUNT 2
2/08/2020 9:14:13 PM,252 Event OK
2/08/2020 9:14:14 PM,TODO
2/08/2020 9:14:14 PM,226 Nothing to do
2/08/2020 9:14:15 PM,EVENT 52428 1596402848 -310123056/1219227401/702/3/8 INPUT 3 1 0 v:121
2/08/2020 9:14:15 PM,252 Event OK
2/08/2020 9:14:16 PM,EVENT 52429 1596402850 -310122806/1219227646/713/3/9 INPUT 3 0 2 v:121
2/08/2020 9:14:16 PM,252 Event OK
2/08/2020 9:14:16 PM,QUIT
2/08/2020 9:14:16 PM,221 Session ended - goodbye
2/08/2020 9:14:26 PM,UNIT 10604
2/08/2020 9:14:26 PM,333 CHAL 647FAD95
2/08/2020 9:14:27 PM,RESP 07DEA414
2/08/2020 9:14:27 PM,230 Auth OK
2/08/2020 9:14:27 PM,TIME
2/08/2020 9:14:27 PM,211 TIME 1596402867
2/08/2020 9:14:28 PM,EVCOUNT 4
2/08/2020 9:14:28 PM,252 Event OK
2/08/2020 9:14:28 PM,TODO
2/08/2020 9:14:28 PM,226 Nothing to do
2/08/2020 9:14:29 PM,EVENT 52430 1596402864 -310121571/1219228587/731/3/3 INPUT 7 1 0 v:121
2/08/2020 9:14:29 PM,252 Event OK
2/08/2020 9:14:30 PM,EVENT 52431 1596402864 -310121571/1219228587/731/3/3 INPUT 8 0 354 v:121
2/08/2020 9:14:30 PM,252 Event OK
2/08/2020 9:14:30 PM,EVENT 52432 1596402864 -310121553/1219228610/734/3/3 INPUT 1 1 0 v:121
2/08/2020 9:14:30 PM,252 Event OK
2/08/2020 9:14:31 PM,EVENT 52433 1596402865 -310121550/1219228617/746/3/3 INPUT 4 0 333 v:121
2/08/2020 9:14:31 PM,252 Event OK
2/08/2020 9:14:32 PM,EVENT 52434 1596402869 -310121556/1219228608/761/3/0 TRIP 52416 173 170 9 6 352 v:121
2/08/2020 9:14:32 PM,252 Event OK
2/08/2020 9:14:32 PM,EVENT 52435 1596402869 -310121558/1219228606/765/3/0 TRIPSUMMARY 52416 v:121
2/08/2020 9:14:32 PM,252 Event OK
2/08/2020 9:14:33 PM,QUIT
2/08/2020 9:14:33 PM,221 Session ended - goodbye
2/08/2020 9:20:24 PM,UNIT 10604
2/08/2020 9:20:24 PM,333 CHAL A22EACC
2/08/2020 9:20:25 PM,RESP 14501BD1
2/08/2020 9:20:25 PM,230 Auth OK
2/08/2020 9:20:25 PM,TIME
2/08/2020 9:20:25 PM,211 TIME 1596403225
2/08/2020 9:20:26 PM,EVCOUNT 2
2/08/2020 9:20:26 PM,252 Event OK
2/08/2020 9:20:26 PM,TODO
2/08/2020 9:20:26 PM,226 Nothing to do
2/08/2020 9:20:27 PM,EVENT 52436 1596403222 -310121666/1219228735/812/4/0 INPUT 8 1 0 v:121
2/08/2020 9:20:27 PM,252 Event OK
2/08/2020 9:20:28 PM,EVENT 52437 1596403222 -310121666/1219228735/812/4/0 INPUT 7 0 359 v:121
2/08/2020 9:20:28 PM,252 Event OK
2/08/2020 9:20:28 PM,QUIT
2/08/2020 9:20:28 PM,221 Session ended - goodbye
2/08/2020 9:20:38 PM,UNIT 10604
2/08/2020 9:20:38 PM,333 CHAL 52550663
2/08/2020 9:20:39 PM,RESP 282E8023
2/08/2020 9:20:39 PM,230 Auth OK
2/08/2020 9:20:39 PM,TIME
2/08/2020 9:20:39 PM,211 TIME 1596403239
2/08/2020 9:20:40 PM,EVCOUNT 6
2/08/2020 9:20:40 PM,252 Event OK
2/08/2020 9:20:40 PM,TODO
2/08/2020 9:20:40 PM,226 Nothing to do
2/08/2020 9:20:41 PM,EVENT 52438 1596403232 -310121672/1219228777/812/2/0 SIGNON 2533 03edf114 OK 26 90775 0 v:121
2/08/2020 9:20:41 PM,252 Event OK
2/08/2020 9:20:42 PM,EVENT 52439 1596403238 -310121642/1219228770/808/2/0 INPUT 7 1 0 v:122
2/08/2020 9:20:42 PM,252 Event OK
2/08/2020 9:20:42 PM,EVENT 52440 1596403238 -310121638/1219228769/807/2/0 INPUT 7 0 0 v:122
2/08/2020 9:20:42 PM,252 Event OK
2/08/2020 9:20:43 PM,EVENT 52441 1596403238 -310121638/1219228769/807/2/0 INPUT 4 1 0 v:122
2/08/2020 9:20:43 PM,252 Event OK
2/08/2020 9:20:44 PM,EVENT 52442 1596403238 -310121634/1219228768/806/2/0 INPUT 1 0 374 v:122
2/08/2020 9:20:44 PM,252 Event OK
2/08/2020 9:20:45 PM,EVENT 52443 1596403240 -310121626/1219228761/803/2/0 OILPRESSURE 52438 2 v:122
2/08/2020 9:20:45 PM,252 Event OK
2/08/2020 9:20:45 PM,QUIT
2/08/2020 9:20:45 PM,221 Session ended - goodbye
2/08/2020 9:21:03 PM,UNIT 10604
2/08/2020 9:21:03 PM,333 CHAL 5A9CEFDB
2/08/2020 9:21:03 PM,RESP 07C5520B
2/08/2020 9:21:03 PM,230 Auth OK
2/08/2020 9:21:04 PM,TIME
2/08/2020 9:21:04 PM,211 TIME 1596403264
2/08/2020 9:21:04 PM,EVCOUNT 2
2/08/2020 9:21:04 PM,252 Event OK
2/08/2020 9:21:05 PM,TODO
2/08/2020 9:21:05 PM,226 Nothing to do
2/08/2020 9:21:05 PM,EVENT 52444 1596403260 -310122148/1219227903/758/2/5 INPUT 3 1 0 v:122
2/08/2020 9:21:05 PM,252 Event OK
2/08/2020 9:21:06 PM,EVENT 52445 1596403262 -310122115/1219228176/753/2/9 INPUT 3 0 2 v:122
2/08/2020 9:21:06 PM,252 Event OK
2/08/2020 9:21:07 PM,QUIT
2/08/2020 9:21:07 PM,221 Session ended - goodbye
2/08/2020 9:21:17 PM,UNIT 10604
2/08/2020 9:21:17 PM,333 CHAL 4FE3F841
2/08/2020 9:21:18 PM,RESP F6D716BB
2/08/2020 9:21:18 PM,230 Auth OK
2/08/2020 9:21:18 PM,TIME
2/08/2020 9:21:18 PM,211 TIME 1596403278
2/08/2020 9:21:19 PM,EVCOUNT 8
2/08/2020 9:21:19 PM,252 Event OK
2/08/2020 9:21:20 PM,TODO
2/08/2020 9:21:20 PM,226 Nothing to do
2/08/2020 9:21:21 PM,EVENT 52446 1596403269 -310121810/1219229243/744/7/3 INPUT 7 1 0 v:122
2/08/2020 9:21:21 PM,252 Event OK
2/08/2020 9:21:21 PM,EVENT 52447 1596403269 -310121810/1219229243/744/7/3 INPUT 8 0 47 v:122
2/08/2020 9:21:21 PM,252 Event OK
2/08/2020 9:21:22 PM,EVENT 52448 1596403269 -310121806/1219229250/744/7/3 INPUT 1 1 0 v:121
2/08/2020 9:21:22 PM,252 Event OK
2/08/2020 9:21:23 PM,EVENT 52449 1596403270 -310121806/1219229250/744/7/3 INPUT 4 0 32 v:121
2/08/2020 9:21:23 PM,252 Event OK
2/08/2020 9:21:24 PM,EVENT 52450 1596403274 -310121782/1219229263/739/7/0 TRIP 52438 2 30 10 6 42 v:121
2/08/2020 9:21:24 PM,252 Event OK
2/08/2020 9:21:25 PM,EVENT 52451 1596403274 -310121780/1219229264/739/7/0 TRIPSUMMARY 52438 v:121
2/08/2020 9:21:25 PM,252 Event OK
2/08/2020 9:21:26 PM,EVENT 52452 1596403277 -310121769/1219229272/741/7/0 INPUT 8 1 0 v:121
2/08/2020 9:21:26 PM,252 Event OK
2/08/2020 9:21:27 PM,EVENT 52453 1596403278 -310121767/1219229274/743/7/0 INPUT 7 0 9 v:121
2/08/2020 9:21:27 PM,252 Event OK
2/08/2020 9:21:28 PM,EVENT 52454 1596403287 -310121730/1219229305/702/7/0 SIGNON 2533 03edf114 OK 26 90775 0 v:121
2/08/2020 9:21:28 PM,252 Event OK
2/08/2020 9:21:29 PM,QUIT
2/08/2020 9:21:29 PM,221 Session ended - goodbye
2/08/2020 9:21:39 PM,UNIT 10604
2/08/2020 9:21:39 PM,333 CHAL 28D7DB7E
2/08/2020 9:21:40 PM,RESP 5A418942
2/08/2020 9:21:40 PM,230 Auth OK
2/08/2020 9:21:40 PM,TIME
2/08/2020 9:21:40 PM,211 TIME 1596403300
2/08/2020 9:21:41 PM,EVCOUNT 3
2/08/2020 9:21:41 PM,252 Event OK
2/08/2020 9:21:41 PM,TODO
2/08/2020 9:21:41 PM,226 Nothing to do
2/08/2020 9:21:42 PM,EVENT 52455 1596403295 -310121734/1219229304/691/4/0 INPUT 4 1 0 v:122
2/08/2020 9:21:42 PM,252 Event OK
2/08/2020 9:21:43 PM,EVENT 52456 1596403296 -310121738/1219229303/690/4/0 INPUT 1 0 27 v:122
2/08/2020 9:21:43 PM,252 Event OK
2/08/2020 9:21:44 PM,EVENT 52457 1596403297 -310121743/1219229304/690/4/0 OILPRESSURE 52454 5 v:122
2/08/2020 9:21:44 PM,252 Event OK
2/08/2020 9:21:45 PM,QUIT
2/08/2020 9:21:45 PM,221 Session ended - goodbye
2/08/2020 9:35:53 PM,UNIT 10604
2/08/2020 9:35:53 PM,333 CHAL 74F38B09
2/08/2020 9:35:54 PM,RESP B74FCF03
2/08/2020 9:35:54 PM,230 Auth OK
2/08/2020 9:35:55 PM,TIME
2/08/2020 9:35:55 PM,211 TIME 1596404155
2/08/2020 9:35:55 PM,EVCOUNT 1
2/08/2020 9:35:55 PM,252 Event OK
2/08/2020 9:35:56 PM,TODO
2/08/2020 9:35:56 PM,226 Nothing to do
2/08/2020 9:35:57 PM,EVENT 52458 1596404151 -310121761/1219229316/825/5/0 REPORT 52454 0 67 v:121
2/08/2020 9:35:57 PM,252 Event OK
2/08/2020 9:35:57 PM,QUIT
2/08/2020 9:35:57 PM,221 Session ended - goodbye
2/08/2020 9:41:38 PM,UNIT 10604
2/08/2020 9:41:38 PM,333 CHAL 72EBEC5A
2/08/2020 9:41:40 PM,RESP 7D09CFED
2/08/2020 9:41:40 PM,230 Auth OK
2/08/2020 9:41:41 PM,TIME
2/08/2020 9:41:41 PM,211 TIME 1596404501
2/08/2020 9:41:43 PM,EVCOUNT 1
2/08/2020 9:41:43 PM,252 Event OK
2/08/2020 9:41:44 PM,TODO
2/08/2020 9:41:44 PM,226 Nothing to do
2/08/2020 9:41:45 PM,EVENT 52459 1596404494 -310121569/1219229484/772/4/5 INPUT 3 1 0 v:121
2/08/2020 9:41:45 PM,252 Event OK
2/08/2020 9:41:47 PM,QUIT
2/08/2020 9:41:47 PM,221 Session ended - goodbye
2/08/2020 9:42:07 PM,UNIT 10604
2/08/2020 9:42:07 PM,333 CHAL 625F4193
2/08/2020 9:42:08 PM,RESP B027C222
2/08/2020 9:42:08 PM,230 Auth OK
2/08/2020 9:42:10 PM,TIME
2/08/2020 9:42:10 PM,211 TIME 1596404530
2/08/2020 9:42:11 PM,EVCOUNT 1
2/08/2020 9:42:11 PM,252 Event OK
2/08/2020 9:42:12 PM,TODO
2/08/2020 9:42:12 PM,226 Nothing to do
2/08/2020 9:42:14 PM,EVENT 52460 1596404524 -310129945/1219243000/654/8/25 ZONEOVERSPEED 52454 10 36 1 v:122
2/08/2020 9:42:14 PM,252 Event OK
2/08/2020 9:42:15 PM,QUIT
2/08/2020 9:42:15 PM,221 Session ended - goodbye
2/08/2020 9:42:55 PM,UNIT 10604
2/08/2020 9:42:55 PM,333 CHAL 50977F0A
2/08/2020 9:42:55 PM,RESP D87BF06A
2/08/2020 9:42:55 PM,230 Auth OK
2/08/2020 9:42:56 PM,TIME
2/08/2020 9:42:56 PM,211 TIME 1596404576
2/08/2020 9:42:56 PM,EVCOUNT 5
2/08/2020 9:42:56 PM,252 Event OK
2/08/2020 9:42:57 PM,TODO
2/08/2020 9:42:57 PM,226 Nothing to do
2/08/2020 9:42:57 PM,EVENT 52461 1596404571 -310143553/1219230177/722/4/9 INPUT 3 0 78 v:121
2/08/2020 9:42:57 PM,252 Event OK
2/08/2020 9:42:58 PM,EVENT 52462 1596404572 -310143553/1219230177/722/4/9 INPUT 7 1 0 v:121
2/08/2020 9:42:58 PM,252 Event OK
2/08/2020 9:42:59 PM,EVENT 52463 1596404572 -310143553/1219230177/722/4/9 INPUT 8 0 1294 v:121
2/08/2020 9:42:59 PM,252 Event OK
2/08/2020 9:42:59 PM,EVENT 52464 1596404572 -310143699/1219230180/723/4/8 INPUT 1 1 0 v:121
2/08/2020 9:42:59 PM,252 Event OK
2/08/2020 9:43:00 PM,EVENT 52465 1596404573 -310143774/1219230184/722/4/8 INPUT 4 0 1278 v:121
2/08/2020 9:43:00 PM,252 Event OK
2/08/2020 9:43:01 PM,EVENT 52466 1596404577 -310143787/1219230171/724/4/0 TRIP 52454 78 1200 12 9 1290 v:121
2/08/2020 9:43:01 PM,252 Event OK
2/08/2020 9:43:01 PM,EVENT 52467 1596404577 -310143787/1219230171/724/4/0 TRIPSUMMARY 52454 v:121
2/08/2020 9:43:01 PM,252 Event OK
2/08/2020 9:43:02 PM,QUIT
2/08/2020 9:43:02 PM,221 Session ended - goodbye
2/08/2020 10:09:22 PM,UNIT 10604
2/08/2020 10:09:22 PM,333 CHAL 14202711
2/08/2020 10:09:22 PM,RESP C5B6B4D9
2/08/2020 10:09:22 PM,230 Auth OK
2/08/2020 10:09:23 PM,TIME
2/08/2020 10:09:23 PM,211 TIME 1596406163
2/08/2020 10:09:23 PM,EVCOUNT 3
2/08/2020 10:09:23 PM,252 Event OK
2/08/2020 10:09:24 PM,TODO
2/08/2020 10:09:24 PM,226 Nothing to do
2/08/2020 10:09:25 PM,EVENT 52468 1596406159 -310143941/1219230127/717/7/0 INPUT 8 1 0 v:121
2/08/2020 10:09:25 PM,252 Event OK
2/08/2020 10:09:25 PM,EVENT 52469 1596406159 -310143941/1219230127/719/7/0 INPUT 7 0 1587 v:121
2/08/2020 10:09:25 PM,252 Event OK
2/08/2020 10:09:26 PM,EVENT 52470 1596406160 -310143941/1219230126/721/7/0 DEBUG Time(BAD):1596406160->4294967295 v:122
2/08/2020 10:09:26 PM,252 Event OK
2/08/2020 10:09:26 PM,QUIT
2/08/2020 10:09:26 PM,221 Session ended - goodbye
2/08/2020 10:09:37 PM,UNIT 10604
2/08/2020 10:09:37 PM,333 CHAL 5B79DCBE
2/08/2020 10:09:37 PM,RESP D5F10315
2/08/2020 10:09:37 PM,230 Auth OK
2/08/2020 10:09:37 PM,TIME
2/08/2020 10:09:37 PM,211 TIME 1596406177
2/08/2020 10:09:38 PM,EVCOUNT 2
2/08/2020 10:09:38 PM,252 Event OK
2/08/2020 10:09:38 PM,TODO
2/08/2020 10:09:38 PM,226 Nothing to do
2/08/2020 10:09:39 PM,EVENT 52471 1596406168 -310143961/1219230133/711/7/0 SIGNON 2489 01effad3 OK_CL 26 80296 0 v:122
2/08/2020 10:09:39 PM,252 Event OK
2/08/2020 10:09:40 PM,EVENT 52472 1596406172 -310143952/1219230131/720/7/0 CHECKLIST 52471 OK 0 5 432 F v:122
2/08/2020 10:09:40 PM,252 Event OK
2/08/2020 10:09:40 PM,EVENT 52473 1596406180 -310143948/1219230092/718/6/0 INPUT 7 1 0 v:122
2/08/2020 10:09:40 PM,252 Event OK
2/08/2020 10:09:41 PM,EVENT 52474 1596406180 -310143948/1219230092/718/6/0 INPUT 4 1 0 v:122
2/08/2020 10:09:41 PM,252 Event OK
2/08/2020 10:09:42 PM,EVENT 52475 1596406180 -310143948/1219230088/717/6/0 INPUT 7 0 0 v:122
2/08/2020 10:09:42 PM,252 Event OK
2/08/2020 10:09:42 PM,EVENT 52476 1596406182 -310143949/1219230075/714/6/0 INPUT 1 0 1610 v:123
2/08/2020 10:09:42 PM,252 Event OK
2/08/2020 10:09:43 PM,QUIT
2/08/2020 10:09:43 PM,221 Session ended - goodbye
2/08/2020 10:09:54 PM,UNIT 10604
2/08/2020 10:09:54 PM,333 CHAL DE7315B
2/08/2020 10:09:54 PM,RESP 2F0C1B1C
2/08/2020 10:09:54 PM,230 Auth OK
2/08/2020 10:09:54 PM,TIME
2/08/2020 10:09:54 PM,211 TIME 1596406194
2/08/2020 10:09:55 PM,EVCOUNT 3
2/08/2020 10:09:55 PM,252 Event OK
2/08/2020 10:09:55 PM,TODO
2/08/2020 10:09:55 PM,226 Nothing to do
2/08/2020 10:09:56 PM,EVENT 52477 1596406183 -310143950/1219230059/711/6/0 OILPRESSURE 52471 9 v:123
2/08/2020 10:09:56 PM,252 Event OK
2/08/2020 10:09:57 PM,EVENT 52478 1596406192 -310143803/1219229996/691/6/0 INPUT 4 0 13 v:122
2/08/2020 10:09:57 PM,252 Event OK
2/08/2020 10:09:57 PM,EVENT 52479 1596406193 -310143780/1219229995/690/6/0 INPUT 4 1 0 v:122
2/08/2020 10:09:57 PM,252 Event OK
2/08/2020 10:09:58 PM,EVENT 52480 1596406197 -310143574/1219230008/689/6/0 INPUT 4 0 5 v:122
2/08/2020 10:09:58 PM,252 Event OK
2/08/2020 10:09:59 PM,EVENT 52481 1596406198 -310143550/1219230012/688/6/0 INPUT 4 1 0 v:122
2/08/2020 10:09:59 PM,252 Event OK
2/08/2020 10:09:59 PM,QUIT
2/08/2020 10:09:59 PM,221 Session ended - goodbye
2/08/2020 10:10:12 PM,UNIT 10604
2/08/2020 10:10:12 PM,333 CHAL 5F91016
2/08/2020 10:10:13 PM,RESP 16A1C642
2/08/2020 10:10:13 PM,230 Auth OK
2/08/2020 10:10:13 PM,TIME
2/08/2020 10:10:13 PM,211 TIME 1596406214
2/08/2020 10:10:14 PM,EVCOUNT 2
2/08/2020 10:10:14 PM,252 Event OK
2/08/2020 10:10:14 PM,TODO
2/08/2020 10:10:14 PM,226 Nothing to do
2/08/2020 10:10:15 PM,EVENT 52482 1596406209 -310142736/1219230097/677/2/3 INPUT 4 0 12 v:122
2/08/2020 10:10:15 PM,252 Event OK
2/08/2020 10:10:16 PM,EVENT 52483 1596406210 -310142700/1219230085/674/2/3 INPUT 4 1 0 v:122
2/08/2020 10:10:16 PM,252 Event OK
2/08/2020 10:10:16 PM,QUIT
2/08/2020 10:10:16 PM,221 Session ended - goodbye
2/08/2020 10:10:27 PM,UNIT 10604
2/08/2020 10:10:27 PM,333 CHAL 64149DFD
2/08/2020 10:10:27 PM,RESP 8733668E
2/08/2020 10:10:27 PM,230 Auth OK
2/08/2020 10:10:28 PM,TIME
2/08/2020 10:10:28 PM,211 TIME 1596406228
2/08/2020 10:10:29 PM,EVCOUNT 2
2/08/2020 10:10:29 PM,252 Event OK
2/08/2020 10:10:30 PM,TODO
2/08/2020 10:10:30 PM,226 Nothing to do
2/08/2020 10:10:31 PM,EVENT 52484 1596406222 -310142745/1219231461/674/2/8 INPUT 3 1 0 v:122
2/08/2020 10:10:31 PM,252 Event OK
2/08/2020 10:10:32 PM,EVENT 52485 1596406225 -310142844/1219232484/672/2/13 REPORT 52471 12 98 v:122
2/08/2020 10:10:32 PM,252 Event OK
2/08/2020 10:10:33 PM,QUIT
2/08/2020 10:10:33 PM,221 Session ended - goodbye
2/08/2020 10:11:46 PM,UNIT 10604
2/08/2020 10:11:46 PM,333 CHAL 5F35126A
2/08/2020 10:11:46 PM,RESP C6583BC0
2/08/2020 10:11:46 PM,230 Auth OK
2/08/2020 10:11:47 PM,TIME
2/08/2020 10:11:47 PM,211 TIME 1596406307
2/08/2020 10:11:47 PM,EVCOUNT 5
2/08/2020 10:11:47 PM,252 Event OK
2/08/2020 10:11:48 PM,TODO
2/08/2020 10:11:48 PM,226 Nothing to do
2/08/2020 10:11:48 PM,EVENT 52486 1596406303 -310121452/1219236235/726/12/10 INPUT 3 0 81 v:122
2/08/2020 10:11:48 PM,252 Event OK
2/08/2020 10:11:49 PM,EVENT 52487 1596406305 -310121285/1219236113/729/12/8 INPUT 7 1 0 v:122
2/08/2020 10:11:49 PM,252 Event OK
2/08/2020 10:11:50 PM,EVENT 52488 1596406305 -310121285/1219236113/729/12/8 INPUT 8 0 146 v:122
2/08/2020 10:11:50 PM,252 Event OK
2/08/2020 10:11:51 PM,EVENT 52489 1596406306 -310121287/1219236112/728/12/8 INPUT 1 1 0 v:122
2/08/2020 10:11:51 PM,252 Event OK
2/08/2020 10:11:51 PM,EVENT 52490 1596406306 -310121290/1219236111/727/12/8 INPUT 4 0 97 v:122
2/08/2020 10:11:51 PM,252 Event OK
2/08/2020 10:11:52 PM,EVENT 52491 1596406310 -310121301/1219236111/723/12/0 TRIP 52471 81 46 12 9 139 v:122
2/08/2020 10:11:52 PM,252 Event OK
2/08/2020 10:11:53 PM,EVENT 52492 1596406310 -310121301/1219236111/723/12/0 TRIPSUMMARY 52471 v:122
2/08/2020 10:11:53 PM,252 Event OK
2/08/2020 10:11:54 PM,QUIT
2/08/2020 10:11:54 PM,221 Session ended - goodbye
2/08/2020 10:12:38 PM,UNIT 10604
2/08/2020 10:12:38 PM,333 CHAL 769C9A32
2/08/2020 10:12:39 PM,RESP 164F6AE6
2/08/2020 10:12:39 PM,230 Auth OK
2/08/2020 10:12:39 PM,TIME
2/08/2020 10:12:39 PM,211 TIME 1596406359
2/08/2020 10:12:40 PM,EVCOUNT 2
2/08/2020 10:12:40 PM,252 Event OK
2/08/2020 10:12:41 PM,TODO
2/08/2020 10:12:41 PM,226 Nothing to do
2/08/2020 10:12:41 PM,EVENT 52493 1596406356 -310121239/1219236185/734/10/0 INPUT 8 1 0 v:122
2/08/2020 10:12:41 PM,252 Event OK
2/08/2020 10:12:42 PM,EVENT 52494 1596406356 -310121239/1219236185/734/10/0 INPUT 7 0 52 v:122
2/08/2020 10:12:42 PM,252 Event OK
2/08/2020 10:12:43 PM,QUIT
2/08/2020 10:12:43 PM,221 Session ended - goodbye
2/08/2020 10:12:52 PM,UNIT 10604
2/08/2020 10:12:52 PM,333 CHAL 43453691
2/08/2020 10:12:53 PM,RESP C62D38DB
2/08/2020 10:12:53 PM,230 Auth OK
2/08/2020 10:12:53 PM,TIME
2/08/2020 10:12:53 PM,211 TIME 1596406373
2/08/2020 10:12:54 PM,EVCOUNT 6
2/08/2020 10:12:54 PM,252 Event OK
2/08/2020 10:12:55 PM,TODO
2/08/2020 10:12:55 PM,226 Nothing to do
2/08/2020 10:12:55 PM,EVENT 52495 1596406365 -310121243/1219236174/736/10/0 SIGNON 2489 01effad3 OK 26 80296 0 v:122
2/08/2020 10:12:55 PM,252 Event OK
2/08/2020 10:12:56 PM,EVENT 52496 1596406370 -310121255/1219236168/739/10/0 INPUT 7 1 0 v:122
2/08/2020 10:12:56 PM,252 Event OK
2/08/2020 10:12:57 PM,EVENT 52497 1596406370 -310121255/1219236168/739/10/0 INPUT 4 1 0 v:122
2/08/2020 10:12:57 PM,252 Event OK
2/08/2020 10:12:58 PM,EVENT 52498 1596406370 -310121256/1219236168/738/10/0 INPUT 7 0 0 v:122
2/08/2020 10:12:58 PM,252 Event OK
2/08/2020 10:12:59 PM,EVENT 52499 1596406371 -310121256/1219236169/737/10/0 INPUT 1 0 65 v:122
2/08/2020 10:12:59 PM,252 Event OK
2/08/2020 10:12:59 PM,EVENT 52500 1596406372 -310121256/1219236171/734/10/0 OILPRESSURE 52495 3 v:122
2/08/2020 10:12:59 PM,252 Event OK
2/08/2020 10:13:00 PM,EVENT 52501 1596406377 -310120789/1219235841/720/10/8 INPUT 3 1 0 v:122
2/08/2020 10:13:00 PM,252 Event OK
2/08/2020 10:13:01 PM,QUIT
2/08/2020 10:13:01 PM,221 Session ended - goodbye
2/08/2020 10:13:11 PM,UNIT 10604
2/08/2020 10:13:11 PM,333 CHAL 403C59B9
2/08/2020 10:13:11 PM,RESP 2B09F3C0
2/08/2020 10:13:11 PM,230 Auth OK
2/08/2020 10:13:12 PM,TIME
2/08/2020 10:13:12 PM,211 TIME 1596406392
2/08/2020 10:13:13 PM,EVCOUNT 2
2/08/2020 10:13:13 PM,252 Event OK
2/08/2020 10:13:13 PM,TODO
2/08/2020 10:13:13 PM,226 Nothing to do
2/08/2020 10:13:14 PM,EVENT 52502 1596406385 -310118931/1219234381/709/10/9 INPUT 3 0 7 v:122
2/08/2020 10:13:14 PM,252 Event OK
2/08/2020 10:13:16 PM,EVENT 52503 1596406386 -310118786/1219234187/712/10/8 INPUT 3 1 0 v:122
2/08/2020 10:13:16 PM,252 Event OK
2/08/2020 10:13:16 PM,QUIT
2/08/2020 10:13:16 PM,221 Session ended - goodbye
2/08/2020 10:13:26 PM,UNIT 10604
2/08/2020 10:13:26 PM,333 CHAL 7DD0A7EE
2/08/2020 10:13:27 PM,RESP 6275435C
2/08/2020 10:13:27 PM,230 Auth OK
2/08/2020 10:13:28 PM,TIME
2/08/2020 10:13:28 PM,211 TIME 1596406408
2/08/2020 10:13:28 PM,EVCOUNT 1
2/08/2020 10:13:28 PM,252 Event OK
2/08/2020 10:13:29 PM,TODO
2/08/2020 10:13:29 PM,226 Nothing to do
2/08/2020 10:13:29 PM,EVENT 52504 1596406401 -310121338/1219229652/737/7/11 INPUT 3 0 15 v:122
2/08/2020 10:13:29 PM,252 Event OK
2/08/2020 10:13:30 PM,QUIT
2/08/2020 10:13:30 PM,221 Session ended - goodbye
2/08/2020 10:33:27 PM,UNIT 10604
2/08/2020 10:33:27 PM,333 CHAL 571DB249
2/08/2020 10:33:28 PM,RESP DA077FEE
2/08/2020 10:33:28 PM,230 Auth OK
2/08/2020 10:33:29 PM,TIME
2/08/2020 10:33:29 PM,211 TIME 1596407609
3/08/2020 9:04:00 AM,UNIT 10604
3/08/2020 9:04:00 AM,333 CHAL 64CCAAFB
3/08/2020 9:04:00 AM,RESP 88356DEF
3/08/2020 9:04:00 AM,230 Auth OK
3/08/2020 9:04:01 AM,TIME
3/08/2020 9:04:01 AM,211 TIME 1596445441
3/08/2020 9:04:01 AM,EVCOUNT 895
3/08/2020 9:04:01 AM,252 Event OK
3/08/2020 9:04:01 AM,TODO
3/08/2020 9:04:01 AM,125 TODO GET 1363338 user.tar.gz_5.0.58.515 
225 Work list complete
3/08/2020 9:04:02 AM,GET
3/08/2020 9:04:02 AM,Binary data 1363402 bytes
3/08/2020 9:07:11 AM,GOT user.tar.gz_5.0.58.515 1363338 334442BD
3/08/2020 9:07:11 AM,250 Download OK
3/08/2020 9:07:12 AM,EVENT 52505 1596407604 -310121877/1219228610/636/2/8 INPUT 3 1 0 v:122
3/08/2020 9:07:12 AM,252 Event OK
3/08/2020 9:07:12 AM,EVENT 52506 1596408055 0/0/0/0/20 REPORT 52495 0 0 v:121
3/08/2020 9:07:12 AM,252 Event OK
3/08/2020 9:07:12 AM,EVENT 52507 1596408203 0/0/0/0/19 ENGINEOVERSPEED 52495 8 3438 v:121
3/08/2020 9:07:12 AM,252 Event OK
3/08/2020 9:07:12 AM,EVENT 52508 1596408752 0/0/0/0/10 INPUT 3 0 1148 v:121
3/08/2020 9:07:12 AM,252 Event OK
3/08/2020 9:07:13 AM,EVENT 52509 1596408760 0/0/0/0/0 INPUT 7 1 0 v:122
3/08/2020 9:07:13 AM,252 Event OK
3/08/2020 9:07:13 AM,EVENT 52510 1596408760 0/0/0/0/0 INPUT 8 0 2404 v:122
3/08/2020 9:07:13 AM,252 Event OK
3/08/2020 9:07:13 AM,EVENT 52511 1596408761 0/0/0/0/0 INPUT 1 1 0 v:122
3/08/2020 9:07:13 AM,252 Event OK
3/08/2020 9:07:13 AM,EVENT 52512 1596408761 0/0/0/0/0 INPUT 4 0 2392 v:122
3/08/2020 9:07:13 AM,252 Event OK
3/08/2020 9:07:14 AM,EVENT 52513 1596408765 0/0/0/0/0 TRIP 52495 1170 1222 8 5 2400 v:122
3/08/2020 9:07:14 AM,252 Event OK
3/08/2020 9:07:14 AM,EVENT 52514 1596408765 0/0/0/0/0 TRIPSUMMARY 52495 v:122
3/08/2020 9:07:14 AM,252 Event OK
3/08/2020 9:07:14 AM,EVENT 52515 1596408919 0/0/0/0/0 INPUT 8 1 0 v:122
3/08/2020 9:07:14 AM,252 Event OK
3/08/2020 9:07:14 AM,EVENT 52516 1596408919 0/0/0/0/0 INPUT 7 0 159 v:122
3/08/2020 9:07:14 AM,252 Event OK
3/08/2020 9:07:15 AM,EVENT 52517 1596408929 0/0/0/0/0 SIGNON 2489 01effad3 OK 26 80296 0 v:122
3/08/2020 9:07:15 AM,252 Event OK
3/08/2020 9:07:17 AM,EVENT 52518 1596408940 0/0/0/0/0 INPUT 7 1 0 v:122
3/08/2020 9:07:17 AM,252 Event OK
3/08/2020 9:07:18 AM,EVENT 52519 1596408940 0/0/0/0/0 INPUT 7 0 0 v:122
3/08/2020 9:07:18 AM,252 Event OK
3/08/2020 9:07:18 AM,EVENT 52520 1596408941 0/0/0/0/0 INPUT 4 1 0 v:122
3/08/2020 9:07:18 AM,252 Event OK
3/08/2020 9:07:19 AM,EVENT 52521 1596408941 0/0/0/0/0 INPUT 1 0 180 v:122
3/08/2020 9:07:19 AM,252 Event OK
3/08/2020 9:07:19 AM,EVENT 52522 1596408942 0/0/0/0/0 OILPRESSURE 52517 8 v:122
3/08/2020 9:07:19 AM,252 Event OK
3/08/2020 9:07:19 AM,EVENT 52523 1596408983 0/0/0/0/7 INPUT 3 1 0 v:122
3/08/2020 9:07:19 AM,252 Event OK
3/08/2020 9:07:20 AM,EVENT 52524 1596409007 0/0/0/0/10 INPUT 3 0 24 v:122
3/08/2020 9:07:20 AM,252 Event OK
3/08/2020 9:07:20 AM,EVENT 52525 1596409009 0/0/0/0/7 INPUT 3 1 0 v:122
3/08/2020 9:07:20 AM,252 Event OK
3/08/2020 9:07:20 AM,EVENT 52526 1596409265 0/0/0/0/12 INPUT 3 0 256 v:122
3/08/2020 9:07:20 AM,252 Event OK
3/08/2020 9:07:20 AM,EVENT 52527 1596409403 0/0/0/0/3 INPUT 7 1 0 v:122
3/08/2020 9:07:20 AM,252 Event OK
3/08/2020 9:07:20 AM,EVENT 52528 1596409403 0/0/0/0/3 INPUT 8 0 484 v:122
3/08/2020 9:07:20 AM,252 Event OK
3/08/2020 9:07:21 AM,EVENT 52529 1596409403 0/0/0/0/3 INPUT 1 1 0 v:122
3/08/2020 9:07:21 AM,252 Event OK
3/08/2020 9:07:21 AM,EVENT 52530 1596409405 0/0/0/0/3 INPUT 4 0 465 v:122
3/08/2020 9:07:21 AM,252 Event OK
3/08/2020 9:07:23 AM,EVENT 52531 1596409408 0/0/0/0/0 TRIP 52517 280 185 14 12 479 v:122
3/08/2020 9:07:23 AM,252 Event OK
3/08/2020 9:07:23 AM,EVENT 52532 1596409408 0/0/0/0/0 TRIPSUMMARY 52517 v:122
3/08/2020 9:07:23 AM,252 Event OK
3/08/2020 9:07:23 AM,EVENT 52533 1596409660 0/0/0/0/0 INPUT 8 1 0 v:122
3/08/2020 9:07:23 AM,252 Event OK
3/08/2020 9:07:23 AM,EVENT 52534 1596409660 0/0/0/0/0 INPUT 7 0 257 v:122
3/08/2020 9:07:23 AM,252 Event OK
3/08/2020 9:07:24 AM,EVENT 52535 1596409668 0/0/0/0/0 SIGNON 2489 01effad3 OK 26 80296 0 v:122
3/08/2020 9:07:24 AM,252 Event OK
3/08/2020 9:07:24 AM,EVENT 52536 1596409674 0/0/0/0/0 INPUT 7 1 0 v:122
3/08/2020 9:07:24 AM,252 Event OK
3/08/2020 9:07:24 AM,EVENT 52537 1596409674 0/0/0/0/0 INPUT 7 0 0 v:122
3/08/2020 9:07:24 AM,252 Event OK
3/08/2020 9:07:24 AM,EVENT 52538 1596409674 0/0/0/0/0 INPUT 4 1 0 v:122
3/08/2020 9:07:24 AM,252 Event OK
3/08/2020 9:07:25 AM,EVENT 52539 1596409674 0/0/0/0/0 INPUT 1 0 272 v:122
3/08/2020 9:07:25 AM,252 Event OK
3/08/2020 9:07:26 AM,EVENT 52540 1596409676 0/0/0/0/0 OILPRESSURE 52535 3 v:122
3/08/2020 9:07:26 AM,252 Event OK
3/08/2020 9:07:26 AM,EVENT 52541 1596409686 0/0/0/0/5 INPUT 3 1 0 v:122
3/08/2020 9:07:26 AM,252 Event OK
3/08/2020 9:07:26 AM,EVENT 52542 1596409809 0/0/0/0/10 INPUT 3 0 123 v:122
3/08/2020 9:07:26 AM,252 Event OK
3/08/2020 9:07:26 AM,EVENT 52543 1596409809 0/0/0/0/8 INPUT 3 1 0 v:122
3/08/2020 9:07:26 AM,252 Event OK
3/08/2020 9:07:27 AM,EVENT 52544 1596409817 0/0/0/0/10 INPUT 3 0 8 v:122
3/08/2020 9:07:27 AM,252 Event OK
3/08/2020 9:07:27 AM,EVENT 52545 1596409824 0/0/0/0/5 INPUT 3 1 0 v:122
3/08/2020 9:07:27 AM,252 Event OK
3/08/2020 9:07:27 AM,EVENT 52546 1596409827 0/0/0/0/10 INPUT 3 0 2 v:122
3/08/2020 9:07:27 AM,252 Event OK
3/08/2020 9:07:27 AM,EVENT 52547 1596409828 0/0/0/0/5 INPUT 3 1 0 v:122
3/08/2020 9:07:27 AM,252 Event OK
3/08/2020 9:07:27 AM,EVENT 52548 1596409831 0/0/0/0/12 INPUT 3 0 3 v:122
3/08/2020 9:07:27 AM,252 Event OK
3/08/2020 9:07:28 AM,EVENT 52549 1596409844 0/0/0/0/3 INPUT 4 0 171 v:122
3/08/2020 9:07:28 AM,252 Event OK
3/08/2020 9:07:28 AM,EVENT 52550 1596409845 0/0/0/0/0 INPUT 4 1 0 v:122
3/08/2020 9:07:28 AM,252 Event OK
3/08/2020 9:07:28 AM,EVENT 52551 1596409850 0/0/0/0/3 INPUT 4 0 6 v:122
3/08/2020 9:07:28 AM,252 Event OK
3/08/2020 9:07:28 AM,EVENT 52552 1596409851 0/0/0/0/3 INPUT 4 1 0 v:122
3/08/2020 9:07:28 AM,252 Event OK
3/08/2020 9:07:28 AM,EVENT 52553 1596409854 0/0/0/0/5 INPUT 3 1 0 v:122
3/08/2020 9:07:28 AM,252 Event OK
3/08/2020 9:07:29 AM,EVENT 52554 1596409861 0/0/0/0/9 INPUT 3 0 6 v:122
3/08/2020 9:07:29 AM,252 Event OK
3/08/2020 9:07:29 AM,EVENT 52555 1596409862 0/0/0/0/8 INPUT 3 1 0 v:122
3/08/2020 9:07:29 AM,252 Event OK
3/08/2020 9:07:29 AM,EVENT 52556 1596409885 0/0/0/0/17 REPORT 52535 0 0 v:122
3/08/2020 9:07:29 AM,252 Event OK
3/08/2020 9:07:29 AM,EVENT 52557 1596409931 0/0/0/0/11 INPUT 3 0 69 v:122
3/08/2020 9:07:29 AM,252 Event OK
3/08/2020 9:07:30 AM,EVENT 52558 1596409956 0/0/0/0/5 INPUT 3 1 0 v:122
3/08/2020 9:07:30 AM,252 Event OK
3/08/2020 9:07:30 AM,EVENT 52559 1596410018 0/0/0/0/9 INPUT 3 0 63 v:122
3/08/2020 9:07:30 AM,252 Event OK
3/08/2020 9:07:30 AM,EVENT 52560 1596410023 0/0/0/0/3 INPUT 4 0 173 v:122
3/08/2020 9:07:30 AM,252 Event OK
3/08/2020 9:07:30 AM,EVENT 52561 1596410024 0/0/0/0/3 INPUT 4 1 0 v:122
3/08/2020 9:07:30 AM,252 Event OK
3/08/2020 9:07:31 AM,EVENT 52562 1596410029 0/0/0/0/6 INPUT 3 1 0 v:121
3/08/2020 9:07:31 AM,252 Event OK
3/08/2020 9:07:31 AM,EVENT 52563 1596410040 0/0/0/0/12 INPUT 3 0 11 v:122
3/08/2020 9:07:31 AM,252 Event OK
3/08/2020 9:07:31 AM,EVENT 52564 1596410041 0/0/0/0/8 INPUT 7 1 0 v:122
3/08/2020 9:07:31 AM,252 Event OK
3/08/2020 9:07:31 AM,EVENT 52565 1596410041 0/0/0/0/8 INPUT 8 0 381 v:121
3/08/2020 9:07:31 AM,252 Event OK
3/08/2020 9:07:31 AM,EVENT 52566 1596410041 0/0/0/0/8 INPUT 1 1 0 v:121
3/08/2020 9:07:31 AM,252 Event OK
3/08/2020 9:07:32 AM,EVENT 52567 1596410042 0/0/0/0/8 INPUT 4 0 19 v:122
3/08/2020 9:07:32 AM,252 Event OK
3/08/2020 9:07:32 AM,EVENT 52568 1596410046 0/0/0/0/0 TRIP 52535 285 84 8 5 377 v:121
3/08/2020 9:07:32 AM,252 Event OK
3/08/2020 9:07:32 AM,EVENT 52569 1596410046 0/0/0/0/0 TRIPSUMMARY 52535 v:121
3/08/2020 9:07:32 AM,252 Event OK
3/08/2020 9:07:32 AM,EVENT 52570 1596411249 0/0/0/0/0 INPUT 8 1 0 v:121
3/08/2020 9:07:32 AM,252 Event OK
3/08/2020 9:07:32 AM,EVENT 52571 1596411249 0/0/0/0/0 INPUT 7 0 1208 v:121
3/08/2020 9:07:32 AM,252 Event OK
3/08/2020 9:07:33 AM,EVENT 52572 1596411258 0/0/0/0/0 SIGNON 2489 01effad3 OK 26 80296 0 v:122
3/08/2020 9:07:33 AM,252 Event OK
3/08/2020 9:07:33 AM,EVENT 52573 1596411263 0/0/0/0/0 INPUT 7 1 0 v:122
3/08/2020 9:07:33 AM,252 Event OK
3/08/2020 9:07:33 AM,EVENT 52574 1596411263 0/0/0/0/0 INPUT 4 1 0 v:122
3/08/2020 9:07:33 AM,252 Event OK
3/08/2020 9:07:33 AM,EVENT 52575 1596411263 0/0/0/0/0 INPUT 7 0 0 v:122
3/08/2020 9:07:33 AM,252 Event OK
3/08/2020 9:07:33 AM,EVENT 52576 1596411264 0/0/0/0/0 INPUT 1 0 1223 v:122
3/08/2020 9:07:33 AM,252 Event OK
3/08/2020 9:07:34 AM,EVENT 52577 1596411266 0/0/0/0/3 OILPRESSURE 52572 4 v:122
3/08/2020 9:07:34 AM,252 Event OK
3/08/2020 9:07:34 AM,EVENT 52578 1596411267 0/0/0/0/3 INPUT 4 0 5 v:122
3/08/2020 9:07:34 AM,252 Event OK
3/08/2020 9:07:34 AM,EVENT 52579 1596411268 0/0/0/0/3 INPUT 4 1 0 v:122
3/08/2020 9:07:34 AM,252 Event OK
3/08/2020 9:07:34 AM,EVENT 52580 1596411306 0/0/0/0/5 INPUT 3 1 0 v:122
3/08/2020 9:07:34 AM,252 Event OK
3/08/2020 9:07:34 AM,EVENT 52581 1596411392 0/0/0/0/10 INPUT 3 0 86 v:122
3/08/2020 9:07:34 AM,252 Event OK
3/08/2020 9:07:35 AM,EVENT 52582 1596411394 0/0/0/0/8 INPUT 3 1 0 v:122
3/08/2020 9:07:35 AM,252 Event OK
3/08/2020 9:07:35 AM,EVENT 52583 1596411528 0/0/0/0/21 ENGINEOVERSPEED 52572 117 5971 v:122
3/08/2020 9:07:35 AM,252 Event OK
3/08/2020 9:07:35 AM,EVENT 52584 1596411550 0/0/0/0/10 INPUT 3 0 156 v:122
3/08/2020 9:07:35 AM,252 Event OK
3/08/2020 9:07:35 AM,EVENT 52585 1596411551 0/0/0/0/4 INPUT 4 0 284 v:122
3/08/2020 9:07:35 AM,252 Event OK
3/08/2020 9:07:36 AM,EVENT 52586 1596411552 0/0/0/0/4 INPUT 4 1 0 v:122
3/08/2020 9:07:36 AM,252 Event OK
3/08/2020 9:07:36 AM,EVENT 52587 1596411552 0/0/0/0/4 ENGINEOVERSPEED 52572 11 3790 v:122
3/08/2020 9:07:36 AM,252 Event OK
3/08/2020 9:07:36 AM,EVENT 52588 1596411556 0/0/0/0/3 INPUT 4 0 5 v:122
3/08/2020 9:07:36 AM,252 Event OK
3/08/2020 9:07:36 AM,EVENT 52589 1596411557 0/0/0/0/3 INPUT 4 1 0 v:122
3/08/2020 9:07:36 AM,252 Event OK
3/08/2020 9:07:36 AM,EVENT 52590 1596411715 0/0/0/0/6 REPORT 52572 0 0 v:122
3/08/2020 9:07:36 AM,252 Event OK
3/08/2020 9:07:37 AM,EVENT 52591 1596411790 0/0/0/0/6 INPUT 3 1 0 v:122
3/08/2020 9:07:37 AM,252 Event OK
3/08/2020 9:07:37 AM,EVENT 52592 1596411833 0/0/0/99/9 INPUT 3 0 43 v:122
3/08/2020 9:07:37 AM,252 Event OK
3/08/2020 9:07:37 AM,EVENT 52593 1596411854 0/0/0/0/8 INPUT 3 1 0 v:122
3/08/2020 9:07:37 AM,252 Event OK
3/08/2020 9:07:37 AM,EVENT 52594 1596411859 0/0/0/0/10 INPUT 3 0 5 v:122
3/08/2020 9:07:37 AM,252 Event OK
3/08/2020 9:07:37 AM,EVENT 52595 1596411863 0/0/0/0/8 INPUT 4 0 307 v:122
3/08/2020 9:07:37 AM,252 Event OK
3/08/2020 9:07:38 AM,EVENT 52596 1596411864 0/0/0/0/8 INPUT 4 1 0 v:122
3/08/2020 9:07:38 AM,252 Event OK
3/08/2020 9:07:38 AM,EVENT 52597 1596411864 0/0/0/0/8 INPUT 7 1 0 v:122
3/08/2020 9:07:38 AM,252 Event OK
3/08/2020 9:07:38 AM,EVENT 52598 1596411864 0/0/0/0/8 INPUT 8 0 615 v:122
3/08/2020 9:07:38 AM,252 Event OK
3/08/2020 9:07:38 AM,EVENT 52599 1596411864 0/0/0/0/8 INPUT 1 1 0 v:122
3/08/2020 9:07:38 AM,252 Event OK
3/08/2020 9:07:39 AM,EVENT 52600 1596411865 0/0/0/0/8 INPUT 4 0 2 v:122
3/08/2020 9:07:39 AM,252 Event OK
3/08/2020 9:07:39 AM,EVENT 52601 1596411869 0/0/0/0/0 TRIP 52572 290 313 8 5 611 v:122
3/08/2020 9:07:39 AM,252 Event OK
3/08/2020 9:07:39 AM,EVENT 52602 1596411869 0/0/0/0/0 TRIPSUMMARY 52572 v:122
3/08/2020 9:07:39 AM,252 Event OK
3/08/2020 9:07:40 AM,EVENT 52603 1596414980 0/0/0/0/0 SWSTART OpusFC 5.0.58.510 R v:122
3/08/2020 9:07:40 AM,252 Event OK
3/08/2020 9:07:40 AM,EVENT 52604 1596411869 0/0/0/0/0 POWERDOWN v:122
3/08/2020 9:07:40 AM,252 Event OK
3/08/2020 9:07:41 AM,EVENT 52605 1596414980 0/0/0/0/0 INPUT 1 1 0 v:122
3/08/2020 9:07:41 AM,252 Event OK
3/08/2020 9:07:41 AM,EVENT 52606 1596414980 0/0/0/0/0 INPUT 2 0 0 v:122
3/08/2020 9:07:41 AM,252 Event OK
3/08/2020 9:07:41 AM,EVENT 52607 1596414980 0/0/0/0/0 INPUT 3 0 0 v:122
3/08/2020 9:07:41 AM,252 Event OK
3/08/2020 9:07:41 AM,EVENT 52608 1596414980 0/0/0/0/0 INPUT 4 0 0 v:121
3/08/2020 9:07:41 AM,252 Event OK
3/08/2020 9:07:42 AM,EVENT 52609 1596414980 0/0/0/0/0 INPUT 7 0 0 v:121
3/08/2020 9:07:42 AM,252 Event OK
3/08/2020 9:07:42 AM,EVENT 52610 1596414980 0/0/0/0/0 INPUT 8 1 0 v:121
3/08/2020 9:07:42 AM,252 Event OK
3/08/2020 9:07:43 AM,EVENT 52611 1596414982 0/0/0/0/0 ZONE_OK 2 100 FW=NO VERSION v:121
3/08/2020 9:07:43 AM,252 Event OK
3/08/2020 9:07:43 AM,EVENT 52612 1596414990 0/0/0/0/0 SIGNON 2489 01effad3 OK 26 80296 0 v:121
3/08/2020 9:07:43 AM,252 Event OK
3/08/2020 9:07:43 AM,EVENT 52613 1596414998 0/0/0/99/0 INPUT 7 1 0 v:122
3/08/2020 9:07:43 AM,252 Event OK
3/08/2020 9:07:44 AM,EVENT 52614 1596414998 0/0/0/99/0 INPUT 4 1 0 v:122
3/08/2020 9:07:44 AM,252 Event OK
3/08/2020 9:07:44 AM,EVENT 52615 1596414999 0/0/0/99/0 INPUT 7 0 1 v:122
3/08/2020 9:07:44 AM,252 Event OK
3/08/2020 9:07:44 AM,EVENT 52616 1596415001 0/0/0/99/0 INPUT 1 0 21 v:122
3/08/2020 9:07:44 AM,252 Event OK
3/08/2020 9:07:44 AM,EVENT 52617 1596415003 0/0/0/99/0 OILPRESSURE 52612 7 v:122
3/08/2020 9:07:44 AM,252 Event OK
3/08/2020 9:07:45 AM,EVENT 52618 1596415028 0/0/0/0/4 INPUT 3 1 0 v:122
3/08/2020 9:07:45 AM,252 Event OK
3/08/2020 9:07:45 AM,EVENT 52619 1596415094 0/0/0/0/11 INPUT 3 0 66 v:122
3/08/2020 9:07:45 AM,252 Event OK
3/08/2020 9:07:48 AM,EVENT 52620 1596415116 0/0/0/0/3 INPUT 7 1 0 v:122
3/08/2020 9:07:48 AM,252 Event OK
3/08/2020 9:07:49 AM,EVENT 52621 1596415116 0/0/0/0/3 INPUT 8 0 136 v:122
3/08/2020 9:07:49 AM,252 Event OK
3/08/2020 9:07:49 AM,EVENT 52622 1596415117 0/0/0/0/3 INPUT 1 1 0 v:121
3/08/2020 9:07:49 AM,252 Event OK
3/08/2020 9:07:49 AM,EVENT 52623 1596415117 0/0/0/0/3 INPUT 4 0 119 v:121
3/08/2020 9:07:49 AM,252 Event OK
3/08/2020 9:07:50 AM,EVENT 52624 1596415121 0/0/0/0/0 TRIP 52612 66 54 11 7 131 v:121
3/08/2020 9:07:50 AM,252 Event OK
3/08/2020 9:07:50 AM,EVENT 52625 1596415121 0/0/0/0/0 TRIPSUMMARY 52612 v:121
3/08/2020 9:07:50 AM,252 Event OK
3/08/2020 9:07:50 AM,EVENT 52626 1596415165 0/0/0/0/0 REPORT * 0 0 v:122
3/08/2020 9:07:50 AM,252 Event OK
3/08/2020 9:07:50 AM,EVENT 52627 1596415637 0/0/0/0/0 INPUT 8 1 0 v:122
3/08/2020 9:07:50 AM,252 Event OK
3/08/2020 9:07:51 AM,EVENT 52628 1596415638 0/0/0/0/0 INPUT 7 0 521 v:122
3/08/2020 9:07:51 AM,252 Event OK
3/08/2020 9:07:51 AM,EVENT 52629 1596415646 0/0/0/0/0 SIGNON 2489 01effad3 OK 26 80296 0 v:122
3/08/2020 9:07:51 AM,252 Event OK
3/08/2020 9:07:51 AM,EVENT 52630 1596415651 0/0/0/0/0 INPUT 7 1 0 v:122
3/08/2020 9:07:51 AM,252 Event OK
3/08/2020 9:07:52 AM,EVENT 52631 1596415652 0/0/0/0/0 INPUT 7 0 1 v:122
3/08/2020 9:07:52 AM,252 Event OK
3/08/2020 9:07:52 AM,EVENT 52632 1596415652 0/0/0/0/0 INPUT 4 1 0 v:122
3/08/2020 9:07:52 AM,252 Event OK
3/08/2020 9:07:52 AM,EVENT 52633 1596415653 0/0/0/0/0 INPUT 1 0 536 v:122
3/08/2020 9:07:52 AM,252 Event OK
3/08/2020 9:07:52 AM,EVENT 52634 1596415654 0/0/0/0/0 OILPRESSURE 52629 3 v:122
3/08/2020 9:07:52 AM,252 Event OK
3/08/2020 9:07:53 AM,EVENT 52635 1596415657 0/0/0/0/5 INPUT 3 1 0 v:122
3/08/2020 9:07:53 AM,252 Event OK
3/08/2020 9:07:53 AM,EVENT 52636 1596415661 0/0/0/0/11 INPUT 3 0 4 v:122
3/08/2020 9:07:53 AM,252 Event OK
3/08/2020 9:07:54 AM,EVENT 52637 1596415664 0/0/0/0/8 INPUT 3 1 0 v:121
3/08/2020 9:07:54 AM,252 Event OK
3/08/2020 9:07:55 AM,EVENT 52638 1596415729 0/0/0/0/10 INPUT 3 0 65 v:122
3/08/2020 9:07:55 AM,252 Event OK
3/08/2020 9:07:55 AM,EVENT 52639 1596415747 0/0/0/0/8 INPUT 3 1 0 v:122
3/08/2020 9:07:55 AM,252 Event OK
3/08/2020 9:07:56 AM,EVENT 52640 1596415749 0/0/0/0/10 INPUT 3 0 2 v:122
3/08/2020 9:07:56 AM,252 Event OK
3/08/2020 9:07:58 AM,EVENT 52641 1596415752 0/0/0/0/3 INPUT 7 1 0 v:121
3/08/2020 9:07:58 AM,252 Event OK
3/08/2020 9:07:58 AM,EVENT 52642 1596415752 0/0/0/0/3 INPUT 8 0 115 v:121
3/08/2020 9:07:58 AM,252 Event OK
3/08/2020 9:07:59 AM,EVENT 52643 1596415753 0/0/0/0/3 INPUT 1 1 0 v:121
3/08/2020 9:07:59 AM,252 Event OK
3/08/2020 9:08:00 AM,EVENT 52644 1596415754 0/0/0/0/3 INPUT 4 0 103 v:121
3/08/2020 9:08:00 AM,252 Event OK
3/08/2020 9:08:00 AM,EVENT 52645 1596415757 0/0/0/0/0 TRIP 52629 71 32 9 6 112 v:121
3/08/2020 9:08:00 AM,252 Event OK
3/08/2020 9:08:01 AM,EVENT 52646 1596415757 0/0/0/0/0 TRIPSUMMARY 52629 v:121
3/08/2020 9:08:01 AM,252 Event OK
3/08/2020 9:08:04 AM,EVENT 52647 1596418560 0/0/0/0/0 SWSTART OpusFC 5.0.58.510 R v:121
3/08/2020 9:08:04 AM,252 Event OK
3/08/2020 9:08:05 AM,EVENT 52648 1596415757 0/0/0/0/0 POWERDOWN v:121
3/08/2020 9:08:05 AM,252 Event OK
3/08/2020 9:08:05 AM,EVENT 52649 1596418560 0/0/0/0/0 INPUT 1 1 0 v:121
3/08/2020 9:08:05 AM,252 Event OK
3/08/2020 9:08:06 AM,EVENT 52650 1596418560 0/0/0/0/0 INPUT 2 0 0 v:121
3/08/2020 9:08:06 AM,252 Event OK
3/08/2020 9:08:06 AM,EVENT 52651 1596418560 0/0/0/0/0 INPUT 3 0 0 v:121
3/08/2020 9:08:06 AM,252 Event OK
3/08/2020 9:08:06 AM,EVENT 52652 1596418560 0/0/0/0/0 INPUT 4 0 0 v:121
3/08/2020 9:08:06 AM,252 Event OK
3/08/2020 9:08:06 AM,EVENT 52653 1596418560 0/0/0/0/0 INPUT 7 0 0 v:121
3/08/2020 9:08:06 AM,252 Event OK
3/08/2020 9:08:06 AM,EVENT 52654 1596418560 0/0/0/0/0 INPUT 8 1 0 v:121
3/08/2020 9:08:06 AM,252 Event OK
3/08/2020 9:08:07 AM,EVENT 52655 1596418562 0/0/0/0/0 ZONE_OK 2 100 FW=NO VERSION v:121
3/08/2020 9:08:07 AM,252 Event OK
3/08/2020 9:08:07 AM,EVENT 52656 1596418570 0/0/0/0/0 SIGNON 2489 01effad3 OK 26 80296 0 v:121
3/08/2020 9:08:07 AM,252 Event OK
3/08/2020 9:08:07 AM,EVENT 52657 1596418575 0/0/0/99/0 INPUT 7 1 0 v:121
3/08/2020 9:08:07 AM,252 Event OK
3/08/2020 9:08:07 AM,EVENT 52658 1596418576 0/0/0/99/0 INPUT 4 1 0 v:122
3/08/2020 9:08:07 AM,252 Event OK
3/08/2020 9:08:07 AM,EVENT 52659 1596418577 0/0/0/99/0 INPUT 7 0 1 v:122
3/08/2020 9:08:07 AM,252 Event OK
3/08/2020 9:08:08 AM,EVENT 52660 1596418578 0/0/0/99/0 IMPACT 52656 8 0 0 0 8 0 - v:122
3/08/2020 9:08:08 AM,252 Event OK
3/08/2020 9:08:08 AM,EVENT 52661 1596418579 0/0/0/99/0 INPUT 1 0 18 v:121
3/08/2020 9:08:08 AM,252 Event OK
3/08/2020 9:08:08 AM,EVENT 52662 1596418580 0/0/0/99/0 OILPRESSURE 52656 5 v:122
3/08/2020 9:08:08 AM,252 Event OK
3/08/2020 9:08:08 AM,EVENT 52663 1596418584 0/0/0/0/0 INPUT 4 0 8 v:122
3/08/2020 9:08:08 AM,252 Event OK
3/08/2020 9:08:09 AM,EVENT 52664 1596418584 0/0/0/0/0 INPUT 4 1 0 v:122
3/08/2020 9:08:09 AM,252 Event OK
3/08/2020 9:08:09 AM,EVENT 52665 1596418611 0/0/0/0/7 INPUT 3 1 0 v:122
3/08/2020 9:08:09 AM,252 Event OK
3/08/2020 9:08:09 AM,EVENT 52666 1596418615 0/0/0/0/12 INPUT 3 0 4 v:122
3/08/2020 9:08:09 AM,252 Event OK
3/08/2020 9:08:10 AM,EVENT 52667 1596418713 0/0/0/0/7 INPUT 3 1 0 v:122
3/08/2020 9:08:10 AM,252 Event OK
3/08/2020 9:08:10 AM,EVENT 52668 1596418714 0/0/0/0/9 INPUT 3 0 1 v:121
3/08/2020 9:08:10 AM,252 Event OK
3/08/2020 9:08:10 AM,EVENT 52669 1596418716 0/0/0/0/8 INPUT 3 1 0 v:121
3/08/2020 9:08:10 AM,252 Event OK
3/08/2020 9:08:10 AM,EVENT 52670 1596418757 0/0/0/0/20 ENGINEOVERSPEED 52656 7 3458 v:122
3/08/2020 9:08:10 AM,252 Event OK
3/08/2020 9:08:10 AM,EVENT 52671 1596418780 0/0/0/0/11 INPUT 3 0 65 v:122
3/08/2020 9:08:10 AM,252 Event OK
3/08/2020 9:08:11 AM,EVENT 52672 1596418783 0/0/0/0/8 INPUT 3 1 0 v:122
3/08/2020 9:08:11 AM,252 Event OK
3/08/2020 9:08:11 AM,EVENT 52673 1596418785 0/0/0/0/10 INPUT 3 0 2 v:122
3/08/2020 9:08:11 AM,252 Event OK
3/08/2020 9:08:11 AM,EVENT 52674 1596418844 0/0/0/0/0 INPUT 7 1 0 v:122
3/08/2020 9:08:11 AM,252 Event OK
3/08/2020 9:08:11 AM,EVENT 52675 1596418844 0/0/0/0/0 INPUT 8 0 283 v:122
3/08/2020 9:08:11 AM,252 Event OK
3/08/2020 9:08:12 AM,EVENT 52676 1596418844 0/0/0/0/0 INPUT 1 1 0 v:121
3/08/2020 9:08:12 AM,252 Event OK
3/08/2020 9:08:12 AM,EVENT 52677 1596418845 0/0/0/0/0 INPUT 4 0 261 v:121
3/08/2020 9:08:12 AM,252 Event OK
3/08/2020 9:08:12 AM,EVENT 52678 1596418848 0/0/0/0/0 TRIP 52656 72 197 9 6 278 v:121
3/08/2020 9:08:12 AM,252 Event OK
3/08/2020 9:08:12 AM,EVENT 52679 1596418848 0/0/0/0/0 TRIPSUMMARY 52656 v:121
3/08/2020 9:08:12 AM,252 Event OK
3/08/2020 9:08:13 AM,EVENT 52680 1596418867 0/0/0/0/0 REPORT * 0 0 v:121
3/08/2020 9:08:13 AM,252 Event OK
3/08/2020 9:08:13 AM,EVENT 52681 1596418921 0/0/0/99/0 INPUT 8 1 0 v:121
3/08/2020 9:08:13 AM,252 Event OK
3/08/2020 9:08:13 AM,EVENT 52682 1596418921 0/0/0/99/0 INPUT 7 0 78 v:121
3/08/2020 9:08:13 AM,252 Event OK
3/08/2020 9:08:13 AM,EVENT 52683 1596418930 0/0/0/99/0 SIGNON 2489 01effad3 OK 26 80296 0 v:121
3/08/2020 9:08:13 AM,252 Event OK
3/08/2020 9:08:13 AM,EVENT 52684 1596418935 0/0/0/0/0 INPUT 7 1 0 v:122
3/08/2020 9:08:13 AM,252 Event OK
3/08/2020 9:08:14 AM,EVENT 52685 1596418936 0/0/0/0/0 INPUT 4 1 0 v:122
3/08/2020 9:08:14 AM,252 Event OK
3/08/2020 9:08:14 AM,EVENT 52686 1596418936 0/0/0/0/0 INPUT 7 0 0 v:122
3/08/2020 9:08:14 AM,252 Event OK
3/08/2020 9:08:14 AM,EVENT 52687 1596418936 0/0/0/0/0 INPUT 1 0 93 v:122
3/08/2020 9:08:14 AM,252 Event OK
3/08/2020 9:08:14 AM,EVENT 52688 1596418938 0/0/0/0/0 OILPRESSURE 52683 3 v:122
3/08/2020 9:08:14 AM,252 Event OK
3/08/2020 9:08:15 AM,EVENT 52689 1596418948 0/0/0/0/2 INPUT 4 0 13 v:122
3/08/2020 9:08:15 AM,252 Event OK
3/08/2020 9:08:15 AM,EVENT 52690 1596418948 0/0/0/0/2 INPUT 4 1 0 v:122
3/08/2020 9:08:15 AM,252 Event OK
3/08/2020 9:08:15 AM,EVENT 52691 1596418965 0/0/0/0/5 INPUT 3 1 0 v:122
3/08/2020 9:08:15 AM,252 Event OK
3/08/2020 9:08:15 AM,EVENT 52692 1596419001 0/0/0/0/13 INPUT 3 0 36 v:122
3/08/2020 9:08:15 AM,252 Event OK
3/08/2020 9:08:16 AM,EVENT 52693 1596419002 0/0/0/0/9 INPUT 4 0 54 v:122
3/08/2020 9:08:16 AM,252 Event OK
3/08/2020 9:08:16 AM,EVENT 52694 1596419002 0/0/0/0/9 INPUT 4 1 0 v:122
3/08/2020 9:08:16 AM,252 Event OK
3/08/2020 9:08:16 AM,EVENT 52695 1596419023 0/0/0/0/3 INPUT 7 1 0 v:122
3/08/2020 9:08:16 AM,252 Event OK
3/08/2020 9:08:16 AM,EVENT 52696 1596419023 0/0/0/0/3 INPUT 8 0 101 v:122
3/08/2020 9:08:16 AM,252 Event OK
3/08/2020 9:08:16 AM,EVENT 52697 1596419023 0/0/0/0/3 INPUT 1 1 0 v:122
3/08/2020 9:08:16 AM,252 Event OK
3/08/2020 9:08:17 AM,EVENT 52698 1596419024 0/0/0/0/3 INPUT 4 0 22 v:122
3/08/2020 9:08:17 AM,252 Event OK
3/08/2020 9:08:17 AM,EVENT 52699 1596419027 0/0/0/0/0 TRIP 52683 36 53 8 5 97 v:121
3/08/2020 9:08:17 AM,252 Event OK
3/08/2020 9:08:17 AM,EVENT 52700 1596419027 0/0/0/0/0 TRIPSUMMARY 52683 v:121
3/08/2020 9:08:17 AM,252 Event OK
3/08/2020 9:08:17 AM,EVENT 52701 1596419176 0/0/0/0/0 INPUT 8 1 0 v:122
3/08/2020 9:08:17 AM,252 Event OK
3/08/2020 9:08:18 AM,EVENT 52702 1596419177 0/0/0/0/0 INPUT 7 0 154 v:122
3/08/2020 9:08:18 AM,252 Event OK
3/08/2020 9:08:18 AM,EVENT 52703 1596419184 0/0/0/0/0 SIGNON 2489 01effad3 OK 26 80296 0 v:122
3/08/2020 9:08:18 AM,252 Event OK
3/08/2020 9:08:18 AM,EVENT 52704 1596419189 0/0/0/0/0 INPUT 7 1 0 v:122
3/08/2020 9:08:18 AM,252 Event OK
3/08/2020 9:08:18 AM,EVENT 52705 1596419189 0/0/0/0/0 INPUT 4 1 0 v:122
3/08/2020 9:08:18 AM,252 Event OK
3/08/2020 9:08:19 AM,EVENT 52706 1596419189 0/0/0/0/0 INPUT 7 0 1 v:122
3/08/2020 9:08:19 AM,252 Event OK
3/08/2020 9:08:20 AM,EVENT 52707 1596419190 0/0/0/0/0 INPUT 1 0 166 v:122
3/08/2020 9:08:20 AM,252 Event OK
3/08/2020 9:08:20 AM,EVENT 52708 1596419191 0/0/0/0/0 OILPRESSURE 52703 2 v:122
3/08/2020 9:08:20 AM,252 Event OK
3/08/2020 9:08:20 AM,EVENT 52709 1596419214 0/0/0/0/7 INPUT 3 1 0 v:122
3/08/2020 9:08:20 AM,252 Event OK
3/08/2020 9:08:21 AM,EVENT 52710 1596419481 0/0/0/0/10 INPUT 3 0 266 v:122
3/08/2020 9:08:21 AM,252 Event OK
3/08/2020 9:08:21 AM,EVENT 52711 1596419529 0/0/0/0/6 INPUT 3 1 0 v:122
3/08/2020 9:08:21 AM,252 Event OK
3/08/2020 9:08:21 AM,EVENT 52712 1596419547 0/0/0/0/11 INPUT 3 0 18 v:122
3/08/2020 9:08:21 AM,252 Event OK
3/08/2020 9:08:21 AM,EVENT 52713 1596419556 0/0/0/0/0 INPUT 4 0 368 v:122
3/08/2020 9:08:21 AM,252 Event OK
3/08/2020 9:08:21 AM,EVENT 52714 1596419556 0/0/0/0/0 INPUT 4 1 0 v:122
3/08/2020 9:08:21 AM,252 Event OK
3/08/2020 9:08:22 AM,EVENT 52715 1596419573 0/0/0/0/0 INPUT 7 1 0 v:123
3/08/2020 9:08:22 AM,252 Event OK
3/08/2020 9:08:22 AM,EVENT 52716 1596419573 0/0/0/0/0 INPUT 8 0 397 v:122
3/08/2020 9:08:22 AM,252 Event OK
3/08/2020 9:08:23 AM,EVENT 52717 1596419573 0/0/0/0/0 INPUT 1 1 0 v:122
3/08/2020 9:08:23 AM,252 Event OK
3/08/2020 9:08:24 AM,EVENT 52718 1596419575 0/0/0/0/0 INPUT 4 0 19 v:122
3/08/2020 9:08:24 AM,252 Event OK
3/08/2020 9:08:25 AM,EVENT 52719 1596419577 0/0/0/0/0 TRIP 52703 284 103 7 5 394 v:122
3/08/2020 9:08:25 AM,252 Event OK
3/08/2020 9:08:25 AM,EVENT 52720 1596419577 0/0/0/0/0 TRIPSUMMARY 52703 v:122
3/08/2020 9:08:25 AM,252 Event OK
3/08/2020 9:08:25 AM,EVENT 52721 1596419837 0/0/0/0/0 INPUT 8 1 0 v:122
3/08/2020 9:08:25 AM,252 Event OK
3/08/2020 9:08:26 AM,EVENT 52722 1596419837 0/0/0/0/0 INPUT 7 0 264 v:122
3/08/2020 9:08:26 AM,252 Event OK
3/08/2020 9:08:26 AM,EVENT 52723 1596419845 0/0/0/0/0 SIGNON 2489 01effad3 OK 26 80296 0 v:122
3/08/2020 9:08:26 AM,252 Event OK
3/08/2020 9:08:26 AM,EVENT 52724 1596419851 0/0/0/0/0 INPUT 7 1 0 v:122
3/08/2020 9:08:26 AM,252 Event OK
3/08/2020 9:08:26 AM,EVENT 52725 1596419851 0/0/0/0/0 INPUT 4 1 0 v:122
3/08/2020 9:08:26 AM,252 Event OK
3/08/2020 9:08:27 AM,EVENT 52726 1596419851 0/0/0/0/0 INPUT 7 0 1 v:122
3/08/2020 9:08:27 AM,252 Event OK
3/08/2020 9:08:27 AM,EVENT 52727 1596419852 0/0/0/0/0 INPUT 1 0 278 v:122
3/08/2020 9:08:27 AM,252 Event OK
3/08/2020 9:08:27 AM,EVENT 52728 1596419853 0/0/0/0/0 OILPRESSURE 52723 3 v:122
3/08/2020 9:08:27 AM,252 Event OK
3/08/2020 9:08:27 AM,EVENT 52729 1596419854 0/0/0/0/0 INPUT 4 0 4 v:122
3/08/2020 9:08:27 AM,252 Event OK
3/08/2020 9:08:28 AM,EVENT 52730 1596419855 0/0/0/0/0 INPUT 4 1 0 v:122
3/08/2020 9:08:28 AM,252 Event OK
3/08/2020 9:08:28 AM,EVENT 52731 1596419859 0/0/0/0/8 INPUT 3 1 0 v:122
3/08/2020 9:08:28 AM,252 Event OK
3/08/2020 9:08:28 AM,EVENT 52732 1596419860 0/0/0/0/8 INPUT 3 0 1 v:122
3/08/2020 9:08:28 AM,252 Event OK
3/08/2020 9:08:28 AM,EVENT 52733 1596419864 0/0/0/0/8 INPUT 3 1 0 v:122
3/08/2020 9:08:28 AM,252 Event OK
3/08/2020 9:08:29 AM,EVENT 52734 1596419864 0/0/0/0/8 INPUT 3 0 1 v:122
3/08/2020 9:08:29 AM,252 Event OK
3/08/2020 9:08:29 AM,EVENT 52735 1596419869 0/0/0/0/5 INPUT 7 1 0 v:122
3/08/2020 9:08:29 AM,252 Event OK
3/08/2020 9:08:29 AM,EVENT 52736 1596419869 0/0/0/0/5 INPUT 8 0 32 v:122
3/08/2020 9:08:29 AM,252 Event OK
3/08/2020 9:08:29 AM,EVENT 52737 1596419869 0/0/0/0/5 INPUT 1 1 0 v:122
3/08/2020 9:08:29 AM,252 Event OK
3/08/2020 9:08:30 AM,EVENT 52738 1596419870 0/0/0/0/5 INPUT 4 0 16 v:122
3/08/2020 9:08:30 AM,252 Event OK
3/08/2020 9:08:30 AM,EVENT 52739 1596419873 0/0/0/0/0 TRIP 52723 2 18 8 5 28 v:122
3/08/2020 9:08:30 AM,252 Event OK
3/08/2020 9:08:30 AM,EVENT 52740 1596419873 0/0/0/0/0 TRIPSUMMARY 52723 v:122
3/08/2020 9:08:30 AM,252 Event OK
3/08/2020 9:08:30 AM,EVENT 52741 1596420452 0/0/0/0/0 INPUT 8 1 0 v:122
3/08/2020 9:08:30 AM,252 Event OK
3/08/2020 9:08:30 AM,EVENT 52742 1596420453 0/0/0/0/0 INPUT 7 0 584 v:122
3/08/2020 9:08:30 AM,252 Event OK
3/08/2020 9:08:31 AM,EVENT 52743 1596420460 0/0/0/0/0 SIGNON 2489 01effad3 OK 26 80296 0 v:122
3/08/2020 9:08:31 AM,252 Event OK
3/08/2020 9:08:31 AM,EVENT 52744 1596420465 0/0/0/0/0 INPUT 7 1 0 v:122
3/08/2020 9:08:31 AM,252 Event OK
3/08/2020 9:08:31 AM,EVENT 52745 1596420466 0/0/0/0/0 INPUT 4 1 0 v:122
3/08/2020 9:08:31 AM,252 Event OK
3/08/2020 9:08:31 AM,EVENT 52746 1596420466 0/0/0/0/0 INPUT 7 0 1 v:122
3/08/2020 9:08:31 AM,252 Event OK
3/08/2020 9:08:32 AM,EVENT 52747 1596420467 0/0/0/0/0 INPUT 1 0 597 v:122
3/08/2020 9:08:32 AM,252 Event OK
3/08/2020 9:08:32 AM,EVENT 52748 1596420468 0/0/0/0/0 OILPRESSURE 52743 3 v:122
3/08/2020 9:08:32 AM,252 Event OK
3/08/2020 9:08:32 AM,EVENT 52749 1596420485 0/0/0/0/5 INPUT 7 1 0 v:122
3/08/2020 9:08:32 AM,252 Event OK
3/08/2020 9:08:32 AM,EVENT 52750 1596420485 0/0/0/0/5 INPUT 8 0 33 v:122
3/08/2020 9:08:32 AM,252 Event OK
3/08/2020 9:08:32 AM,EVENT 52751 1596420485 0/0/0/0/5 INPUT 1 1 0 v:122
3/08/2020 9:08:32 AM,252 Event OK
3/08/2020 9:08:33 AM,EVENT 52752 1596420486 0/0/0/0/5 INPUT 4 0 21 v:122
3/08/2020 9:08:33 AM,252 Event OK
3/08/2020 9:08:33 AM,EVENT 52753 1596420489 0/0/0/0/0 TRIP 52743 0 21 9 6 30 v:122
3/08/2020 9:08:33 AM,252 Event OK
3/08/2020 9:08:33 AM,EVENT 52754 1596420489 0/0/0/0/0 TRIPSUMMARY 52743 v:122
3/08/2020 9:08:33 AM,252 Event OK
3/08/2020 9:08:33 AM,EVENT 52755 1596420751 0/0/0/0/0 INPUT 8 1 0 v:122
3/08/2020 9:08:33 AM,252 Event OK
3/08/2020 9:08:34 AM,EVENT 52756 1596420752 0/0/0/0/0 INPUT 7 0 267 v:122
3/08/2020 9:08:34 AM,252 Event OK
3/08/2020 9:08:34 AM,EVENT 52757 1596420761 0/0/0/0/0 SIGNON 2489 01effad3 OK 26 80296 0 v:122
3/08/2020 9:08:34 AM,252 Event OK
3/08/2020 9:08:34 AM,EVENT 52758 1596420766 0/0/0/0/0 INPUT 7 1 0 v:122
3/08/2020 9:08:34 AM,252 Event OK
3/08/2020 9:08:34 AM,EVENT 52759 1596420766 0/0/0/0/0 INPUT 4 1 0 v:122
3/08/2020 9:08:34 AM,252 Event OK
3/08/2020 9:08:34 AM,EVENT 52760 1596420767 0/0/0/0/0 INPUT 7 0 1 v:122
3/08/2020 9:08:34 AM,252 Event OK
3/08/2020 9:08:35 AM,EVENT 52761 1596420767 0/0/0/0/0 INPUT 1 0 282 v:122
3/08/2020 9:08:35 AM,252 Event OK
3/08/2020 9:08:35 AM,EVENT 52762 1596420768 0/0/0/0/0 OILPRESSURE 52757 2 v:122
3/08/2020 9:08:35 AM,252 Event OK
3/08/2020 9:08:35 AM,EVENT 52763 1596420769 0/0/0/0/0 REPORT 52757 0 0 v:122
3/08/2020 9:08:35 AM,252 Event OK
3/08/2020 9:08:35 AM,EVENT 52764 1596420779 0/0/0/0/0 INPUT 4 0 13 v:123
3/08/2020 9:08:35 AM,252 Event OK
3/08/2020 9:08:35 AM,EVENT 52765 1596420779 0/0/0/0/0 INPUT 4 1 0 v:123
3/08/2020 9:08:35 AM,252 Event OK
3/08/2020 9:08:36 AM,EVENT 52766 1596420820 0/0/0/0/7 INPUT 3 1 0 v:122
3/08/2020 9:08:36 AM,252 Event OK
3/08/2020 9:08:36 AM,EVENT 52767 1596420822 0/0/0/0/9 INPUT 3 0 3 v:122
3/08/2020 9:08:36 AM,252 Event OK
3/08/2020 9:08:36 AM,EVENT 52768 1596420833 0/0/0/0/8 INPUT 3 1 0 v:122
3/08/2020 9:08:36 AM,252 Event OK
3/08/2020 9:08:36 AM,EVENT 52769 1596420844 0/0/0/0/9 INPUT 3 0 11 v:122
3/08/2020 9:08:36 AM,252 Event OK
3/08/2020 9:08:36 AM,EVENT 52770 1596420873 0/0/0/0/6 INPUT 3 1 0 v:122
3/08/2020 9:08:36 AM,252 Event OK
3/08/2020 9:08:37 AM,EVENT 52771 1596420918 0/0/0/0/9 INPUT 3 0 46 v:122
3/08/2020 9:08:37 AM,252 Event OK
3/08/2020 9:08:37 AM,EVENT 52772 1596420946 0/0/0/0/0 ENGINEOVERSPEED 52757 8 3882 v:122
3/08/2020 9:08:37 AM,252 Event OK
3/08/2020 9:08:37 AM,EVENT 52773 1596420949 0/0/0/0/0 INPUT 4 0 170 v:122
3/08/2020 9:08:37 AM,252 Event OK
3/08/2020 9:08:37 AM,EVENT 52774 1596420949 0/0/0/0/0 INPUT 4 1 0 v:122
3/08/2020 9:08:37 AM,252 Event OK
3/08/2020 9:08:38 AM,EVENT 52775 1596420951 0/0/0/0/4 INPUT 3 1 0 v:122
3/08/2020 9:08:38 AM,252 Event OK
3/08/2020 9:08:38 AM,EVENT 52776 1596421007 0/0/0/0/15 INPUT 3 0 56 v:122
3/08/2020 9:08:38 AM,252 Event OK
3/08/2020 9:08:38 AM,EVENT 52777 1596421011 0/0/0/0/7 ENGINEOVERSPEED 52757 8 3616 v:122
3/08/2020 9:08:38 AM,252 Event OK
3/08/2020 9:08:38 AM,EVENT 52778 1596421013 0/0/0/0/8 INPUT 3 1 0 v:123
3/08/2020 9:08:38 AM,252 Event OK
3/08/2020 9:08:38 AM,EVENT 52779 1596421014 0/0/0/0/9 INPUT 3 0 2 v:123
3/08/2020 9:08:38 AM,252 Event OK
3/08/2020 9:08:39 AM,EVENT 52780 1596421015 0/0/0/0/8 INPUT 3 1 0 v:123
3/08/2020 9:08:39 AM,252 Event OK
3/08/2020 9:08:39 AM,EVENT 52781 1596421018 0/0/0/0/9 INPUT 3 0 2 v:123
3/08/2020 9:08:39 AM,252 Event OK
3/08/2020 9:08:39 AM,EVENT 52782 1596421018 0/0/0/0/8 INPUT 3 1 0 v:123
3/08/2020 9:08:39 AM,252 Event OK
3/08/2020 9:08:39 AM,EVENT 52783 1596421020 0/0/0/0/9 INPUT 3 0 1 v:122
3/08/2020 9:08:39 AM,252 Event OK
3/08/2020 9:08:39 AM,EVENT 52784 1596421022 0/0/0/0/8 INPUT 3 1 0 v:122
3/08/2020 9:08:39 AM,252 Event OK
3/08/2020 9:08:40 AM,EVENT 52785 1596421023 0/0/0/0/9 INPUT 3 0 2 v:123
3/08/2020 9:08:40 AM,252 Event OK
3/08/2020 9:08:40 AM,EVENT 52786 1596421034 0/0/0/0/3 INPUT 3 1 0 v:122
3/08/2020 9:08:40 AM,252 Event OK
3/08/2020 9:08:40 AM,EVENT 52787 1596421034 0/0/0/0/7 ENGINEOVERSPEED 52757 16 4195 v:122
3/08/2020 9:08:40 AM,252 Event OK
3/08/2020 9:08:40 AM,EVENT 52788 1596421150 0/0/0/0/22 ENGINEOVERSPEED 52757 101 5602 v:121
3/08/2020 9:08:40 AM,252 Event OK
3/08/2020 9:08:40 AM,EVENT 52789 1596421220 0/0/0/0/9 INPUT 3 0 187 v:122
3/08/2020 9:08:40 AM,252 Event OK
3/08/2020 9:08:41 AM,EVENT 52790 1596421239 0/0/0/0/0 INPUT 7 1 0 v:122
3/08/2020 9:08:41 AM,252 Event OK
3/08/2020 9:08:41 AM,EVENT 52791 1596421239 0/0/0/0/0 INPUT 8 0 487 v:122
3/08/2020 9:08:41 AM,252 Event OK
3/08/2020 9:08:41 AM,EVENT 52792 1596421239 0/0/0/0/0 INPUT 1 1 0 v:122
3/08/2020 9:08:41 AM,252 Event OK
3/08/2020 9:08:41 AM,EVENT 52793 1596421240 0/0/0/0/0 INPUT 4 0 291 v:121
3/08/2020 9:08:41 AM,252 Event OK
3/08/2020 9:08:42 AM,EVENT 52794 1596421243 0/0/0/0/0 TRIP 52757 310 164 9 6 483 v:122
3/08/2020 9:08:42 AM,252 Event OK
3/08/2020 9:08:42 AM,EVENT 52795 1596421243 0/0/0/0/0 TRIPSUMMARY 52757 v:122
3/08/2020 9:08:42 AM,252 Event OK
3/08/2020 9:08:42 AM,EVENT 52796 1596421936 0/0/0/0/0 INPUT 8 1 0 v:122
3/08/2020 9:08:42 AM,252 Event OK
3/08/2020 9:08:42 AM,EVENT 52797 1596421936 0/0/0/0/0 INPUT 7 0 698 v:122
3/08/2020 9:08:42 AM,252 Event OK
3/08/2020 9:08:43 AM,EVENT 52798 1596421948 0/0/0/0/0 SIGNON 2489 01effad3 OK 26 80296 0 v:122
3/08/2020 9:08:43 AM,252 Event OK
3/08/2020 9:08:43 AM,EVENT 52799 1596421953 0/0/0/0/0 INPUT 7 1 0 v:122
3/08/2020 9:08:43 AM,252 Event OK
3/08/2020 9:08:43 AM,EVENT 52800 1596421953 0/0/0/0/0 INPUT 4 1 0 v:122
3/08/2020 9:08:43 AM,252 Event OK
3/08/2020 9:08:44 AM,EVENT 52801 1596421954 0/0/0/0/0 INPUT 7 0 1 v:123
3/08/2020 9:08:44 AM,252 Event OK
3/08/2020 9:08:44 AM,EVENT 52802 1596421955 0/0/0/0/0 INPUT 1 0 716 v:122
3/08/2020 9:08:44 AM,252 Event OK
3/08/2020 9:08:44 AM,EVENT 52803 1596421956 0/0/0/0/0 OILPRESSURE 52798 3 v:122
3/08/2020 9:08:44 AM,252 Event OK
3/08/2020 9:08:44 AM,EVENT 52804 1596421966 0/0/0/99/6 INPUT 3 1 0 v:122
3/08/2020 9:08:44 AM,252 Event OK
3/08/2020 9:08:44 AM,EVENT 52805 1596421967 0/0/0/99/9 INPUT 3 0 1 v:122
3/08/2020 9:08:44 AM,252 Event OK
3/08/2020 9:08:45 AM,EVENT 52806 1596421968 0/0/0/99/8 INPUT 3 1 0 v:121
3/08/2020 9:08:45 AM,252 Event OK
3/08/2020 9:08:45 AM,EVENT 52807 1596422019 0/0/0/0/9 INPUT 3 0 52 v:122
3/08/2020 9:08:45 AM,252 Event OK
3/08/2020 9:08:45 AM,EVENT 52808 1596422027 0/0/0/0/6 INPUT 3 1 0 v:122
3/08/2020 9:08:45 AM,252 Event OK
3/08/2020 9:08:45 AM,EVENT 52809 1596422045 0/0/0/0/10 INPUT 3 0 17 v:122
3/08/2020 9:08:45 AM,252 Event OK
3/08/2020 9:08:46 AM,EVENT 52810 1596422056 0/0/0/0/3 INPUT 7 1 0 v:122
3/08/2020 9:08:46 AM,252 Event OK
3/08/2020 9:08:46 AM,EVENT 52811 1596422056 0/0/0/0/3 INPUT 8 0 119 v:122
3/08/2020 9:08:46 AM,252 Event OK
3/08/2020 9:08:46 AM,EVENT 52812 1596422056 0/0/0/0/3 INPUT 1 1 0 v:122
3/08/2020 9:08:46 AM,252 Event OK
3/08/2020 9:08:46 AM,EVENT 52813 1596422058 0/0/0/0/0 INPUT 4 0 106 v:122
3/08/2020 9:08:46 AM,252 Event OK
3/08/2020 9:08:47 AM,EVENT 52814 1596422060 0/0/0/0/0 TRIP 52798 70 36 7 5 113 v:122
3/08/2020 9:08:47 AM,252 Event OK
3/08/2020 9:08:47 AM,EVENT 52815 1596422060 0/0/0/0/0 TRIPSUMMARY 52798 v:122
3/08/2020 9:08:47 AM,252 Event OK
3/08/2020 9:08:47 AM,EVENT 52816 1596422277 0/0/0/0/0 INPUT 8 1 0 v:122
3/08/2020 9:08:47 AM,252 Event OK
3/08/2020 9:08:47 AM,EVENT 52817 1596422277 0/0/0/0/0 INPUT 7 0 222 v:122
3/08/2020 9:08:47 AM,252 Event OK
3/08/2020 9:08:48 AM,EVENT 52818 1596422288 0/0/0/0/0 SIGNON 2489 01effad3 OK 26 80296 0 v:122
3/08/2020 9:08:48 AM,252 Event OK
3/08/2020 9:08:48 AM,EVENT 52819 1596422293 0/0/0/0/0 INPUT 7 1 0 v:122
3/08/2020 9:08:48 AM,252 Event OK
3/08/2020 9:08:48 AM,EVENT 52820 1596422294 0/0/0/0/0 INPUT 4 1 0 v:122
3/08/2020 9:08:48 AM,252 Event OK
3/08/2020 9:08:48 AM,EVENT 52821 1596422294 0/0/0/0/0 INPUT 7 0 1 v:122
3/08/2020 9:08:48 AM,252 Event OK
3/08/2020 9:08:48 AM,EVENT 52822 1596422295 0/0/0/0/0 INPUT 1 0 239 v:123
3/08/2020 9:08:48 AM,252 Event OK
3/08/2020 9:08:49 AM,EVENT 52823 1596422296 0/0/0/0/0 OILPRESSURE 52818 3 v:122
3/08/2020 9:08:49 AM,252 Event OK
3/08/2020 9:08:49 AM,EVENT 52824 1596422300 0/0/0/0/0 INPUT 4 0 7 v:122
3/08/2020 9:08:49 AM,252 Event OK
3/08/2020 9:08:49 AM,EVENT 52825 1596422300 0/0/0/0/0 INPUT 4 1 0 v:122
3/08/2020 9:08:49 AM,252 Event OK
3/08/2020 9:08:49 AM,EVENT 52826 1596422311 0/0/0/0/3 INPUT 4 0 11 v:122
3/08/2020 9:08:49 AM,252 Event OK
3/08/2020 9:08:50 AM,EVENT 52827 1596422311 0/0/0/0/3 INPUT 4 1 0 v:122
3/08/2020 9:08:50 AM,252 Event OK
3/08/2020 9:08:50 AM,EVENT 52828 1596422321 0/0/0/0/5 INPUT 3 1 0 v:122
3/08/2020 9:08:50 AM,252 Event OK
3/08/2020 9:08:50 AM,EVENT 52829 1596422327 0/0/0/0/9 INPUT 3 0 5 v:122
3/08/2020 9:08:50 AM,252 Event OK
3/08/2020 9:08:50 AM,EVENT 52830 1596422333 0/0/0/0/6 INPUT 7 1 0 v:122
3/08/2020 9:08:50 AM,252 Event OK
3/08/2020 9:08:51 AM,EVENT 52831 1596422333 0/0/0/0/6 INPUT 8 0 55 v:122
3/08/2020 9:08:51 AM,252 Event OK
3/08/2020 9:08:51 AM,EVENT 52832 1596422333 0/0/0/0/6 INPUT 1 1 0 v:122
3/08/2020 9:08:51 AM,252 Event OK
3/08/2020 9:08:51 AM,EVENT 52833 1596422334 0/0/0/0/6 INPUT 4 0 23 v:122
3/08/2020 9:08:51 AM,252 Event OK
3/08/2020 9:08:51 AM,EVENT 52834 1596422337 0/0/0/0/0 TRIP 52818 5 36 9 6 50 v:122
3/08/2020 9:08:51 AM,252 Event OK
3/08/2020 9:08:51 AM,EVENT 52835 1596422337 0/0/0/0/0 TRIPSUMMARY 52818 v:122
3/08/2020 9:08:51 AM,252 Event OK
3/08/2020 9:08:52 AM,EVENT 52836 1596422674 0/0/0/0/0 INPUT 7 0 341 v:122
3/08/2020 9:08:52 AM,252 Event OK
3/08/2020 9:08:52 AM,EVENT 52837 1596422674 0/0/0/0/0 INPUT 8 1 0 v:122
3/08/2020 9:08:52 AM,252 Event OK
3/08/2020 9:08:52 AM,EVENT 52838 1596422682 0/0/0/0/0 SIGNON 2489 01effad3 OK 26 80296 0 v:122
3/08/2020 9:08:52 AM,252 Event OK
3/08/2020 9:08:52 AM,EVENT 52839 1596422688 0/0/0/0/0 INPUT 7 1 0 v:122
3/08/2020 9:08:52 AM,252 Event OK
3/08/2020 9:08:53 AM,EVENT 52840 1596422688 0/0/0/0/0 INPUT 7 0 1 v:122
3/08/2020 9:08:53 AM,252 Event OK
3/08/2020 9:08:53 AM,EVENT 52841 1596422688 0/0/0/0/0 INPUT 4 1 0 v:122
3/08/2020 9:08:53 AM,252 Event OK
3/08/2020 9:08:53 AM,EVENT 52842 1596422690 0/0/0/0/0 INPUT 1 0 356 v:123
3/08/2020 9:08:53 AM,252 Event OK
3/08/2020 9:08:54 AM,EVENT 52843 1596422691 0/0/0/0/0 OILPRESSURE 52838 4 v:123
3/08/2020 9:08:54 AM,252 Event OK
3/08/2020 9:08:54 AM,EVENT 52844 1596422721 0/0/0/0/0 REPORT 52838 0 0 v:123
3/08/2020 9:08:54 AM,252 Event OK
3/08/2020 9:08:54 AM,EVENT 52845 1596422736 0/0/0/0/6 INPUT 3 1 0 v:122
3/08/2020 9:08:54 AM,252 Event OK
3/08/2020 9:08:55 AM,EVENT 52846 1596422800 0/0/0/0/21 ENGINEOVERSPEED 52838 30 3786 v:122
3/08/2020 9:08:55 AM,252 Event OK
3/08/2020 9:08:55 AM,EVENT 52847 1596422854 0/0/0/0/22 ENGINEOVERSPEED 52838 45 4223 v:122
3/08/2020 9:08:55 AM,252 Event OK
3/08/2020 9:08:55 AM,EVENT 52848 1596422932 0/0/0/0/12 ENGINEOVERSPEED 52838 68 3980 v:122
3/08/2020 9:08:55 AM,252 Event OK
3/08/2020 9:08:55 AM,EVENT 52849 1596423018 0/0/0/0/15 ENGINEOVERSPEED 52838 52 3619 v:122
3/08/2020 9:08:55 AM,252 Event OK
3/08/2020 9:08:55 AM,EVENT 52850 1596423041 0/0/0/0/23 ENGINEOVERSPEED 52838 7 5741 v:122
3/08/2020 9:08:55 AM,252 Event OK
3/08/2020 9:08:56 AM,EVENT 52851 1596423110 0/0/0/0/18 ENGINEOVERSPEED 52838 43 3786 v:122
3/08/2020 9:08:56 AM,252 Event OK
3/08/2020 9:08:57 AM,EVENT 52852 1596423174 0/0/0/0/22 ENGINEOVERSPEED 52838 22 3554 v:122
3/08/2020 9:08:57 AM,252 Event OK
3/08/2020 9:08:57 AM,EVENT 52853 1596423228 0/0/0/0/15 ENGINEOVERSPEED 52838 47 3662 v:122
3/08/2020 9:08:57 AM,252 Event OK
3/08/2020 9:08:58 AM,EVENT 52854 1596423250 0/0/0/0/11 INPUT 3 0 514 v:121
3/08/2020 9:08:58 AM,252 Event OK
3/08/2020 9:08:58 AM,EVENT 52855 1596423326 0/0/0/0/11 SWSTART OpusFC 5.0.58.510 R v:122
3/08/2020 9:08:58 AM,252 Event OK
3/08/2020 9:08:59 AM,EVENT 52856 1596423234 0/0/0/0/0 POWERDOWN v:122
3/08/2020 9:08:59 AM,252 Event OK
3/08/2020 9:08:59 AM,EVENT 52857 1596423234 0/0/0/0/0 TRIP 52838 498 48 6 6 552 v:122
3/08/2020 9:08:59 AM,252 Event OK
3/08/2020 9:09:00 AM,EVENT 52858 1596423326 0/0/0/0/0 INPUT 1 0 0 v:122
3/08/2020 9:09:00 AM,252 Event OK
3/08/2020 9:09:00 AM,EVENT 52859 1596423326 0/0/0/0/0 INPUT 2 0 0 v:122
3/08/2020 9:09:00 AM,252 Event OK
3/08/2020 9:09:00 AM,EVENT 52860 1596423326 0/0/0/0/0 INPUT 3 0 0 v:122
3/08/2020 9:09:00 AM,252 Event OK
3/08/2020 9:09:00 AM,EVENT 52861 1596423326 0/0/0/0/0 INPUT 4 0 0 v:122
3/08/2020 9:09:00 AM,252 Event OK
3/08/2020 9:09:00 AM,EVENT 52862 1596423326 0/0/0/0/0 INPUT 7 0 0 v:122
3/08/2020 9:09:00 AM,252 Event OK
3/08/2020 9:09:01 AM,EVENT 52863 1596423326 0/0/0/0/0 INPUT 8 1 0 v:122
3/08/2020 9:09:01 AM,252 Event OK
3/08/2020 9:09:01 AM,EVENT 52864 1596423327 0/0/0/0/0 ZONE_OK 2 100 FW=NO VERSION v:122
3/08/2020 9:09:01 AM,252 Event OK
3/08/2020 9:09:01 AM,EVENT 52865 1596423328 0/0/0/0/0 INPUT 4 1 0 v:122
3/08/2020 9:09:01 AM,252 Event OK
3/08/2020 9:09:01 AM,EVENT 52866 1596423338 0/0/0/0/0 INPUT 3 1 0 v:122
3/08/2020 9:09:01 AM,252 Event OK
3/08/2020 9:09:02 AM,EVENT 52867 1596423344 0/0/0/99/0 INPUT 3 0 6 v:122
3/08/2020 9:09:02 AM,252 Event OK
3/08/2020 9:09:02 AM,EVENT 52868 1596423345 0/0/0/99/0 INPUT 3 1 0 v:122
3/08/2020 9:09:02 AM,252 Event OK
3/08/2020 9:09:02 AM,EVENT 52869 1596423351 0/0/0/0/0 INPUT 3 0 6 v:122
3/08/2020 9:09:02 AM,252 Event OK
3/08/2020 9:09:03 AM,EVENT 52870 1596423357 0/0/0/0/0 SIGNON -12 00000000 OK 1 0 0 v:122
3/08/2020 9:09:03 AM,252 Event OK
3/08/2020 9:09:03 AM,EVENT 52871 1596423394 0/0/0/0/5 INPUT 3 1 0 v:123
3/08/2020 9:09:03 AM,252 Event OK
3/08/2020 9:09:03 AM,EVENT 52872 1596423396 0/0/0/0/9 INPUT 3 0 2 v:122
3/08/2020 9:09:03 AM,252 Event OK
3/08/2020 9:09:03 AM,EVENT 52873 1596423399 0/0/0/0/5 INPUT 3 1 0 v:122
3/08/2020 9:09:03 AM,252 Event OK
3/08/2020 9:09:03 AM,EVENT 52874 1596423460 0/0/0/0/10 INPUT 3 0 60 v:122
3/08/2020 9:09:03 AM,252 Event OK
3/08/2020 9:09:04 AM,EVENT 52875 1596423466 0/0/0/0/8 INPUT 7 1 0 v:122
3/08/2020 9:09:04 AM,252 Event OK
3/08/2020 9:09:04 AM,EVENT 52876 1596423466 0/0/0/0/8 INPUT 8 0 141 v:122
3/08/2020 9:09:04 AM,252 Event OK
3/08/2020 9:09:04 AM,EVENT 52877 1596423466 0/0/0/0/8 INPUT 1 1 0 v:122
3/08/2020 9:09:04 AM,252 Event OK
3/08/2020 9:09:04 AM,EVENT 52878 1596423468 0/0/0/0/8 INPUT 4 0 141 v:122
3/08/2020 9:09:04 AM,252 Event OK
3/08/2020 9:09:05 AM,EVENT 52879 1596423471 0/0/0/0/0 TRIP 52870 62 49 4 3 115 v:122
3/08/2020 9:09:05 AM,252 Event OK
3/08/2020 9:09:05 AM,EVENT 52880 1596423511 0/0/0/0/0 REPORT * 0 0 v:122
3/08/2020 9:09:05 AM,252 Event OK
3/08/2020 9:09:05 AM,EVENT 52881 1596423652 0/0/0/0/0 INPUT 8 1 0 v:122
3/08/2020 9:09:05 AM,252 Event OK
3/08/2020 9:09:05 AM,EVENT 52882 1596423652 0/0/0/0/0 INPUT 7 0 186 v:122
3/08/2020 9:09:05 AM,252 Event OK
3/08/2020 9:09:05 AM,EVENT 52883 1596423670 0/0/0/0/0 SIGNON 2489 01effad3 OK 26 80296 0 v:122
3/08/2020 9:09:05 AM,252 Event OK
3/08/2020 9:09:06 AM,EVENT 52884 1596423699 0/0/0/0/0 INPUT 7 1 0 v:122
3/08/2020 9:09:06 AM,252 Event OK
3/08/2020 9:09:06 AM,EVENT 52885 1596423700 0/0/0/0/0 INPUT 4 1 0 v:122
3/08/2020 9:09:06 AM,252 Event OK
3/08/2020 9:09:06 AM,EVENT 52886 1596423700 0/0/0/0/0 INPUT 7 0 1 v:122
3/08/2020 9:09:06 AM,252 Event OK
3/08/2020 9:09:06 AM,EVENT 52887 1596423701 0/0/0/0/0 INPUT 1 0 234 v:122
3/08/2020 9:09:06 AM,252 Event OK
3/08/2020 9:09:07 AM,EVENT 52888 1596423702 0/0/0/0/0 OILPRESSURE 52883 27 v:122
3/08/2020 9:09:07 AM,252 Event OK
3/08/2020 9:09:07 AM,EVENT 52889 1596423835 0/0/0/0/3 INPUT 7 1 0 v:122
3/08/2020 9:09:07 AM,252 Event OK
3/08/2020 9:09:07 AM,EVENT 52890 1596423835 0/0/0/0/3 INPUT 8 0 184 v:122
3/08/2020 9:09:07 AM,252 Event OK
3/08/2020 9:09:07 AM,EVENT 52891 1596423835 0/0/0/0/3 INPUT 1 1 0 v:122
3/08/2020 9:09:07 AM,252 Event OK
3/08/2020 9:09:08 AM,EVENT 52892 1596423837 0/0/0/0/3 INPUT 4 0 137 v:122
3/08/2020 9:09:08 AM,252 Event OK
3/08/2020 9:09:08 AM,EVENT 52893 1596423839 0/0/0/0/0 TRIP 52883 0 137 33 31 170 v:122
3/08/2020 9:09:08 AM,252 Event OK
3/08/2020 9:09:08 AM,EVENT 52894 1596423839 0/0/0/0/0 TRIPSUMMARY 52883 v:122
3/08/2020 9:09:08 AM,252 Event OK
3/08/2020 9:09:08 AM,EVENT 52895 1596423946 0/0/0/0/0 INPUT 8 1 0 v:122
3/08/2020 9:09:08 AM,252 Event OK
3/08/2020 9:09:09 AM,EVENT 52896 1596423947 0/0/0/0/0 INPUT 7 0 112 v:122
3/08/2020 9:09:09 AM,252 Event OK
3/08/2020 9:09:09 AM,EVENT 52897 1596423955 0/0/0/0/0 SIGNON 2489 01effad3 OK 26 80296 0 v:122
3/08/2020 9:09:09 AM,252 Event OK
3/08/2020 9:09:10 AM,EVENT 52898 1596423960 0/0/0/0/0 INPUT 4 1 0 v:122
3/08/2020 9:09:10 AM,252 Event OK
3/08/2020 9:09:10 AM,EVENT 52899 1596423961 0/0/0/0/0 INPUT 1 0 125 v:122
3/08/2020 9:09:10 AM,252 Event OK
3/08/2020 9:09:10 AM,EVENT 52900 1596423962 0/0/0/0/0 OILPRESSURE 52897 2 v:122
3/08/2020 9:09:10 AM,252 Event OK
3/08/2020 9:09:10 AM,EVENT 52901 1596423969 0/0/0/0/8 INPUT 3 1 0 v:122
3/08/2020 9:09:10 AM,252 Event OK
3/08/2020 9:09:11 AM,EVENT 52902 1596423969 0/0/0/0/8 INPUT 3 0 1 v:122
3/08/2020 9:09:11 AM,252 Event OK
3/08/2020 9:09:11 AM,EVENT 52903 1596424001 0/0/0/0/8 INPUT 3 1 0 v:121
3/08/2020 9:09:11 AM,252 Event OK
3/08/2020 9:09:11 AM,EVENT 52904 1596424004 0/0/0/0/9 INPUT 3 0 3 v:122
3/08/2020 9:09:11 AM,252 Event OK
3/08/2020 9:09:11 AM,EVENT 52905 1596424004 0/0/0/0/8 INPUT 3 1 0 v:122
3/08/2020 9:09:11 AM,252 Event OK
3/08/2020 9:09:12 AM,EVENT 52906 1596424007 0/0/0/0/9 INPUT 3 0 2 v:121
3/08/2020 9:09:12 AM,252 Event OK
3/08/2020 9:09:12 AM,EVENT 52907 1596424008 0/0/0/0/8 INPUT 3 1 0 v:121
3/08/2020 9:09:12 AM,252 Event OK
3/08/2020 9:09:12 AM,EVENT 52908 1596424010 0/0/0/0/9 INPUT 3 0 2 v:121
3/08/2020 9:09:12 AM,252 Event OK
3/08/2020 9:09:13 AM,EVENT 52909 1596424016 0/0/0/99/5 INPUT 7 1 0 v:121
3/08/2020 9:09:13 AM,252 Event OK
3/08/2020 9:09:13 AM,EVENT 52910 1596424016 0/0/0/99/5 INPUT 8 0 71 v:121
3/08/2020 9:09:13 AM,252 Event OK
3/08/2020 9:09:14 AM,EVENT 52911 1596424017 0/0/0/99/5 INPUT 1 1 0 v:121
3/08/2020 9:09:14 AM,252 Event OK
3/08/2020 9:09:14 AM,EVENT 52912 1596424017 0/0/0/99/5 ENGINEOVERSPEED 52897 12 4005 v:121
3/08/2020 9:09:14 AM,252 Event OK
3/08/2020 9:09:14 AM,EVENT 52913 1596424018 0/0/0/99/5 INPUT 4 0 58 v:122
3/08/2020 9:09:14 AM,252 Event OK
3/08/2020 9:09:14 AM,EVENT 52914 1596424021 0/0/0/99/0 TRIP 52897 8 50 9 6 67 v:122
3/08/2020 9:09:14 AM,252 Event OK
3/08/2020 9:09:15 AM,EVENT 52915 1596424021 0/0/0/99/0 TRIPSUMMARY 52897 v:122
3/08/2020 9:09:15 AM,252 Event OK
3/08/2020 9:09:15 AM,EVENT 52916 1596424178 0/0/0/0/0 INPUT 8 1 0 v:122
3/08/2020 9:09:15 AM,252 Event OK
3/08/2020 9:09:15 AM,EVENT 52917 1596424179 0/0/0/0/0 INPUT 7 0 162 v:122
3/08/2020 9:09:15 AM,252 Event OK
3/08/2020 9:09:15 AM,EVENT 52918 1596424185 0/0/0/0/0 SIGNON 2489 01effad3 OK 26 80296 0 v:122
3/08/2020 9:09:15 AM,252 Event OK
3/08/2020 9:09:15 AM,EVENT 52919 1596424191 0/0/0/0/0 INPUT 7 1 0 v:122
3/08/2020 9:09:15 AM,252 Event OK
3/08/2020 9:09:16 AM,EVENT 52920 1596424191 0/0/0/0/0 INPUT 4 1 0 v:122
3/08/2020 9:09:16 AM,252 Event OK
3/08/2020 9:09:17 AM,EVENT 52921 1596424191 0/0/0/0/0 INPUT 7 0 1 v:122
3/08/2020 9:09:17 AM,252 Event OK
3/08/2020 9:09:17 AM,EVENT 52922 1596424192 0/0/0/0/0 INPUT 1 0 175 v:122
3/08/2020 9:09:17 AM,252 Event OK
3/08/2020 9:09:17 AM,EVENT 52923 1596424193 0/0/0/0/0 OILPRESSURE 52918 2 v:122
3/08/2020 9:09:17 AM,252 Event OK
3/08/2020 9:09:19 AM,EVENT 52924 1596424195 0/0/0/0/0 INPUT 4 0 5 v:122
3/08/2020 9:09:19 AM,252 Event OK
3/08/2020 9:09:19 AM,EVENT 52925 1596424195 0/0/0/0/0 INPUT 4 1 0 v:122
3/08/2020 9:09:19 AM,252 Event OK
3/08/2020 9:09:20 AM,EVENT 52926 1596424205 0/0/0/0/7 INPUT 3 1 0 v:122
3/08/2020 9:09:20 AM,252 Event OK
3/08/2020 9:09:20 AM,EVENT 52927 1596424209 0/0/0/0/10 INPUT 3 0 5 v:121
3/08/2020 9:09:20 AM,252 Event OK
3/08/2020 9:09:20 AM,EVENT 52928 1596424210 0/0/0/0/8 INPUT 3 1 0 v:121
3/08/2020 9:09:20 AM,252 Event OK
3/08/2020 9:09:20 AM,EVENT 52929 1596424218 0/0/0/0/11 INPUT 3 0 8 v:121
3/08/2020 9:09:20 AM,252 Event OK
3/08/2020 9:09:21 AM,EVENT 52930 1596424233 0/0/0/0/5 INPUT 3 1 0 v:122
3/08/2020 9:09:21 AM,252 Event OK
3/08/2020 9:09:21 AM,EVENT 52931 1596424269 0/0/0/0/11 INPUT 3 0 36 v:122
3/08/2020 9:09:21 AM,252 Event OK
3/08/2020 9:09:21 AM,EVENT 52932 1596424279 0/0/0/0/3 INPUT 3 1 0 v:122
3/08/2020 9:09:21 AM,252 Event OK
3/08/2020 9:09:21 AM,EVENT 52933 1596424291 0/0/0/0/20 IMPACT 52918 8 0 0 0 8 0 - v:121
3/08/2020 9:09:21 AM,252 Event OK
3/08/2020 9:09:21 AM,EVENT 52934 1596424312 0/0/0/0/10 INPUT 3 0 32 v:121
3/08/2020 9:09:21 AM,252 Event OK
3/08/2020 9:09:22 AM,EVENT 52935 1596424315 0/0/0/0/7 INPUT 3 1 0 v:121
3/08/2020 9:09:22 AM,252 Event OK
3/08/2020 9:09:22 AM,EVENT 52936 1596424316 0/0/0/0/9 INPUT 3 0 2 v:121
3/08/2020 9:09:22 AM,252 Event OK
3/08/2020 9:09:22 AM,EVENT 52937 1596424319 0/0/0/0/5 INPUT 7 1 0 v:122
3/08/2020 9:09:22 AM,252 Event OK
3/08/2020 9:09:22 AM,EVENT 52938 1596424319 0/0/0/0/5 INPUT 8 0 141 v:122
3/08/2020 9:09:22 AM,252 Event OK
3/08/2020 9:09:22 AM,EVENT 52939 1596424319 0/0/0/0/5 INPUT 1 1 0 v:122
3/08/2020 9:09:22 AM,252 Event OK
3/08/2020 9:09:23 AM,EVENT 52940 1596424320 0/0/0/0/5 INPUT 4 0 125 v:122
3/08/2020 9:09:23 AM,252 Event OK
3/08/2020 9:09:23 AM,EVENT 52941 1596424323 0/0/0/0/0 TRIP 52918 82 48 8 5 138 v:122
3/08/2020 9:09:23 AM,252 Event OK
3/08/2020 9:09:23 AM,EVENT 52942 1596424323 0/0/0/0/0 TRIPSUMMARY 52918 v:122
3/08/2020 9:09:23 AM,252 Event OK
3/08/2020 9:09:24 AM,EVENT 52943 1596424451 0/0/0/0/0 INPUT 8 1 0 v:122
3/08/2020 9:09:24 AM,252 Event OK
3/08/2020 9:09:24 AM,EVENT 52944 1596424451 0/0/0/0/0 INPUT 7 0 133 v:122
3/08/2020 9:09:24 AM,252 Event OK
3/08/2020 9:09:24 AM,EVENT 52945 1596424461 0/0/0/0/0 SIGNON 2489 01effad3 OK 26 80296 0 v:122
3/08/2020 9:09:24 AM,252 Event OK
3/08/2020 9:09:24 AM,EVENT 52946 1596424466 0/0/0/0/0 INPUT 7 1 0 v:122
3/08/2020 9:09:24 AM,252 Event OK
3/08/2020 9:09:25 AM,EVENT 52947 1596424466 0/0/0/0/0 INPUT 7 0 0 v:122
3/08/2020 9:09:25 AM,252 Event OK
3/08/2020 9:09:25 AM,EVENT 52948 1596424467 0/0/0/0/0 INPUT 1 0 147 v:122
3/08/2020 9:09:25 AM,252 Event OK
3/08/2020 9:09:25 AM,EVENT 52949 1596424467 0/0/0/0/0 INPUT 4 1 0 v:122
3/08/2020 9:09:25 AM,252 Event OK
3/08/2020 9:09:25 AM,EVENT 52950 1596424468 0/0/0/0/0 OILPRESSURE 52945 2 v:122
3/08/2020 9:09:25 AM,252 Event OK
3/08/2020 9:09:25 AM,EVENT 52951 1596424469 0/0/0/0/0 INPUT 4 0 3 v:121
3/08/2020 9:09:25 AM,252 Event OK
3/08/2020 9:09:26 AM,EVENT 52952 1596424469 0/0/0/0/0 INPUT 4 1 0 v:121
3/08/2020 9:09:26 AM,252 Event OK
3/08/2020 9:09:26 AM,EVENT 52953 1596424476 0/0/0/0/5 INPUT 7 1 0 v:121
3/08/2020 9:09:26 AM,252 Event OK
3/08/2020 9:09:26 AM,EVENT 52954 1596424476 0/0/0/0/5 INPUT 8 0 25 v:121
3/08/2020 9:09:26 AM,252 Event OK
3/08/2020 9:09:27 AM,EVENT 52955 1596424476 0/0/0/0/5 INPUT 1 1 0 v:122
3/08/2020 9:09:27 AM,252 Event OK
3/08/2020 9:09:27 AM,EVENT 52956 1596424477 0/0/0/0/5 INPUT 4 0 8 v:122
3/08/2020 9:09:27 AM,252 Event OK
3/08/2020 9:09:27 AM,EVENT 52957 1596424480 0/0/0/0/0 TRIP 52945 0 11 9 6 20 v:122
3/08/2020 9:09:27 AM,252 Event OK
3/08/2020 9:09:27 AM,EVENT 52958 1596424480 0/0/0/0/0 TRIPSUMMARY 52945 v:122
3/08/2020 9:09:27 AM,252 Event OK
3/08/2020 9:09:28 AM,EVENT 52959 1596424580 0/0/0/0/0 INPUT 8 1 0 v:122
3/08/2020 9:09:28 AM,252 Event OK
3/08/2020 9:09:28 AM,EVENT 52960 1596424580 0/0/0/0/0 INPUT 7 0 105 v:122
3/08/2020 9:09:28 AM,252 Event OK
3/08/2020 9:09:28 AM,EVENT 52961 1596424589 0/0/0/0/0 SIGNON 2489 01effad3 OK 26 80296 0 v:122
3/08/2020 9:09:28 AM,252 Event OK
3/08/2020 9:09:28 AM,EVENT 52962 1596424594 0/0/0/0/0 INPUT 7 1 0 v:122
3/08/2020 9:09:28 AM,252 Event OK
3/08/2020 9:09:28 AM,EVENT 52963 1596424595 0/0/0/0/0 INPUT 7 0 1 v:122
3/08/2020 9:09:28 AM,252 Event OK
3/08/2020 9:09:29 AM,EVENT 52964 1596424595 0/0/0/0/0 INPUT 4 1 0 v:122
3/08/2020 9:09:29 AM,252 Event OK
3/08/2020 9:09:29 AM,EVENT 52965 1596424595 0/0/0/0/0 INPUT 1 0 120 v:122
3/08/2020 9:09:29 AM,252 Event OK
3/08/2020 9:09:29 AM,EVENT 52966 1596424597 0/0/0/0/0 OILPRESSURE 52961 3 v:122
3/08/2020 9:09:29 AM,252 Event OK
3/08/2020 9:09:30 AM,EVENT 52967 1596424610 0/0/0/0/8 INPUT 3 1 0 v:122
3/08/2020 9:09:30 AM,252 Event OK
3/08/2020 9:09:30 AM,EVENT 52968 1596424614 0/0/0/0/9 INPUT 3 0 5 v:122
3/08/2020 9:09:30 AM,252 Event OK
3/08/2020 9:09:30 AM,EVENT 52969 1596424625 0/0/0/0/3 INPUT 7 1 0 v:122
3/08/2020 9:09:30 AM,252 Event OK
3/08/2020 9:09:30 AM,EVENT 52970 1596424625 0/0/0/0/3 INPUT 8 0 45 v:122
3/08/2020 9:09:30 AM,252 Event OK
3/08/2020 9:09:31 AM,EVENT 52971 1596424625 0/0/0/0/3 INPUT 1 1 0 v:122
3/08/2020 9:09:31 AM,252 Event OK
3/08/2020 9:09:31 AM,EVENT 52972 1596424626 0/0/0/0/3 INPUT 4 0 32 v:122
3/08/2020 9:09:31 AM,252 Event OK
3/08/2020 9:09:31 AM,EVENT 52973 1596424629 0/0/0/0/0 TRIP 52961 5 27 9 6 41 v:122
3/08/2020 9:09:31 AM,252 Event OK
3/08/2020 9:09:31 AM,EVENT 52974 1596424629 0/0/0/0/0 TRIPSUMMARY 52961 v:122
3/08/2020 9:09:31 AM,252 Event OK
3/08/2020 9:09:32 AM,EVENT 52975 1596425009 0/0/0/0/0 INPUT 8 1 0 v:122
3/08/2020 9:09:32 AM,252 Event OK
3/08/2020 9:09:32 AM,EVENT 52976 1596425010 0/0/0/0/0 INPUT 7 0 385 v:122
3/08/2020 9:09:32 AM,252 Event OK
3/08/2020 9:09:32 AM,EVENT 52977 1596425017 0/0/0/0/0 SIGNON 2489 01effad3 OK 26 80296 0 v:122
3/08/2020 9:09:32 AM,252 Event OK
3/08/2020 9:09:32 AM,EVENT 52978 1596425025 0/0/0/0/0 INPUT 7 1 0 v:122
3/08/2020 9:09:32 AM,252 Event OK
3/08/2020 9:09:33 AM,EVENT 52979 1596425025 0/0/0/0/0 INPUT 4 1 0 v:122
3/08/2020 9:09:33 AM,252 Event OK
3/08/2020 9:09:33 AM,EVENT 52980 1596425026 0/0/0/0/0 INPUT 7 0 1 v:122
3/08/2020 9:09:33 AM,252 Event OK
3/08/2020 9:09:33 AM,EVENT 52981 1596425027 0/0/0/99/0 INPUT 1 0 402 v:122
3/08/2020 9:09:33 AM,252 Event OK
3/08/2020 9:09:33 AM,EVENT 52982 1596425028 0/0/0/99/0 OILPRESSURE 52977 6 v:122
3/08/2020 9:09:33 AM,252 Event OK
3/08/2020 9:09:34 AM,EVENT 52983 1596425067 0/0/0/0/6 INPUT 3 1 0 v:122
3/08/2020 9:09:34 AM,252 Event OK
3/08/2020 9:09:34 AM,EVENT 52984 1596425072 0/0/0/0/12 INPUT 3 0 4 v:122
3/08/2020 9:09:34 AM,252 Event OK
3/08/2020 9:09:34 AM,EVENT 52985 1596425077 0/0/0/0/8 INPUT 3 1 0 v:122
3/08/2020 9:09:34 AM,252 Event OK
3/08/2020 9:09:34 AM,EVENT 52986 1596425077 0/0/0/0/8 INPUT 3 0 1 v:122
3/08/2020 9:09:34 AM,252 Event OK
3/08/2020 9:09:34 AM,EVENT 52987 1596425079 0/0/0/0/8 INPUT 3 1 0 v:122
3/08/2020 9:09:34 AM,252 Event OK
3/08/2020 9:09:35 AM,EVENT 52988 1596425085 0/0/0/0/10 INPUT 3 0 7 v:122
3/08/2020 9:09:35 AM,252 Event OK
3/08/2020 9:09:35 AM,EVENT 52989 1596425091 0/0/0/0/3 INPUT 4 0 67 v:121
3/08/2020 9:09:35 AM,252 Event OK
3/08/2020 9:09:35 AM,EVENT 52990 1596425091 0/0/0/0/3 INPUT 4 1 0 v:121
3/08/2020 9:09:35 AM,252 Event OK
3/08/2020 9:09:35 AM,EVENT 52991 1596425101 0/0/0/0/3 INPUT 7 1 0 v:122
3/08/2020 9:09:35 AM,252 Event OK
3/08/2020 9:09:35 AM,EVENT 52992 1596425101 0/0/0/0/3 INPUT 8 0 91 v:122
3/08/2020 9:09:35 AM,252 Event OK
3/08/2020 9:09:36 AM,EVENT 52993 1596425101 0/0/0/0/3 INPUT 1 1 0 v:122
3/08/2020 9:09:36 AM,252 Event OK
3/08/2020 9:09:36 AM,EVENT 52994 1596425102 0/0/0/0/3 INPUT 4 0 10 v:122
3/08/2020 9:09:36 AM,252 Event OK
3/08/2020 9:09:36 AM,EVENT 52995 1596425105 0/0/0/0/0 TRIP 52977 12 65 12 8 89 v:122
3/08/2020 9:09:36 AM,252 Event OK
3/08/2020 9:09:36 AM,EVENT 52996 1596425105 0/0/0/0/0 TRIPSUMMARY 52977 v:122
3/08/2020 9:09:36 AM,252 Event OK
3/08/2020 9:09:37 AM,EVENT 52997 1596425202 0/0/0/0/0 INPUT 8 1 0 v:122
3/08/2020 9:09:37 AM,252 Event OK
3/08/2020 9:09:37 AM,EVENT 52998 1596425202 0/0/0/0/0 INPUT 7 0 102 v:122
3/08/2020 9:09:37 AM,252 Event OK
3/08/2020 9:09:37 AM,EVENT 52999 1596425211 0/0/0/0/0 SIGNON 2489 01effad3 OK 26 80296 0 v:122
3/08/2020 9:09:37 AM,252 Event OK
3/08/2020 9:09:37 AM,EVENT 53000 1596425216 0/0/0/0/0 INPUT 7 1 0 v:122
3/08/2020 9:09:37 AM,252 Event OK
3/08/2020 9:09:38 AM,EVENT 53001 1596425217 0/0/0/0/0 INPUT 4 1 0 v:122
3/08/2020 9:09:38 AM,252 Event OK
3/08/2020 9:09:38 AM,EVENT 53002 1596425217 0/0/0/0/0 INPUT 7 0 0 v:122
3/08/2020 9:09:38 AM,252 Event OK
3/08/2020 9:09:38 AM,EVENT 53003 1596425218 0/0/0/0/0 INPUT 1 0 116 v:122
3/08/2020 9:09:38 AM,252 Event OK
3/08/2020 9:09:38 AM,EVENT 53004 1596425219 0/0/0/0/0 OILPRESSURE 52999 3 v:122
3/08/2020 9:09:38 AM,252 Event OK
3/08/2020 9:09:39 AM,EVENT 53005 1596425221 0/0/0/0/4 INPUT 3 1 0 v:122
3/08/2020 9:09:39 AM,252 Event OK
3/08/2020 9:09:39 AM,EVENT 53006 1596425268 0/0/0/0/10 INPUT 3 0 47 v:122
3/08/2020 9:09:39 AM,252 Event OK
3/08/2020 9:09:39 AM,EVENT 53007 1596425280 0/0/0/0/0 INPUT 7 1 0 v:122
3/08/2020 9:09:39 AM,252 Event OK
3/08/2020 9:09:39 AM,EVENT 53008 1596425280 0/0/0/0/0 INPUT 8 0 78 v:122
3/08/2020 9:09:39 AM,252 Event OK
3/08/2020 9:09:40 AM,EVENT 53009 1596425280 0/0/0/0/0 INPUT 1 1 0 v:122
3/08/2020 9:09:40 AM,252 Event OK
3/08/2020 9:09:40 AM,EVENT 53010 1596425281 0/0/0/0/0 INPUT 4 0 65 v:122
3/08/2020 9:09:40 AM,252 Event OK
3/08/2020 9:09:40 AM,EVENT 53011 1596425284 0/0/0/0/0 TRIP 52999 47 18 9 6 74 v:122
3/08/2020 9:09:40 AM,252 Event OK
3/08/2020 9:09:40 AM,EVENT 53012 1596425284 0/0/0/0/0 TRIPSUMMARY 52999 v:122
3/08/2020 9:09:40 AM,252 Event OK
3/08/2020 9:09:41 AM,EVENT 53013 1596425666 0/0/0/0/0 INPUT 8 1 0 v:122
3/08/2020 9:09:41 AM,252 Event OK
3/08/2020 9:09:41 AM,EVENT 53014 1596425667 0/0/0/0/0 INPUT 7 0 387 v:122
3/08/2020 9:09:41 AM,252 Event OK
3/08/2020 9:09:41 AM,EVENT 53015 1596425677 0/0/0/0/0 SIGNON 2489 01effad3 OK 26 80296 0 v:122
3/08/2020 9:09:41 AM,252 Event OK
3/08/2020 9:09:42 AM,EVENT 53016 1596425682 0/0/0/0/0 INPUT 7 1 0 v:122
3/08/2020 9:09:42 AM,252 Event OK
3/08/2020 9:09:42 AM,EVENT 53017 1596425683 0/0/0/0/0 INPUT 4 1 0 v:122
3/08/2020 9:09:42 AM,252 Event OK
3/08/2020 9:09:42 AM,EVENT 53018 1596425683 0/0/0/0/0 INPUT 7 0 0 v:122
3/08/2020 9:09:42 AM,252 Event OK
3/08/2020 9:09:42 AM,EVENT 53019 1596425684 0/0/0/0/0 INPUT 1 0 404 v:122
3/08/2020 9:09:42 AM,252 Event OK
3/08/2020 9:09:43 AM,EVENT 53020 1596425685 0/0/0/0/0 OILPRESSURE 53015 3 v:122
3/08/2020 9:09:43 AM,252 Event OK
3/08/2020 9:09:43 AM,EVENT 53021 1596425714 0/0/0/99/6 REPORT 53015 0 0 v:122
3/08/2020 9:09:43 AM,252 Event OK
3/08/2020 9:09:43 AM,EVENT 53022 1596425731 0/0/0/0/3 INPUT 3 1 0 v:121
3/08/2020 9:09:43 AM,252 Event OK
3/08/2020 9:09:43 AM,EVENT 53023 1596425735 0/0/0/0/11 INPUT 3 0 5 v:121
3/08/2020 9:09:43 AM,252 Event OK
3/08/2020 9:09:43 AM,EVENT 53024 1596425849 0/0/0/0/3 INPUT 3 1 0 v:121
3/08/2020 9:09:43 AM,252 Event OK
3/08/2020 9:09:44 AM,EVENT 53025 1596425881 0/0/0/0/12 INPUT 3 0 31 v:121
3/08/2020 9:09:44 AM,252 Event OK
3/08/2020 9:09:44 AM,EVENT 53026 1596425899 0/0/0/0/0 INPUT 7 1 0 v:121
3/08/2020 9:09:44 AM,252 Event OK
3/08/2020 9:09:44 AM,EVENT 53027 1596425899 0/0/0/0/0 INPUT 8 0 233 v:121
3/08/2020 9:09:44 AM,252 Event OK
3/08/2020 9:09:44 AM,EVENT 53028 1596425900 0/0/0/0/0 INPUT 1 1 0 v:121
3/08/2020 9:09:44 AM,252 Event OK
3/08/2020 9:09:45 AM,EVENT 53029 1596425901 0/0/0/0/0 INPUT 4 0 219 v:121
3/08/2020 9:09:45 AM,252 Event OK
3/08/2020 9:09:45 AM,EVENT 53030 1596425904 0/0/0/0/0 TRIP 53015 36 183 8 5 227 v:121
3/08/2020 9:09:45 AM,252 Event OK
3/08/2020 9:09:45 AM,EVENT 53031 1596425904 0/0/0/0/0 TRIPSUMMARY 53015 v:121
3/08/2020 9:09:45 AM,252 Event OK
3/08/2020 9:09:45 AM,EVENT 53032 1596425982 0/0/0/0/0 INPUT 8 1 0 v:121
3/08/2020 9:09:45 AM,252 Event OK
3/08/2020 9:09:46 AM,EVENT 53033 1596425983 0/0/0/0/0 INPUT 7 0 83 v:121
3/08/2020 9:09:46 AM,252 Event OK
3/08/2020 9:09:46 AM,EVENT 53034 1596425991 0/0/0/0/0 SIGNON 2489 01effad3 OK 26 80296 0 v:122
3/08/2020 9:09:46 AM,252 Event OK
3/08/2020 9:09:46 AM,EVENT 53035 1596425996 0/0/0/0/0 INPUT 7 1 0 v:122
3/08/2020 9:09:46 AM,252 Event OK
3/08/2020 9:09:46 AM,EVENT 53036 1596425996 0/0/0/0/0 INPUT 7 0 1 v:122
3/08/2020 9:09:46 AM,252 Event OK
3/08/2020 9:09:47 AM,EVENT 53037 1596425997 0/0/0/0/0 INPUT 1 0 97 v:122
3/08/2020 9:09:47 AM,252 Event OK
3/08/2020 9:09:47 AM,EVENT 53038 1596425997 0/0/0/0/0 INPUT 4 1 0 v:122
3/08/2020 9:09:47 AM,252 Event OK
3/08/2020 9:09:47 AM,EVENT 53039 1596425998 0/0/0/0/0 OILPRESSURE 53034 2 v:122
3/08/2020 9:09:47 AM,252 Event OK
3/08/2020 9:09:47 AM,EVENT 53040 1596426011 0/0/0/0/6 INPUT 3 1 0 v:121
3/08/2020 9:09:47 AM,252 Event OK
3/08/2020 9:09:47 AM,EVENT 53041 1596426016 0/0/0/0/13 INPUT 3 0 6 v:122
3/08/2020 9:09:47 AM,252 Event OK
3/08/2020 9:09:48 AM,EVENT 53042 1596426018 0/0/0/0/8 INPUT 3 1 0 v:121
3/08/2020 9:09:48 AM,252 Event OK
3/08/2020 9:09:48 AM,EVENT 53043 1596426026 0/0/0/0/20 IMPACT 53034 9 0 0 0 9 0 - v:121
3/08/2020 9:09:48 AM,252 Event OK
3/08/2020 9:09:48 AM,EVENT 53044 1596426041 0/0/0/99/11 INPUT 3 0 24 v:121
3/08/2020 9:09:48 AM,252 Event OK
3/08/2020 9:09:48 AM,EVENT 53045 1596426158 0/0/0/0/5 INPUT 3 1 0 v:122
3/08/2020 9:09:48 AM,252 Event OK
3/08/2020 9:09:49 AM,EVENT 53046 1596426247 0/0/0/0/18 INPUT 3 0 88 v:121
3/08/2020 9:09:49 AM,252 Event OK
3/08/2020 9:09:49 AM,EVENT 53047 1596426250 0/0/0/0/4 ENGINEOVERSPEED 53034 73 3876 v:121
3/08/2020 9:09:49 AM,252 Event OK
3/08/2020 9:09:49 AM,EVENT 53048 1596426263 0/0/0/0/3 INPUT 7 1 0 v:122
3/08/2020 9:09:49 AM,252 Event OK
3/08/2020 9:09:49 AM,EVENT 53049 1596426263 0/0/0/0/3 INPUT 8 0 281 v:122
3/08/2020 9:09:49 AM,252 Event OK
3/08/2020 9:09:49 AM,EVENT 53050 1596426263 0/0/0/0/3 INPUT 1 1 0 v:122
3/08/2020 9:09:49 AM,252 Event OK
3/08/2020 9:09:50 AM,EVENT 53051 1596426265 0/0/0/0/0 INPUT 4 0 269 v:121
3/08/2020 9:09:50 AM,252 Event OK
3/08/2020 9:09:50 AM,EVENT 53052 1596426268 0/0/0/0/0 TRIP 53034 118 151 9 6 278 v:121
3/08/2020 9:09:50 AM,252 Event OK
3/08/2020 9:09:50 AM,EVENT 53053 1596426268 0/0/0/0/0 TRIPSUMMARY 53034 v:121
3/08/2020 9:09:50 AM,252 Event OK
3/08/2020 9:09:50 AM,EVENT 53054 1596426953 0/0/0/0/0 INPUT 8 1 0 v:121
3/08/2020 9:09:50 AM,252 Event OK
3/08/2020 9:09:51 AM,EVENT 53055 1596426953 0/0/0/0/0 INPUT 7 0 690 v:121
3/08/2020 9:09:51 AM,252 Event OK
3/08/2020 9:09:51 AM,EVENT 53056 1596426961 0/0/0/0/0 SIGNON 2489 01effad3 OK 26 80296 0 v:121
3/08/2020 9:09:51 AM,252 Event OK
3/08/2020 9:09:51 AM,EVENT 53057 1596426966 0/0/0/0/0 INPUT 7 1 0 v:122
3/08/2020 9:09:51 AM,252 Event OK
3/08/2020 9:09:51 AM,EVENT 53058 1596426966 0/0/0/0/0 INPUT 7 0 1 v:122
3/08/2020 9:09:51 AM,252 Event OK
3/08/2020 9:09:52 AM,EVENT 53059 1596426967 0/0/0/0/0 INPUT 4 1 0 v:122
3/08/2020 9:09:52 AM,252 Event OK
3/08/2020 9:09:52 AM,EVENT 53060 1596426968 0/0/0/0/0 INPUT 1 0 704 v:122
3/08/2020 9:09:52 AM,252 Event OK
3/08/2020 9:09:52 AM,EVENT 53061 1596426969 0/0/0/0/0 OILPRESSURE 53056 3 v:122
3/08/2020 9:09:52 AM,252 Event OK
3/08/2020 9:09:52 AM,EVENT 53062 1596426971 0/0/0/0/6 INPUT 3 1 0 v:122
3/08/2020 9:09:52 AM,252 Event OK
3/08/2020 9:09:52 AM,EVENT 53063 1596427338 0/0/0/0/20 ENGINEOVERSPEED 53056 8 3669 v:122
3/08/2020 9:09:52 AM,252 Event OK
3/08/2020 9:09:53 AM,EVENT 53064 1596427400 0/0/0/0/18 ENGINEOVERSPEED 53056 13 3496 v:122
3/08/2020 9:09:53 AM,252 Event OK
3/08/2020 9:09:53 AM,EVENT 53065 1596427514 0/0/0/0/11 INPUT 3 0 542 v:122
3/08/2020 9:09:53 AM,252 Event OK
3/08/2020 9:09:53 AM,EVENT 53066 1596427516 0/0/0/0/5 INPUT 4 0 550 v:121
3/08/2020 9:09:53 AM,252 Event OK
3/08/2020 9:09:53 AM,EVENT 53067 1596427516 0/0/0/0/5 INPUT 4 1 0 v:122
3/08/2020 9:09:53 AM,252 Event OK
3/08/2020 9:09:54 AM,EVENT 53068 1596427538 0/0/0/0/3 INPUT 7 1 0 v:122
3/08/2020 9:09:54 AM,252 Event OK
3/08/2020 9:09:54 AM,EVENT 53069 1596427538 0/0/0/0/3 INPUT 8 0 586 v:122
3/08/2020 9:09:54 AM,252 Event OK
3/08/2020 9:09:54 AM,EVENT 53070 1596427539 0/0/0/0/3 INPUT 1 1 0 v:122
3/08/2020 9:09:54 AM,252 Event OK
3/08/2020 9:09:54 AM,EVENT 53071 1596427540 0/0/0/0/3 INPUT 4 0 24 v:122
3/08/2020 9:09:54 AM,252 Event OK
3/08/2020 9:09:54 AM,EVENT 53072 1596427543 0/0/0/0/0 TRIP 53056 542 32 9 6 583 v:121
3/08/2020 9:09:54 AM,252 Event OK
3/08/2020 9:09:55 AM,EVENT 53073 1596427543 0/0/0/0/0 TRIPSUMMARY 53056 v:121
3/08/2020 9:09:55 AM,252 Event OK
3/08/2020 9:09:55 AM,EVENT 53074 1596427855 0/0/0/0/0 INPUT 8 1 0 v:122
3/08/2020 9:09:55 AM,252 Event OK
3/08/2020 9:09:55 AM,EVENT 53075 1596427855 0/0/0/0/0 INPUT 7 0 316 v:122
3/08/2020 9:09:55 AM,252 Event OK
3/08/2020 9:09:55 AM,EVENT 53076 1596427865 0/0/0/0/0 SIGNON 2489 01effad3 OK 26 80296 0 v:122
3/08/2020 9:09:55 AM,252 Event OK
3/08/2020 9:09:56 AM,EVENT 53077 1596427870 0/0/0/0/0 INPUT 7 1 0 v:122
3/08/2020 9:09:56 AM,252 Event OK
3/08/2020 9:09:56 AM,EVENT 53078 1596427871 0/0/0/0/0 INPUT 4 1 0 v:122
3/08/2020 9:09:56 AM,252 Event OK
3/08/2020 9:09:56 AM,EVENT 53079 1596427871 0/0/0/0/0 INPUT 7 0 0 v:122
3/08/2020 9:09:56 AM,252 Event OK
3/08/2020 9:09:56 AM,EVENT 53080 1596427871 0/0/0/0/0 INPUT 1 0 333 v:122
3/08/2020 9:09:56 AM,252 Event OK
3/08/2020 9:09:56 AM,EVENT 53081 1596427873 0/0/0/0/0 OILPRESSURE 53076 3 v:122
3/08/2020 9:09:56 AM,252 Event OK
3/08/2020 9:09:57 AM,EVENT 53082 1596427910 0/0/0/0/7 REPORT 53076 0 0 v:122
3/08/2020 9:09:57 AM,252 Event OK
3/08/2020 9:09:57 AM,EVENT 53083 1596427914 0/0/0/0/4 INPUT 3 1 0 v:122
3/08/2020 9:09:57 AM,252 Event OK
3/08/2020 9:09:57 AM,EVENT 53084 1596427921 0/0/0/0/12 INPUT 3 0 7 v:122
3/08/2020 9:09:57 AM,252 Event OK
3/08/2020 9:09:57 AM,EVENT 53085 1596427923 0/0/0/0/6 INPUT 3 1 0 v:122
3/08/2020 9:09:57 AM,252 Event OK
3/08/2020 9:09:57 AM,EVENT 53086 1596427968 0/0/0/0/12 INPUT 3 0 45 v:121
3/08/2020 9:09:57 AM,252 Event OK
3/08/2020 9:09:58 AM,EVENT 53087 1596427972 0/0/0/0/7 INPUT 3 1 0 v:122
3/08/2020 9:09:58 AM,252 Event OK
3/08/2020 9:09:58 AM,EVENT 53088 1596427974 0/0/0/0/10 INPUT 3 0 3 v:122
3/08/2020 9:09:58 AM,252 Event OK
3/08/2020 9:09:58 AM,EVENT 53089 1596428017 0/0/0/0/0 INPUT 7 1 0 v:122
3/08/2020 9:09:58 AM,252 Event OK
3/08/2020 9:09:58 AM,EVENT 53090 1596428017 0/0/0/0/0 INPUT 8 0 163 v:122
3/08/2020 9:09:58 AM,252 Event OK
3/08/2020 9:09:59 AM,EVENT 53091 1596428018 0/0/0/0/0 INPUT 1 1 0 v:122
3/08/2020 9:09:59 AM,252 Event OK
3/08/2020 9:09:59 AM,EVENT 53092 1596428018 0/0/0/0/0 INPUT 4 0 148 v:122
3/08/2020 9:09:59 AM,252 Event OK
3/08/2020 9:09:59 AM,EVENT 53093 1596428022 0/0/0/0/0 TRIP 53076 55 93 10 6 158 v:121
3/08/2020 9:09:59 AM,252 Event OK
3/08/2020 9:09:59 AM,EVENT 53094 1596428022 0/0/0/0/0 TRIPSUMMARY 53076 v:122
3/08/2020 9:09:59 AM,252 Event OK
3/08/2020 9:09:59 AM,EVENT 53095 1596430071 0/0/0/0/0 SWSTART OpusFC 5.0.58.510 R v:122
3/08/2020 9:09:59 AM,252 Event OK
3/08/2020 9:10:00 AM,EVENT 53096 1596428022 0/0/0/0/0 POWERDOWN v:121
3/08/2020 9:10:00 AM,252 Event OK
3/08/2020 9:10:00 AM,EVENT 53097 1596430071 0/0/0/0/0 INPUT 1 1 0 v:122
3/08/2020 9:10:00 AM,252 Event OK
3/08/2020 9:10:00 AM,EVENT 53098 1596430071 0/0/0/0/0 INPUT 2 0 0 v:122
3/08/2020 9:10:00 AM,252 Event OK
3/08/2020 9:10:01 AM,EVENT 53099 1596430071 0/0/0/0/0 INPUT 3 0 0 v:122
3/08/2020 9:10:01 AM,252 Event OK
3/08/2020 9:10:01 AM,EVENT 53100 1596430071 0/0/0/0/0 INPUT 4 0 0 v:122
3/08/2020 9:10:01 AM,252 Event OK
3/08/2020 9:10:01 AM,EVENT 53101 1596430071 0/0/0/0/0 INPUT 7 0 0 v:122
3/08/2020 9:10:01 AM,252 Event OK
3/08/2020 9:10:01 AM,EVENT 53102 1596430071 0/0/0/0/0 INPUT 8 1 0 v:122
3/08/2020 9:10:01 AM,252 Event OK
3/08/2020 9:10:01 AM,EVENT 53103 1596430073 0/0/0/0/0 ZONE_OK 2 100 FW=NO VERSION v:122
3/08/2020 9:10:01 AM,252 Event OK
3/08/2020 9:10:02 AM,EVENT 53104 1596430081 0/0/0/0/0 SIGNON 2489 01effad3 OK 26 80296 0 v:122
3/08/2020 9:10:02 AM,252 Event OK
3/08/2020 9:10:02 AM,EVENT 53105 1596430095 0/0/0/99/0 INPUT 7 1 0 v:122
3/08/2020 9:10:02 AM,252 Event OK
3/08/2020 9:10:02 AM,EVENT 53106 1596430095 0/0/0/0/0 INPUT 4 1 0 v:122
3/08/2020 9:10:02 AM,252 Event OK
3/08/2020 9:10:02 AM,EVENT 53107 1596430096 0/0/0/0/0 INPUT 7 0 1 v:122
3/08/2020 9:10:02 AM,252 Event OK
3/08/2020 9:10:02 AM,EVENT 53108 1596430098 0/0/0/0/0 INPUT 1 0 26 v:122
3/08/2020 9:10:02 AM,252 Event OK
3/08/2020 9:10:03 AM,EVENT 53109 1596430099 0/0/0/0/0 OILPRESSURE 53104 13 v:122
3/08/2020 9:10:03 AM,252 Event OK
3/08/2020 9:10:03 AM,EVENT 53110 1596430103 0/0/0/0/2 INPUT 4 0 8 v:122
3/08/2020 9:10:03 AM,252 Event OK
3/08/2020 9:10:03 AM,EVENT 53111 1596430103 0/0/0/0/2 INPUT 4 1 0 v:122
3/08/2020 9:10:03 AM,252 Event OK
3/08/2020 9:10:03 AM,EVENT 53112 1596430105 0/0/0/0/5 INPUT 3 1 0 v:122
3/08/2020 9:10:03 AM,252 Event OK
3/08/2020 9:10:03 AM,EVENT 53113 1596430179 0/0/0/0/12 INPUT 3 0 74 v:122
3/08/2020 9:10:03 AM,252 Event OK
3/08/2020 9:10:04 AM,EVENT 53114 1596430183 0/0/0/0/4 INPUT 7 1 0 v:122
3/08/2020 9:10:04 AM,252 Event OK
3/08/2020 9:10:04 AM,EVENT 53115 1596430183 0/0/0/0/4 INPUT 8 0 112 v:122
3/08/2020 9:10:04 AM,252 Event OK
3/08/2020 9:10:04 AM,EVENT 53116 1596430184 0/0/0/0/4 INPUT 1 1 0 v:121
3/08/2020 9:10:04 AM,252 Event OK
3/08/2020 9:10:04 AM,EVENT 53117 1596430184 0/0/0/0/4 INPUT 4 0 81 v:121
3/08/2020 9:10:04 AM,252 Event OK
3/08/2020 9:10:05 AM,EVENT 53118 1596430188 0/0/0/0/0 TRIP 53104 74 15 18 14 107 v:121
3/08/2020 9:10:05 AM,252 Event OK
3/08/2020 9:10:05 AM,EVENT 53119 1596430188 0/0/0/0/0 TRIPSUMMARY 53104 v:121
3/08/2020 9:10:05 AM,252 Event OK
3/08/2020 9:10:05 AM,EVENT 53120 1596430195 0/0/0/0/0 REPORT * 0 0 v:121
3/08/2020 9:10:05 AM,252 Event OK
3/08/2020 9:10:05 AM,EVENT 53121 1596430199 0/0/0/0/0 INPUT 8 1 0 v:121
3/08/2020 9:10:05 AM,252 Event OK
3/08/2020 9:10:05 AM,EVENT 53122 1596430199 0/0/0/0/0 INPUT 7 0 15 v:121
3/08/2020 9:10:05 AM,252 Event OK
3/08/2020 9:10:06 AM,EVENT 53123 1596430209 0/0/0/0/0 SIGNON 2489 01effad3 OK 26 80296 0 v:121
3/08/2020 9:10:06 AM,252 Event OK
3/08/2020 9:10:06 AM,EVENT 53124 1596430214 0/0/0/0/0 INPUT 7 1 0 v:122
3/08/2020 9:10:06 AM,252 Event OK
3/08/2020 9:10:06 AM,EVENT 53125 1596430215 0/0/0/0/0 INPUT 4 1 0 v:122
3/08/2020 9:10:06 AM,252 Event OK
3/08/2020 9:10:06 AM,EVENT 53126 1596430215 0/0/0/0/0 INPUT 7 0 0 v:122
3/08/2020 9:10:06 AM,252 Event OK
3/08/2020 9:10:06 AM,EVENT 53127 1596430215 0/0/0/0/0 INPUT 1 0 31 v:122
3/08/2020 9:10:06 AM,252 Event OK
3/08/2020 9:10:07 AM,EVENT 53128 1596430216 0/0/0/0/0 OILPRESSURE 53123 2 v:122
3/08/2020 9:10:07 AM,252 Event OK
3/08/2020 9:10:07 AM,EVENT 53129 1596430258 0/0/0/0/0 INPUT 4 0 44 v:122
3/08/2020 9:10:07 AM,252 Event OK
3/08/2020 9:10:07 AM,EVENT 53130 1596430258 0/0/0/0/0 INPUT 4 1 0 v:122
3/08/2020 9:10:07 AM,252 Event OK
3/08/2020 9:10:07 AM,EVENT 53131 1596430260 0/0/0/0/5 INPUT 3 1 0 v:122
3/08/2020 9:10:07 AM,252 Event OK
3/08/2020 9:10:08 AM,EVENT 53132 1596430263 0/0/0/0/11 INPUT 3 0 3 v:122
3/08/2020 9:10:08 AM,252 Event OK
3/08/2020 9:10:08 AM,EVENT 53133 1596430299 0/0/0/0/6 INPUT 3 1 0 v:122
3/08/2020 9:10:08 AM,252 Event OK
3/08/2020 9:10:08 AM,EVENT 53134 1596430300 0/0/0/0/8 INPUT 3 0 1 v:122
3/08/2020 9:10:08 AM,252 Event OK
3/08/2020 9:10:08 AM,EVENT 53135 1596430336 0/0/0/0/7 INPUT 3 1 0 v:122
3/08/2020 9:10:08 AM,252 Event OK
3/08/2020 9:10:08 AM,EVENT 53136 1596430341 0/0/0/0/10 INPUT 3 0 5 v:122
3/08/2020 9:10:08 AM,252 Event OK
3/08/2020 9:10:09 AM,EVENT 53137 1596430362 0/0/0/0/8 INPUT 3 1 0 v:122
3/08/2020 9:10:09 AM,252 Event OK
3/08/2020 9:10:09 AM,EVENT 53138 1596430371 0/0/0/0/12 INPUT 3 0 10 v:122
3/08/2020 9:10:09 AM,252 Event OK
3/08/2020 9:10:09 AM,EVENT 53139 1596430378 0/0/0/0/0 INPUT 7 1 0 v:122
3/08/2020 9:10:09 AM,252 Event OK
3/08/2020 9:10:09 AM,EVENT 53140 1596430378 0/0/0/0/0 INPUT 8 0 179 v:122
3/08/2020 9:10:09 AM,252 Event OK
3/08/2020 9:10:09 AM,EVENT 53141 1596430378 0/0/0/0/0 INPUT 1 1 0 v:122
3/08/2020 9:10:09 AM,252 Event OK
3/08/2020 9:10:10 AM,EVENT 53142 1596430379 0/0/0/0/0 INPUT 4 0 121 v:121
3/08/2020 9:10:10 AM,252 Event OK
3/08/2020 9:10:10 AM,EVENT 53143 1596430382 0/0/0/0/0 TRIP 53123 19 146 9 6 174 v:121
3/08/2020 9:10:10 AM,252 Event OK
3/08/2020 9:10:10 AM,EVENT 53144 1596430382 0/0/0/0/0 TRIPSUMMARY 53123 v:121
3/08/2020 9:10:10 AM,252 Event OK
3/08/2020 9:10:10 AM,EVENT 53145 1596433633 0/0/0/0/0 SWSTART OpusFC 5.0.58.510 R v:121
3/08/2020 9:10:10 AM,252 Event OK
3/08/2020 9:10:11 AM,EVENT 53146 1596430382 0/0/0/0/0 POWERDOWN v:121
3/08/2020 9:10:11 AM,252 Event OK
3/08/2020 9:10:11 AM,EVENT 53147 1596433633 0/0/0/0/0 INPUT 1 1 0 v:121
3/08/2020 9:10:11 AM,252 Event OK
3/08/2020 9:10:11 AM,EVENT 53148 1596433633 0/0/0/0/0 INPUT 2 0 0 v:121
3/08/2020 9:10:11 AM,252 Event OK
3/08/2020 9:10:12 AM,EVENT 53149 1596433633 0/0/0/0/0 INPUT 3 0 0 v:121
3/08/2020 9:10:12 AM,252 Event OK
3/08/2020 9:10:12 AM,EVENT 53150 1596433633 0/0/0/0/0 INPUT 4 0 0 v:121
3/08/2020 9:10:12 AM,252 Event OK
3/08/2020 9:10:12 AM,EVENT 53151 1596433633 0/0/0/0/0 INPUT 7 0 0 v:121
3/08/2020 9:10:12 AM,252 Event OK
3/08/2020 9:10:12 AM,EVENT 53152 1596433633 0/0/0/0/0 INPUT 8 1 0 v:121
3/08/2020 9:10:12 AM,252 Event OK
3/08/2020 9:10:13 AM,EVENT 53153 1596433635 0/0/0/0/0 ZONE_OK 2 100 FW=NO VERSION v:121
3/08/2020 9:10:13 AM,252 Event OK
3/08/2020 9:10:13 AM,EVENT 53154 1596433644 0/0/0/0/0 SIGNON 2489 01effad3 OK 26 80296 0 v:121
3/08/2020 9:10:13 AM,252 Event OK
3/08/2020 9:10:13 AM,EVENT 53155 1596433650 0/0/0/99/0 INPUT 4 1 0 v:122
3/08/2020 9:10:13 AM,252 Event OK
3/08/2020 9:10:13 AM,EVENT 53156 1596433650 0/0/0/99/0 INPUT 7 1 0 v:122
3/08/2020 9:10:13 AM,252 Event OK
3/08/2020 9:10:14 AM,EVENT 53157 1596433650 0/0/0/99/0 INPUT 7 0 1 v:122
3/08/2020 9:10:14 AM,252 Event OK
3/08/2020 9:10:14 AM,EVENT 53158 1596433653 0/0/0/99/0 INPUT 1 0 19 v:122
3/08/2020 9:10:14 AM,252 Event OK
3/08/2020 9:10:14 AM,EVENT 53159 1596433654 0/0/0/99/0 OILPRESSURE 53154 5 v:121
3/08/2020 9:10:14 AM,252 Event OK
3/08/2020 9:10:14 AM,EVENT 53160 1596433701 0/0/0/0/8 INPUT 3 1 0 v:121
3/08/2020 9:10:14 AM,252 Event OK
3/08/2020 9:10:15 AM,EVENT 53161 1596433702 0/0/0/0/9 INPUT 3 0 2 v:121
3/08/2020 9:10:15 AM,252 Event OK
3/08/2020 9:10:15 AM,EVENT 53162 1596433710 0/0/0/0/7 INPUT 3 1 0 v:122
3/08/2020 9:10:15 AM,252 Event OK
3/08/2020 9:10:15 AM,EVENT 53163 1596433714 0/0/0/0/14 INPUT 3 0 3 v:122
3/08/2020 9:10:15 AM,252 Event OK
3/08/2020 9:10:15 AM,EVENT 53164 1596433730 0/0/0/0/6 INPUT 3 1 0 v:121
3/08/2020 9:10:15 AM,252 Event OK
3/08/2020 9:10:16 AM,EVENT 53165 1596433871 0/0/0/0/10 INPUT 3 0 142 v:122
3/08/2020 9:10:16 AM,252 Event OK
3/08/2020 9:10:16 AM,EVENT 53166 1596433871 0/0/0/0/10 INPUT 4 0 222 v:122
3/08/2020 9:10:16 AM,252 Event OK
3/08/2020 9:10:16 AM,EVENT 53167 1596433872 0/0/0/0/10 INPUT 4 1 0 v:122
3/08/2020 9:10:16 AM,252 Event OK
3/08/2020 9:10:16 AM,EVENT 53168 1596433914 0/0/0/0/4 ENGINEOVERSPEED 53154 16 3709 v:122
3/08/2020 9:10:16 AM,252 Event OK
3/08/2020 9:10:16 AM,EVENT 53169 1596433928 0/0/0/0/6 INPUT 3 1 0 v:122
3/08/2020 9:10:16 AM,252 Event OK
3/08/2020 9:10:17 AM,EVENT 53170 1596433982 0/0/0/99/21 ENGINEOVERSPEED 53154 9 3462 v:122
3/08/2020 9:10:17 AM,252 Event OK
3/08/2020 9:10:17 AM,EVENT 53171 1596434101 0/0/0/0/22 ENGINEOVERSPEED 53154 59 3705 v:122
3/08/2020 9:10:17 AM,252 Event OK
3/08/2020 9:10:17 AM,EVENT 53172 1596434150 0/0/0/0/10 INPUT 7 1 0 v:122
3/08/2020 9:10:17 AM,252 Event OK
3/08/2020 9:10:17 AM,EVENT 53173 1596434150 0/0/0/0/10 INPUT 8 0 516 v:121
3/08/2020 9:10:17 AM,252 Event OK
3/08/2020 9:10:18 AM,EVENT 53174 1596434150 0/0/0/0/9 INPUT 1 1 0 v:121
3/08/2020 9:10:18 AM,252 Event OK
3/08/2020 9:10:18 AM,EVENT 53175 1596434150 0/0/0/0/9 INPUT 3 0 223 v:121
3/08/2020 9:10:18 AM,252 Event OK
3/08/2020 9:10:18 AM,EVENT 53176 1596434151 0/0/0/0/9 INPUT 4 0 280 v:122
3/08/2020 9:10:18 AM,252 Event OK
3/08/2020 9:10:18 AM,EVENT 53177 1596434154 0/0/0/0/0 TRIP 53154 371 131 8 5 510 v:122
3/08/2020 9:10:18 AM,252 Event OK
3/08/2020 9:10:19 AM,EVENT 53178 1596434154 0/0/0/0/0 TRIPSUMMARY 53154 v:122
3/08/2020 9:10:19 AM,252 Event OK
3/08/2020 9:10:19 AM,EVENT 53179 1596434184 0/0/0/0/0 REPORT * 0 0 v:122
3/08/2020 9:10:19 AM,252 Event OK
3/08/2020 9:10:19 AM,EVENT 53180 1596439451 0/0/0/0/0 SWSTART OpusFC 5.0.58.510 R v:122
3/08/2020 9:10:19 AM,252 Event OK
3/08/2020 9:10:19 AM,EVENT 53181 1596434154 0/0/0/0/0 POWERDOWN v:122
3/08/2020 9:10:19 AM,252 Event OK
3/08/2020 9:10:20 AM,EVENT 53182 1596439451 0/0/0/0/0 INPUT 1 1 0 v:122
3/08/2020 9:10:20 AM,252 Event OK
3/08/2020 9:10:20 AM,EVENT 53183 1596439451 0/0/0/0/0 INPUT 2 0 0 v:121
3/08/2020 9:10:20 AM,252 Event OK
3/08/2020 9:10:20 AM,EVENT 53184 1596439451 0/0/0/0/0 INPUT 3 0 0 v:121
3/08/2020 9:10:20 AM,252 Event OK
3/08/2020 9:10:20 AM,EVENT 53185 1596439451 0/0/0/0/0 INPUT 4 0 0 v:121
3/08/2020 9:10:20 AM,252 Event OK
3/08/2020 9:10:21 AM,EVENT 53186 1596439451 0/0/0/0/0 INPUT 7 0 0 v:121
3/08/2020 9:10:21 AM,252 Event OK
3/08/2020 9:10:21 AM,EVENT 53187 1596439451 0/0/0/0/0 INPUT 8 1 0 v:121
3/08/2020 9:10:21 AM,252 Event OK
3/08/2020 9:10:21 AM,EVENT 53188 1596439453 0/0/0/0/0 ZONE_OK 2 100 FW=NO VERSION v:121
3/08/2020 9:10:21 AM,252 Event OK
3/08/2020 9:10:21 AM,EVENT 53189 1596439461 0/0/0/0/0 SIGNON 2489 01effad3 OK 26 80296 0 v:121
3/08/2020 9:10:21 AM,252 Event OK
3/08/2020 9:10:21 AM,EVENT 53190 1596439466 0/0/0/99/0 INPUT 7 1 0 v:122
3/08/2020 9:10:21 AM,252 Event OK
3/08/2020 9:10:22 AM,EVENT 53191 1596439467 0/0/0/99/0 INPUT 7 0 0 v:122
3/08/2020 9:10:22 AM,252 Event OK
3/08/2020 9:10:22 AM,EVENT 53192 1596439468 0/0/0/99/0 INPUT 4 1 0 v:122
3/08/2020 9:10:22 AM,252 Event OK
3/08/2020 9:10:22 AM,EVENT 53193 1596439469 0/0/0/99/0 INPUT 1 0 17 v:121
3/08/2020 9:10:22 AM,252 Event OK
3/08/2020 9:10:22 AM,EVENT 53194 1596439470 0/0/0/99/3 OILPRESSURE 53189 4 v:121
3/08/2020 9:10:22 AM,252 Event OK
3/08/2020 9:10:23 AM,EVENT 53195 1596439474 0/0/0/99/7 INPUT 3 1 0 v:121
3/08/2020 9:10:23 AM,252 Event OK
3/08/2020 9:10:23 AM,EVENT 53196 1596439487 0/0/0/0/9 INPUT 3 0 13 v:122
3/08/2020 9:10:23 AM,252 Event OK
3/08/2020 9:10:23 AM,EVENT 53197 1596439493 0/0/0/0/4 INPUT 3 1 0 v:121
3/08/2020 9:10:23 AM,252 Event OK
3/08/2020 9:10:23 AM,EVENT 53198 1596439494 0/0/0/0/11 ENGINEOVERSPEED 53189 13 4764 v:121
3/08/2020 9:10:23 AM,252 Event OK
3/08/2020 9:10:23 AM,EVENT 53199 1596439722 0/0/0/0/14 INPUT 3 0 229 v:122
3/08/2020 9:10:23 AM,252 Event OK
3/08/2020 9:10:24 AM,EVENT 53200 1596439726 0/0/0/0/6 ENGINEOVERSPEED 53189 215 6147 v:121
3/08/2020 9:10:24 AM,252 Event OK
3/08/2020 9:10:24 AM,EVENT 53201 1596439783 0/0/0/0/5 INPUT 3 1 0 v:122
3/08/2020 9:10:24 AM,252 Event OK
3/08/2020 9:10:24 AM,EVENT 53202 1596439988 0/0/0/0/22 ENGINEOVERSPEED 53189 185 7532 v:122
3/08/2020 9:10:24 AM,252 Event OK
3/08/2020 9:10:24 AM,EVENT 53203 1596440066 0/0/0/0/17 ENGINEOVERSPEED 53189 71 4046 v:122
3/08/2020 9:10:24 AM,252 Event OK
3/08/2020 9:10:25 AM,EVENT 53204 1596440144 0/0/0/99/19 ENGINEOVERSPEED 53189 66 4206 v:122
3/08/2020 9:10:25 AM,252 Event OK
3/08/2020 9:10:25 AM,EVENT 53205 1596440172 0/0/0/0/12 INPUT 3 0 390 v:122
3/08/2020 9:10:25 AM,252 Event OK
3/08/2020 9:10:25 AM,EVENT 53206 1596440194 0/0/0/0/5 INPUT 3 1 0 v:122
3/08/2020 9:10:25 AM,252 Event OK
3/08/2020 9:10:25 AM,EVENT 53207 1596440198 0/0/0/0/10 INPUT 3 0 3 v:122
3/08/2020 9:10:25 AM,252 Event OK
3/08/2020 9:10:26 AM,EVENT 53208 1596440203 0/0/0/0/5 INPUT 3 1 0 v:122
3/08/2020 9:10:26 AM,252 Event OK
3/08/2020 9:10:26 AM,EVENT 53209 1596440250 0/0/0/0/14 INPUT 3 0 48 v:122
3/08/2020 9:10:26 AM,252 Event OK
3/08/2020 9:10:26 AM,EVENT 53210 1596440252 0/0/0/0/7 INPUT 1 1 0 v:122
3/08/2020 9:10:26 AM,252 Event OK
3/08/2020 9:10:26 AM,EVENT 53211 1596440253 0/0/0/0/5 INPUT 1 0 0 v:122
3/08/2020 9:10:26 AM,252 Event OK
3/08/2020 9:10:26 AM,EVENT 53212 1596440254 0/0/0/0/3 INPUT 1 1 0 v:122
3/08/2020 9:10:26 AM,252 Event OK
3/08/2020 9:10:27 AM,EVENT 53213 1596440255 0/0/0/0/3 ENGINEOVERSPEED 53189 31 4003 v:122
3/08/2020 9:10:27 AM,252 Event OK
3/08/2020 9:10:27 AM,EVENT 53214 1596440261 0/0/0/0/0 INPUT 1 0 7 v:122
3/08/2020 9:10:27 AM,252 Event OK
3/08/2020 9:10:27 AM,EVENT 53215 1596440263 0/0/0/0/0 OILPRESSURE 53189 7 v:122
3/08/2020 9:10:27 AM,252 Event OK
3/08/2020 9:10:27 AM,EVENT 53216 1596440263 0/0/0/0/0 INPUT 1 1 0 v:122
3/08/2020 9:10:27 AM,252 Event OK
3/08/2020 9:10:28 AM,EVENT 53217 1596440264 0/0/0/0/0 INPUT 4 0 797 v:122
3/08/2020 9:10:28 AM,252 Event OK
3/08/2020 9:10:28 AM,EVENT 53218 1596440283 0/0/0/0/0 INPUT 7 1 0 v:122
3/08/2020 9:10:28 AM,252 Event OK
3/08/2020 9:10:28 AM,EVENT 53219 1596440283 0/0/0/0/0 INPUT 4 1 0 v:123
3/08/2020 9:10:28 AM,252 Event OK
3/08/2020 9:10:28 AM,EVENT 53220 1596440285 0/0/0/0/0 INPUT 7 0 2 v:123
3/08/2020 9:10:28 AM,252 Event OK
3/08/2020 9:10:28 AM,EVENT 53221 1596440286 0/0/0/0/0 INPUT 1 0 22 v:122
3/08/2020 9:10:28 AM,252 Event OK
3/08/2020 9:10:29 AM,EVENT 53222 1596440286 0/0/0/0/0 LOWCOOLANT 53189 2 v:122
3/08/2020 9:10:29 AM,252 Event OK
3/08/2020 9:10:29 AM,EVENT 53223 1596440287 0/0/0/0/3 OILPRESSURE 53189 22 v:121
3/08/2020 9:10:29 AM,252 Event OK
3/08/2020 9:10:29 AM,EVENT 53224 1596440287 0/0/0/0/3 INPUT 1 1 0 v:121
3/08/2020 9:10:29 AM,252 Event OK
3/08/2020 9:10:29 AM,EVENT 53225 1596440288 0/0/0/0/4 INPUT 1 0 0 v:121
3/08/2020 9:10:29 AM,252 Event OK
3/08/2020 9:10:30 AM,EVENT 53226 1596440290 0/0/0/0/3 IMPACT 53189 9 0 0 0 9 0 - v:122
3/08/2020 9:10:30 AM,252 Event OK
3/08/2020 9:10:30 AM,EVENT 53227 1596440296 0/0/0/0/7 INPUT 3 1 0 v:122
3/08/2020 9:10:30 AM,252 Event OK
3/08/2020 9:10:30 AM,EVENT 53228 1596440338 0/0/0/0/10 INPUT 3 0 42 v:121
3/08/2020 9:10:30 AM,252 Event OK
3/08/2020 9:10:30 AM,EVENT 53229 1596440341 0/0/0/0/6 ENGINEOVERSPEED 53189 24 4551 v:121
3/08/2020 9:10:30 AM,252 Event OK
3/08/2020 9:10:31 AM,EVENT 53230 1596440342 0/0/0/0/6 INPUT 3 1 0 v:122
3/08/2020 9:10:31 AM,252 Event OK
3/08/2020 9:10:31 AM,EVENT 53231 1596440363 0/0/0/0/12 INPUT 1 1 0 v:122
3/08/2020 9:10:31 AM,252 Event OK
3/08/2020 9:10:31 AM,EVENT 53232 1596440363 0/0/0/0/11 INPUT 3 0 21 v:122
3/08/2020 9:10:31 AM,252 Event OK
3/08/2020 9:10:31 AM,EVENT 53233 1596440363 0/0/0/0/10 INPUT 1 0 1 v:122
3/08/2020 9:10:31 AM,252 Event OK
3/08/2020 9:10:31 AM,EVENT 53234 1596440364 0/0/0/0/8 INPUT 7 1 0 v:122
3/08/2020 9:10:31 AM,252 Event OK
3/08/2020 9:10:32 AM,EVENT 53235 1596440364 0/0/0/0/8 INPUT 8 0 912 v:122
3/08/2020 9:10:32 AM,252 Event OK
3/08/2020 9:10:32 AM,EVENT 53236 1596440364 0/0/0/0/7 INPUT 1 1 0 v:122
3/08/2020 9:10:32 AM,252 Event OK
3/08/2020 9:10:32 AM,EVENT 53237 1596440364 0/0/0/0/7 ENGINEOVERSPEED 53189 10 3920 v:122
3/08/2020 9:10:32 AM,252 Event OK
3/08/2020 9:10:32 AM,EVENT 53238 1596440365 0/0/0/0/7 INPUT 4 0 82 v:122
3/08/2020 9:10:32 AM,252 Event OK
3/08/2020 9:10:33 AM,EVENT 53239 1596440368 0/0/0/0/0 REPORT 53189 0 0 v:122
3/08/2020 9:10:33 AM,252 Event OK
3/08/2020 9:10:33 AM,EVENT 53240 1596440368 0/0/0/0/0 TRIP 53189 746 133 29 19 908 v:122
3/08/2020 9:10:33 AM,252 Event OK
3/08/2020 9:10:33 AM,EVENT 53241 1596440368 0/0/0/0/0 TRIPSUMMARY 53189 v:122
3/08/2020 9:10:33 AM,252 Event OK
3/08/2020 9:10:34 AM,EVENT 53242 1596440539 0/0/0/0/0 INPUT 8 1 0 v:122
3/08/2020 9:10:34 AM,252 Event OK
3/08/2020 9:10:34 AM,EVENT 53243 1596440539 0/0/0/0/0 INPUT 7 0 176 v:122
3/08/2020 9:10:34 AM,252 Event OK
3/08/2020 9:10:34 AM,EVENT 53244 1596440551 0/0/0/0/0 SIGNON 2489 01effad3 OK 26 80296 0 v:122
3/08/2020 9:10:34 AM,252 Event OK
3/08/2020 9:10:34 AM,EVENT 53245 1596440556 0/0/0/0/0 INPUT 7 1 0 v:122
3/08/2020 9:10:34 AM,252 Event OK
3/08/2020 9:10:34 AM,EVENT 53246 1596440556 0/0/0/0/0 INPUT 4 1 0 v:122
3/08/2020 9:10:34 AM,252 Event OK
3/08/2020 9:10:35 AM,EVENT 53247 1596440557 0/0/0/0/0 INPUT 7 0 2 v:122
3/08/2020 9:10:35 AM,252 Event OK
3/08/2020 9:10:35 AM,EVENT 53248 1596440559 0/0/0/0/0 INPUT 1 0 195 v:122
3/08/2020 9:10:35 AM,252 Event OK
3/08/2020 9:10:35 AM,EVENT 53249 1596440561 0/0/0/0/0 OILPRESSURE 53244 5 v:121
3/08/2020 9:10:35 AM,252 Event OK
3/08/2020 9:10:35 AM,EVENT 53250 1596440600 0/0/0/0/5 INPUT 3 1 0 v:122
3/08/2020 9:10:35 AM,252 Event OK
3/08/2020 9:10:35 AM,EVENT 53251 1596440608 0/0/0/0/10 INPUT 3 0 8 v:122
3/08/2020 9:10:35 AM,252 Event OK
3/08/2020 9:10:36 AM,EVENT 53252 1596440617 0/0/0/0/5 INPUT 7 1 0 v:121
3/08/2020 9:10:36 AM,252 Event OK
3/08/2020 9:10:36 AM,EVENT 53253 1596440617 0/0/0/0/5 INPUT 8 0 79 v:121
3/08/2020 9:10:36 AM,252 Event OK
3/08/2020 9:10:36 AM,EVENT 53254 1596440617 0/0/0/0/5 INPUT 1 1 0 v:121
3/08/2020 9:10:36 AM,252 Event OK
3/08/2020 9:10:36 AM,EVENT 53255 1596440618 0/0/0/0/5 INPUT 4 0 62 v:121
3/08/2020 9:10:36 AM,252 Event OK
3/08/2020 9:10:36 AM,EVENT 53256 1596440622 0/0/0/0/0 TRIP 53244 8 54 10 6 72 v:122
3/08/2020 9:10:36 AM,252 Event OK
3/08/2020 9:10:37 AM,EVENT 53257 1596440622 0/0/0/0/0 TRIPSUMMARY 53244 v:122
3/08/2020 9:10:37 AM,252 Event OK
3/08/2020 9:10:37 AM,EVENT 53258 1596440744 0/0/0/0/0 INPUT 8 1 0 v:122
3/08/2020 9:10:37 AM,252 Event OK
3/08/2020 9:10:37 AM,EVENT 53259 1596440745 0/0/0/0/0 INPUT 7 0 127 v:122
3/08/2020 9:10:37 AM,252 Event OK
3/08/2020 9:10:37 AM,EVENT 53260 1596440753 0/0/0/0/0 SIGNON 2489 01effad3 OK 26 80296 0 v:122
3/08/2020 9:10:37 AM,252 Event OK
3/08/2020 9:10:37 AM,EVENT 53261 1596440758 0/0/0/0/0 INPUT 7 1 0 v:122
3/08/2020 9:10:37 AM,252 Event OK
3/08/2020 9:10:38 AM,EVENT 53262 1596440759 0/0/0/0/0 INPUT 7 0 0 v:122
3/08/2020 9:10:38 AM,252 Event OK
3/08/2020 9:10:38 AM,EVENT 53263 1596440759 0/0/0/0/0 INPUT 4 1 0 v:122
3/08/2020 9:10:38 AM,252 Event OK
3/08/2020 9:10:38 AM,EVENT 53264 1596440760 0/0/0/0/0 INPUT 1 0 142 v:122
3/08/2020 9:10:38 AM,252 Event OK
3/08/2020 9:10:38 AM,EVENT 53265 1596440761 0/0/0/0/0 OILPRESSURE 53260 3 v:122
3/08/2020 9:10:38 AM,252 Event OK
3/08/2020 9:10:39 AM,EVENT 53266 1596440772 0/0/0/0/7 INPUT 3 1 0 v:121
3/08/2020 9:10:39 AM,252 Event OK
3/08/2020 9:10:39 AM,EVENT 53267 1596440822 0/0/0/99/22 ENGINEOVERSPEED 53260 40 4001 v:122
3/08/2020 9:10:39 AM,252 Event OK
3/08/2020 9:10:39 AM,EVENT 53268 1596440845 0/0/0/0/21 ENGINEOVERSPEED 53260 16 3657 v:121
3/08/2020 9:10:39 AM,252 Event OK
3/08/2020 9:10:39 AM,EVENT 53269 1596440851 0/0/0/0/14 INPUT 3 0 80 v:121
3/08/2020 9:10:39 AM,252 Event OK
3/08/2020 9:10:39 AM,EVENT 53270 1596440876 0/0/0/0/5 INPUT 3 1 0 v:122
3/08/2020 9:10:39 AM,252 Event OK
3/08/2020 9:10:40 AM,EVENT 53271 1596440884 0/0/0/0/9 INPUT 3 0 8 v:122
3/08/2020 9:10:40 AM,252 Event OK
3/08/2020 9:10:40 AM,EVENT 53272 1596440893 0/0/0/0/7 INPUT 3 1 0 v:121
3/08/2020 9:10:40 AM,252 Event OK
3/08/2020 9:10:40 AM,EVENT 53273 1596440896 0/0/0/0/11 INPUT 3 0 4 v:122
3/08/2020 9:10:40 AM,252 Event OK
3/08/2020 9:10:40 AM,EVENT 53274 1596440899 0/0/0/0/11 INPUT 7 1 0 v:122
3/08/2020 9:10:40 AM,252 Event OK
3/08/2020 9:10:41 AM,EVENT 53275 1596440899 0/0/0/0/11 INPUT 8 0 154 v:122
3/08/2020 9:10:41 AM,252 Event OK
3/08/2020 9:10:41 AM,EVENT 53276 1596440899 0/0/0/0/11 INPUT 1 1 0 v:122
3/08/2020 9:10:41 AM,252 Event OK
3/08/2020 9:10:41 AM,EVENT 53277 1596440900 0/0/0/0/0 INPUT 4 0 142 v:122
3/08/2020 9:10:41 AM,252 Event OK
3/08/2020 9:10:41 AM,EVENT 53278 1596440903 0/0/0/0/0 TRIP 53260 92 50 9 6 151 v:122
3/08/2020 9:10:41 AM,252 Event OK
3/08/2020 9:10:41 AM,EVENT 53279 1596440903 0/0/0/0/0 TRIPSUMMARY 53260 v:122
3/08/2020 9:10:41 AM,252 Event OK
3/08/2020 9:10:42 AM,EVENT 53280 1596441470 0/0/0/0/0 INPUT 8 1 0 v:122
3/08/2020 9:10:42 AM,252 Event OK
3/08/2020 9:10:42 AM,EVENT 53281 1596441470 0/0/0/0/0 INPUT 7 0 571 v:122
3/08/2020 9:10:42 AM,252 Event OK
3/08/2020 9:10:42 AM,EVENT 53282 1596441478 0/0/0/0/0 SIGNON 2489 01effad3 OK 26 80296 0 v:122
3/08/2020 9:10:42 AM,252 Event OK
3/08/2020 9:10:43 AM,EVENT 53283 1596441483 0/0/0/0/0 INPUT 7 1 0 v:122
3/08/2020 9:10:43 AM,252 Event OK
3/08/2020 9:10:43 AM,EVENT 53284 1596441484 0/0/0/0/0 INPUT 7 0 0 v:122
3/08/2020 9:10:43 AM,252 Event OK
3/08/2020 9:10:43 AM,EVENT 53285 1596441484 0/0/0/0/0 INPUT 4 1 0 v:122
3/08/2020 9:10:43 AM,252 Event OK
3/08/2020 9:10:44 AM,EVENT 53286 1596441486 0/0/0/0/0 INPUT 4 0 3 v:122
3/08/2020 9:10:44 AM,252 Event OK
3/08/2020 9:10:44 AM,EVENT 53287 1596441486 0/0/0/0/0 INPUT 1 0 588 v:122
3/08/2020 9:10:44 AM,252 Event OK
3/08/2020 9:10:44 AM,EVENT 53288 1596441486 0/0/0/0/0 INPUT 4 1 0 v:122
3/08/2020 9:10:44 AM,252 Event OK
3/08/2020 9:10:45 AM,EVENT 53289 1596441488 0/0/0/0/3 OILPRESSURE 53282 5 v:121
3/08/2020 9:10:45 AM,252 Event OK
3/08/2020 9:10:45 AM,EVENT 53290 1596441506 0/0/0/99/5 INPUT 3 1 0 v:122
3/08/2020 9:10:45 AM,252 Event OK
3/08/2020 9:10:45 AM,EVENT 53291 1596441515 0/0/0/99/9 INPUT 3 0 10 v:121
3/08/2020 9:10:45 AM,252 Event OK
3/08/2020 9:10:45 AM,EVENT 53292 1596441515 0/0/0/99/9 INPUT 1 1 0 v:121
3/08/2020 9:10:45 AM,252 Event OK
3/08/2020 9:10:46 AM,EVENT 53293 1596441516 0/0/0/99/9 INPUT 4 0 30 v:121
3/08/2020 9:10:46 AM,252 Event OK
3/08/2020 9:10:46 AM,EVENT 53294 1596441522 0/0/0/99/0 INPUT 7 1 0 v:122
3/08/2020 9:10:46 AM,252 Event OK
3/08/2020 9:10:46 AM,EVENT 53295 1596441523 0/0/0/99/0 INPUT 4 1 0 v:122
3/08/2020 9:10:46 AM,252 Event OK
3/08/2020 9:10:47 AM,EVENT 53296 1596441523 0/0/0/99/0 INPUT 7 0 0 v:122
3/08/2020 9:10:47 AM,252 Event OK
3/08/2020 9:10:47 AM,EVENT 53297 1596441523 0/0/0/99/0 INPUT 1 0 8 v:122
3/08/2020 9:10:47 AM,252 Event OK
3/08/2020 9:10:47 AM,EVENT 53298 1596441525 0/0/0/99/0 OILPRESSURE 53282 8 v:122
3/08/2020 9:10:47 AM,252 Event OK
3/08/2020 9:10:47 AM,EVENT 53299 1596441553 0/0/0/0/5 INPUT 3 1 0 v:121
3/08/2020 9:10:47 AM,252 Event OK
3/08/2020 9:10:48 AM,EVENT 53300 1596441581 0/0/0/0/12 INPUT 3 0 28 v:121
3/08/2020 9:10:48 AM,252 Event OK
3/08/2020 9:10:48 AM,EVENT 53301 1596441584 0/0/0/0/6 ENGINEOVERSPEED 53282 7 3826 v:121
3/08/2020 9:10:48 AM,252 Event OK
3/08/2020 9:10:48 AM,EVENT 53302 1596441606 0/0/0/0/6 INPUT 3 1 0 v:121
3/08/2020 9:10:48 AM,252 Event OK
3/08/2020 9:10:49 AM,EVENT 53303 1596441608 0/0/0/0/10 INPUT 3 0 2 v:121
3/08/2020 9:10:49 AM,252 Event OK
3/08/2020 9:10:49 AM,EVENT 53304 1596441622 0/0/0/0/7 INPUT 3 1 0 v:122
3/08/2020 9:10:49 AM,252 Event OK
3/08/2020 9:10:49 AM,EVENT 53305 1596441729 0/0/0/0/11 INPUT 3 0 106 v:121
3/08/2020 9:10:49 AM,252 Event OK
3/08/2020 9:10:49 AM,EVENT 53306 1596441731 0/0/0/0/6 ENGINEOVERSPEED 53282 94 4702 v:121
3/08/2020 9:10:49 AM,252 Event OK
3/08/2020 9:10:49 AM,EVENT 53307 1596441763 0/0/0/0/6 INPUT 3 1 0 v:121
3/08/2020 9:10:49 AM,252 Event OK
3/08/2020 9:10:50 AM,EVENT 53308 1596441771 0/0/0/0/13 INPUT 3 0 7 v:121
3/08/2020 9:10:50 AM,252 Event OK
3/08/2020 9:10:50 AM,EVENT 53309 1596441782 0/0/0/0/4 INPUT 7 1 0 v:121
3/08/2020 9:10:50 AM,252 Event OK
3/08/2020 9:10:50 AM,EVENT 53310 1596441782 0/0/0/0/4 INPUT 8 0 312 v:121
3/08/2020 9:10:50 AM,252 Event OK
3/08/2020 9:10:50 AM,EVENT 53311 1596441782 0/0/0/0/4 INPUT 1 1 0 v:121
3/08/2020 9:10:50 AM,252 Event OK
3/08/2020 9:10:51 AM,EVENT 53312 1596441783 0/0/0/0/3 INPUT 4 0 261 v:121
3/08/2020 9:10:51 AM,252 Event OK
3/08/2020 9:10:51 AM,EVENT 53313 1596441786 0/0/0/0/0 TRIP 53282 153 141 15 6 309 v:121
3/08/2020 9:10:51 AM,252 Event OK
3/08/2020 9:10:51 AM,EVENT 53314 1596441786 0/0/0/0/0 TRIPSUMMARY 53282 v:121
3/08/2020 9:10:51 AM,252 Event OK
3/08/2020 9:10:51 AM,EVENT 53315 1596441900 0/0/0/0/0 INPUT 8 1 0 v:121
3/08/2020 9:10:51 AM,252 Event OK
3/08/2020 9:10:51 AM,EVENT 53316 1596441901 0/0/0/0/0 INPUT 7 0 119 v:121
3/08/2020 9:10:51 AM,252 Event OK
3/08/2020 9:10:52 AM,EVENT 53317 1596441909 0/0/0/0/0 SIGNON 2489 01effad3 OK 26 80296 0 v:121
3/08/2020 9:10:52 AM,252 Event OK
3/08/2020 9:10:52 AM,EVENT 53318 1596441914 0/0/0/0/0 INPUT 7 1 0 v:122
3/08/2020 9:10:52 AM,252 Event OK
3/08/2020 9:10:52 AM,EVENT 53319 1596441915 0/0/0/0/0 INPUT 7 0 1 v:122
3/08/2020 9:10:52 AM,252 Event OK
3/08/2020 9:10:52 AM,EVENT 53320 1596441915 0/0/0/0/0 INPUT 4 1 0 v:122
3/08/2020 9:10:52 AM,252 Event OK
3/08/2020 9:10:52 AM,EVENT 53321 1596441915 0/0/0/0/0 INPUT 1 0 133 v:122
3/08/2020 9:10:52 AM,252 Event OK
3/08/2020 9:10:53 AM,EVENT 53322 1596441916 0/0/0/0/0 OILPRESSURE 53317 2 v:122
3/08/2020 9:10:53 AM,252 Event OK
3/08/2020 9:10:53 AM,EVENT 53323 1596441925 0/0/0/0/5 INPUT 3 1 0 v:121
3/08/2020 9:10:53 AM,252 Event OK
3/08/2020 9:10:53 AM,EVENT 53324 1596441991 0/0/0/0/22 ENGINEOVERSPEED 53317 50 3652 v:121
3/08/2020 9:10:53 AM,252 Event OK
3/08/2020 9:10:53 AM,EVENT 53325 1596442034 0/0/0/0/14 ENGINEOVERSPEED 53317 8 3752 v:121
3/08/2020 9:10:53 AM,252 Event OK
3/08/2020 9:10:54 AM,EVENT 53326 1596442035 0/0/0/0/12 INPUT 3 0 110 v:121
3/08/2020 9:10:54 AM,252 Event OK
3/08/2020 9:10:54 AM,EVENT 53327 1596442038 0/0/0/0/3 INPUT 7 1 0 v:121
3/08/2020 9:10:54 AM,252 Event OK
3/08/2020 9:10:54 AM,EVENT 53328 1596442038 0/0/0/0/3 INPUT 8 0 137 v:121
3/08/2020 9:10:54 AM,252 Event OK
3/08/2020 9:10:54 AM,EVENT 53329 1596442038 0/0/0/0/3 INPUT 1 1 0 v:122
3/08/2020 9:10:54 AM,252 Event OK
3/08/2020 9:10:55 AM,EVENT 53330 1596442040 0/0/0/0/3 INPUT 4 0 126 v:122
3/08/2020 9:10:55 AM,252 Event OK
3/08/2020 9:10:55 AM,EVENT 53331 1596442042 0/0/0/0/0 TRIP 53317 110 16 8 6 134 v:122
3/08/2020 9:10:55 AM,252 Event OK
3/08/2020 9:10:55 AM,EVENT 53332 1596442042 0/0/0/0/0 TRIPSUMMARY 53317 v:122
3/08/2020 9:10:55 AM,252 Event OK
3/08/2020 9:10:55 AM,EVENT 53333 1596442575 0/0/0/0/0 INPUT 8 1 0 v:122
3/08/2020 9:10:55 AM,252 Event OK
3/08/2020 9:10:56 AM,EVENT 53334 1596442576 0/0/0/0/0 INPUT 7 0 538 v:122
3/08/2020 9:10:56 AM,252 Event OK
3/08/2020 9:10:56 AM,EVENT 53335 1596442584 0/0/0/0/0 SIGNON 2489 01effad3 OK 26 80296 0 v:122
3/08/2020 9:10:56 AM,252 Event OK
3/08/2020 9:10:56 AM,EVENT 53336 1596442589 0/0/0/0/0 INPUT 7 1 0 v:122
3/08/2020 9:10:56 AM,252 Event OK
3/08/2020 9:10:56 AM,EVENT 53337 1596442590 0/0/0/0/0 INPUT 4 1 0 v:122
3/08/2020 9:10:56 AM,252 Event OK
3/08/2020 9:10:57 AM,EVENT 53338 1596442590 0/0/0/0/0 INPUT 7 0 1 v:122
3/08/2020 9:10:57 AM,252 Event OK
3/08/2020 9:10:57 AM,EVENT 53339 1596442591 0/0/0/0/0 INPUT 1 0 554 v:122
3/08/2020 9:10:57 AM,252 Event OK
3/08/2020 9:10:57 AM,EVENT 53340 1596442593 0/0/0/0/0 OILPRESSURE 53335 4 v:122
3/08/2020 9:10:57 AM,252 Event OK
3/08/2020 9:10:57 AM,EVENT 53341 1596442613 0/0/0/0/6 INPUT 7 1 0 v:122
3/08/2020 9:10:57 AM,252 Event OK
3/08/2020 9:10:57 AM,EVENT 53342 1596442613 0/0/0/0/6 INPUT 8 0 38 v:122
3/08/2020 9:10:57 AM,252 Event OK
3/08/2020 9:10:58 AM,EVENT 53343 1596442614 0/0/0/0/6 INPUT 1 1 0 v:122
3/08/2020 9:10:58 AM,252 Event OK
3/08/2020 9:10:58 AM,EVENT 53344 1596442615 0/0/0/0/6 INPUT 4 0 26 v:122
3/08/2020 9:10:58 AM,252 Event OK
3/08/2020 9:10:59 AM,EVENT 53345 1596442618 0/0/0/0/0 TRIP 53335 0 26 9 6 35 v:122
3/08/2020 9:10:59 AM,252 Event OK
3/08/2020 9:10:59 AM,EVENT 53346 1596442618 0/0/0/0/0 TRIPSUMMARY 53335 v:122
3/08/2020 9:10:59 AM,252 Event OK
3/08/2020 9:11:00 AM,EVENT 53347 1596442750 0/0/0/0/0 INPUT 8 1 0 v:122
3/08/2020 9:11:00 AM,252 Event OK
3/08/2020 9:11:00 AM,EVENT 53348 1596442751 0/0/0/0/0 INPUT 7 0 137 v:122
3/08/2020 9:11:00 AM,252 Event OK
3/08/2020 9:11:00 AM,EVENT 53349 1596442763 0/0/0/0/0 SIGNON 2489 01effad3 OK 26 80296 0 v:122
3/08/2020 9:11:00 AM,252 Event OK
3/08/2020 9:11:01 AM,EVENT 53350 1596442768 0/0/0/0/0 INPUT 7 1 0 v:122
3/08/2020 9:11:01 AM,252 Event OK
3/08/2020 9:11:01 AM,EVENT 53351 1596442769 0/0/0/0/0 INPUT 4 1 0 v:122
3/08/2020 9:11:01 AM,252 Event OK
3/08/2020 9:11:01 AM,EVENT 53352 1596442769 0/0/0/0/0 INPUT 7 0 2 v:122
3/08/2020 9:11:01 AM,252 Event OK
3/08/2020 9:11:01 AM,EVENT 53353 1596442769 0/0/0/0/0 INPUT 1 0 156 v:122
3/08/2020 9:11:01 AM,252 Event OK
3/08/2020 9:11:01 AM,EVENT 53354 1596442771 0/0/0/0/0 OILPRESSURE 53349 3 v:122
3/08/2020 9:11:01 AM,252 Event OK
3/08/2020 9:11:02 AM,EVENT 53355 1596442806 0/0/0/0/3 INPUT 3 1 0 v:122
3/08/2020 9:11:02 AM,252 Event OK
3/08/2020 9:11:02 AM,EVENT 53356 1596442811 0/0/0/0/16 REPORT 53349 0 0 v:122
3/08/2020 9:11:02 AM,252 Event OK
3/08/2020 9:11:02 AM,EVENT 53357 1596442935 0/0/0/0/22 ENGINEOVERSPEED 53349 63 4145 v:122
3/08/2020 9:11:02 AM,252 Event OK
3/08/2020 9:11:02 AM,EVENT 53358 1596443007 0/0/0/0/10 INPUT 3 0 202 v:121
3/08/2020 9:11:02 AM,252 Event OK
3/08/2020 9:11:03 AM,EVENT 53359 1596443008 0/0/0/0/6 ENGINEOVERSPEED 53349 66 4180 v:121
3/08/2020 9:11:03 AM,252 Event OK
3/08/2020 9:11:03 AM,EVENT 53360 1596443009 0/0/0/0/5 INPUT 3 1 0 v:121
3/08/2020 9:11:03 AM,252 Event OK
3/08/2020 9:11:03 AM,EVENT 53361 1596443105 0/0/0/0/11 INPUT 3 0 96 v:121
3/08/2020 9:11:03 AM,252 Event OK
3/08/2020 9:11:03 AM,EVENT 53362 1596443108 0/0/0/0/8 ENGINEOVERSPEED 53349 84 4157 v:121
3/08/2020 9:11:03 AM,252 Event OK
3/08/2020 9:11:04 AM,EVENT 53363 1596443169 0/0/0/0/5 INPUT 3 1 0 v:121
3/08/2020 9:11:04 AM,252 Event OK
3/08/2020 9:11:04 AM,EVENT 53364 1596443248 0/0/0/0/21 ENGINEOVERSPEED 53349 50 3866 v:121
3/08/2020 9:11:04 AM,252 Event OK
3/08/2020 9:11:04 AM,EVENT 53365 1596443268 0/0/0/0/22 ENGINEOVERSPEED 53349 12 3637 v:121
3/08/2020 9:11:04 AM,252 Event OK
3/08/2020 9:11:05 AM,EVENT 53366 1596443272 0/0/0/0/15 INPUT 3 0 103 v:121
3/08/2020 9:11:05 AM,252 Event OK
3/08/2020 9:11:05 AM,EVENT 53367 1596443289 0/0/0/0/6 INPUT 3 1 0 v:121
3/08/2020 9:11:05 AM,252 Event OK
3/08/2020 9:11:05 AM,EVENT 53368 1596443604 0/0/0/0/10 INPUT 3 0 315 v:121
3/08/2020 9:11:05 AM,252 Event OK
3/08/2020 9:11:05 AM,EVENT 53369 1596443605 0/0/0/0/6 ENGINEOVERSPEED 53349 301 4110 v:121
3/08/2020 9:11:05 AM,252 Event OK
3/08/2020 9:11:06 AM,EVENT 53370 1596443626 0/0/0/0/3 INPUT 3 1 0 v:121
3/08/2020 9:11:06 AM,252 Event OK
3/08/2020 9:11:06 AM,EVENT 53371 1596443694 0/0/0/0/20 ENGINEOVERSPEED 53349 58 3956 v:121
3/08/2020 9:11:06 AM,252 Event OK
3/08/2020 9:11:06 AM,EVENT 53372 1596443771 0/0/0/0/10 INPUT 3 0 145 v:121
3/08/2020 9:11:06 AM,252 Event OK
3/08/2020 9:11:07 AM,EVENT 53373 1596443784 0/0/0/0/0 INPUT 7 1 0 v:121
3/08/2020 9:11:07 AM,252 Event OK
3/08/2020 9:11:07 AM,EVENT 53374 1596443784 0/0/0/0/0 INPUT 8 0 1034 v:121
3/08/2020 9:11:07 AM,252 Event OK
3/08/2020 9:11:07 AM,EVENT 53375 1596443784 0/0/0/0/0 INPUT 1 1 0 v:121
3/08/2020 9:11:07 AM,252 Event OK
3/08/2020 9:11:07 AM,EVENT 53376 1596443785 0/0/0/0/0 INPUT 4 0 1017 v:121
3/08/2020 9:11:07 AM,252 Event OK
3/08/2020 9:11:08 AM,EVENT 53377 1596443788 0/0/0/0/0 TRIP 53349 861 156 9 6 1026 v:122
3/08/2020 9:11:08 AM,252 Event OK
3/08/2020 9:11:08 AM,EVENT 53378 1596443788 0/0/0/0/0 TRIPSUMMARY 53349 v:122
3/08/2020 9:11:08 AM,252 Event OK
3/08/2020 9:11:08 AM,EVENT 53379 1596444093 0/0/0/0/0 INPUT 8 1 0 v:122
3/08/2020 9:11:08 AM,252 Event OK
3/08/2020 9:11:08 AM,EVENT 53380 1596444094 0/0/0/0/0 INPUT 7 0 310 v:122
3/08/2020 9:11:08 AM,252 Event OK
3/08/2020 9:11:08 AM,EVENT 53381 1596444105 0/0/0/0/0 SIGNON 2489 01effad3 OK 26 80296 0 v:122
3/08/2020 9:11:08 AM,252 Event OK
3/08/2020 9:11:09 AM,EVENT 53382 1596444128 0/0/0/0/0 INPUT 4 1 0 v:122
3/08/2020 9:11:09 AM,252 Event OK
3/08/2020 9:11:09 AM,EVENT 53383 1596444129 0/0/0/0/0 INPUT 1 0 344 v:122
3/08/2020 9:11:09 AM,252 Event OK
3/08/2020 9:11:09 AM,EVENT 53384 1596444130 0/0/0/0/0 OILPRESSURE 53381 20 v:122
3/08/2020 9:11:09 AM,252 Event OK
3/08/2020 9:11:10 AM,EVENT 53385 1596444204 0/0/0/0/6 INPUT 3 1 0 v:122
3/08/2020 9:11:10 AM,252 Event OK
3/08/2020 9:11:10 AM,EVENT 53386 1596444259 0/0/0/0/20 ENGINEOVERSPEED 53381 15 4170 v:122
3/08/2020 9:11:10 AM,252 Event OK
3/08/2020 9:11:10 AM,EVENT 53387 1596444641 0/0/0/0/25 REPORT 53381 0 0 v:121
3/08/2020 9:11:10 AM,252 Event OK
3/08/2020 9:11:10 AM,EVENT 53388 1596444671 0/0/0/0/19 ENGINEOVERSPEED 53381 365 7753 v:121
3/08/2020 9:11:10 AM,252 Event OK
3/08/2020 9:11:11 AM,EVENT 53389 1596444753 0/0/0/0/18 ENGINEOVERSPEED 53381 71 3778 v:121
3/08/2020 9:11:11 AM,252 Event OK
3/08/2020 9:11:11 AM,EVENT 53390 1596444844 0/0/0/0/20 ENGINEOVERSPEED 53381 50 3681 v:121
3/08/2020 9:11:11 AM,252 Event OK
3/08/2020 9:11:11 AM,EVENT 53391 1596444958 0/0/0/0/20 ENGINEOVERSPEED 53381 78 3741 v:121
3/08/2020 9:11:11 AM,252 Event OK
3/08/2020 9:11:12 AM,EVENT 53392 1596445054 0/0/0/0/23 IMPACT 53381 8 0 0 0 8 0 - v:121
3/08/2020 9:11:12 AM,252 Event OK
3/08/2020 9:11:12 AM,EVENT 53393 1596445184 0/0/0/0/17 INPUT 1 1 0 v:121
3/08/2020 9:11:12 AM,252 Event OK
3/08/2020 9:11:12 AM,EVENT 53394 1596445184 0/0/0/0/13 INPUT 1 0 1 v:121
3/08/2020 9:11:12 AM,252 Event OK
3/08/2020 9:11:12 AM,EVENT 53395 1596445184 0/0/0/0/12 INPUT 3 0 980 v:121
3/08/2020 9:11:12 AM,252 Event OK
3/08/2020 9:11:13 AM,EVENT 53396 1596445187 0/0/0/0/5 INPUT 3 1 0 v:121
3/08/2020 9:11:13 AM,252 Event OK
3/08/2020 9:11:13 AM,EVENT 53397 1596445189 0/0/0/0/11 ENGINEOVERSPEED 53381 216 4056 v:121
3/08/2020 9:11:13 AM,252 Event OK
3/08/2020 9:11:13 AM,EVENT 53398 1596445393 0/0/0/0/16 ENGINEOVERSPEED 53381 188 7125 v:121
3/08/2020 9:11:13 AM,252 Event OK
3/08/2020 9:11:14 AM,EVENT 53399 1596445397 0/0/0/0/11 INPUT 3 0 209 v:121
3/08/2020 9:11:14 AM,252 Event OK
3/08/2020 9:11:14 AM,EVENT 53400 1596445511 -310121488/1219228875/577/0/7 INPUT 3 1 0 v:121
3/08/2020 9:11:14 AM,252 Event OK
3/08/2020 9:11:14 AM,EVENT 53401 1596445567 -310127626/1219231079/595/4/14 INPUT 3 0 57 v:121
3/08/2020 9:11:14 AM,252 Event OK
3/08/2020 9:11:14 AM,EVENT 53402 1596445575 -310128255/1219230240/588/4/8 INPUT 3 1 0 v:121
3/08/2020 9:11:14 AM,252 Event OK
3/08/2020 9:11:15 AM,EVENT 53403 1596445578 -310128306/1219229258/599/4/10 INPUT 3 0 4 v:121
3/08/2020 9:11:15 AM,252 Event OK
3/08/2020 9:11:15 AM,EVENT 53404 1596445582 -310128051/1219229087/615/4/3 INPUT 7 1 0 v:121
3/08/2020 9:11:15 AM,252 Event OK
3/08/2020 9:11:15 AM,EVENT 53405 1596445582 -310128051/1219229087/615/4/3 INPUT 8 0 1488 v:121
3/08/2020 9:11:15 AM,252 Event OK
3/08/2020 9:11:15 AM,EVENT 53406 1596445582 -310128048/1219229084/616/4/3 INPUT 1 1 0 v:121
3/08/2020 9:11:15 AM,252 Event OK
3/08/2020 9:11:16 AM,EVENT 53407 1596445584 -310128039/1219229076/622/4/3 INPUT 4 0 1456 v:122
3/08/2020 9:11:16 AM,252 Event OK
3/08/2020 9:11:16 AM,EVENT 53408 1596445586 -310128031/1219229072/630/4/0 TRIP 53381 1249 207 26 24 1482 v:122
3/08/2020 9:11:16 AM,252 Event OK
3/08/2020 9:11:17 AM,EVENT 53409 1596445586 -310128031/1219229072/630/4/0 TRIPSUMMARY 53381 v:122
3/08/2020 9:11:17 AM,252 Event OK
3/08/2020 9:11:17 AM,TODO
3/08/2020 9:11:17 AM,125 TODO LOADDISP_user.tar.gz_1596445631
225 Work list complete
3/08/2020 9:11:17 AM,QUIT
3/08/2020 9:11:17 AM,221 Session ended - goodbye
3/08/2020 9:11:58 AM,UNIT 10604
3/08/2020 9:11:58 AM,333 CHAL 250D41B2
3/08/2020 9:11:58 AM,RESP AC9B2964
3/08/2020 9:11:58 AM,230 Auth OK
3/08/2020 9:11:58 AM,TIME
3/08/2020 9:11:58 AM,211 TIME 1596445918
3/08/2020 9:11:58 AM,EVCOUNT 13
3/08/2020 9:11:58 AM,252 Event OK
3/08/2020 9:11:58 AM,TODO
3/08/2020 9:11:58 AM,226 Nothing to do
3/08/2020 9:11:59 AM,EVENT 53410 1596445895 0/0/0/0/0 INPUT 1 1 0 v:122
3/08/2020 9:11:59 AM,252 Event OK
3/08/2020 9:11:59 AM,EVENT 53411 1596445895 0/0/0/0/0 INPUT 2 0 0 v:121
3/08/2020 9:11:59 AM,252 Event OK
3/08/2020 9:12:00 AM,EVENT 53412 1596445895 0/0/0/0/0 INPUT 3 0 0 v:121
3/08/2020 9:12:00 AM,252 Event OK
3/08/2020 9:12:01 AM,EVENT 53413 1596445895 0/0/0/0/0 INPUT 4 0 0 v:121
3/08/2020 9:12:01 AM,252 Event OK
3/08/2020 9:12:01 AM,EVENT 53414 1596445895 0/0/0/0/0 INPUT 7 1 0 v:121
3/08/2020 9:12:01 AM,252 Event OK
3/08/2020 9:12:01 AM,EVENT 53415 1596445895 0/0/0/0/0 INPUT 8 0 0 v:121
3/08/2020 9:12:01 AM,252 Event OK
3/08/2020 9:12:02 AM,EVENT 53416 1596445895 0/0/0/0/0 SWSTART OpusFC 5.0.58.515 R v:121
3/08/2020 9:12:02 AM,252 Event OK
3/08/2020 9:12:02 AM,EVENT 53417 1596445586 0/0/0/0/0 POWERDOWN v:122
3/08/2020 9:12:02 AM,252 Event OK
3/08/2020 9:12:02 AM,EVENT 53418 1596445895 0/0/0/0/0 LOADDISP OK OpusFc 5.0.58.515 R v:121
3/08/2020 9:12:02 AM,252 Event OK
3/08/2020 9:12:03 AM,EVENT 53419 1596445896 0/0/0/0/0 ZONE_OK 2 100 FW=NO VERSION v:121
3/08/2020 9:12:03 AM,252 Event OK
3/08/2020 9:12:03 AM,EVENT 53420 1596445897 0/0/0/0/0 REPORT * 0 0 v:121
3/08/2020 9:12:03 AM,252 Event OK
3/08/2020 9:12:03 AM,EVENT 53421 1596445911 0/0/0/99/0 INPUT 8 1 0 v:121
3/08/2020 9:12:03 AM,252 Event OK
3/08/2020 9:12:03 AM,EVENT 53422 1596445911 0/0/0/99/0 INPUT 7 0 17 v:121
3/08/2020 9:12:03 AM,252 Event OK
3/08/2020 9:12:04 AM,EVENT 53423 1596445920 0/0/0/9/0 SIGNON 2489 01effad3 OK 26 80296 0 v:121
3/08/2020 9:12:04 AM,252 Event OK
3/08/2020 9:12:04 AM,QUIT
3/08/2020 9:12:04 AM,221 Session ended - goodbye
3/08/2020 9:12:13 AM,UNIT 10604
3/08/2020 9:12:13 AM,333 CHAL 32E67819
3/08/2020 9:12:14 AM,RESP EBF8AD58
3/08/2020 9:12:14 AM,230 Auth OK
3/08/2020 9:12:14 AM,TIME
3/08/2020 9:12:14 AM,211 TIME 1596445934
3/08/2020 9:12:15 AM,EVCOUNT 4
3/08/2020 9:12:15 AM,252 Event OK
3/08/2020 9:12:16 AM,TODO
3/08/2020 9:12:16 AM,226 Nothing to do
3/08/2020 9:12:16 AM,EVENT 53424 1596445926 0/0/0/9/0 INPUT 7 1 0 v:121
3/08/2020 9:12:16 AM,252 Event OK
3/08/2020 9:12:17 AM,EVENT 53425 1596445926 0/0/0/9/0 INPUT 7 0 1 v:122
3/08/2020 9:12:17 AM,252 Event OK
3/08/2020 9:12:18 AM,EVENT 53426 1596445926 0/0/0/9/0 INPUT 4 1 0 v:122
3/08/2020 9:12:18 AM,252 Event OK
3/08/2020 9:12:21 AM,EVENT 53427 1596445928 0/0/0/9/0 INPUT 1 0 33 v:122
3/08/2020 9:12:21 AM,252 Event OK
3/08/2020 9:12:23 AM,QUIT
3/08/2020 9:12:23 AM,221 Session ended - goodbye
3/08/2020 9:12:35 AM,UNIT 10604
3/08/2020 9:12:35 AM,333 CHAL 4C1074D0
3/08/2020 9:12:36 AM,RESP 0F2F0C53
3/08/2020 9:12:36 AM,230 Auth OK
3/08/2020 9:12:37 AM,TIME
3/08/2020 9:12:37 AM,211 TIME 1596445956
3/08/2020 9:12:37 AM,EVCOUNT 1
3/08/2020 9:12:37 AM,252 Event OK
3/08/2020 9:12:38 AM,TODO
3/08/2020 9:12:38 AM,226 Nothing to do
3/08/2020 9:12:39 AM,EVENT 53428 1596445943 -310128785/1219229536/1449/9/4 INPUT 3 1 0 v:122
3/08/2020 9:12:39 AM,252 Event OK
3/08/2020 9:12:41 AM,QUIT
3/08/2020 9:12:41 AM,221 Session ended - goodbye
3/08/2020 9:12:51 AM,UNIT 10604
3/08/2020 9:12:51 AM,333 CHAL 711525B5
3/08/2020 9:12:51 AM,RESP CEA8B714
3/08/2020 9:12:51 AM,230 Auth OK
3/08/2020 9:12:52 AM,TIME
3/08/2020 9:12:52 AM,211 TIME 1596445972
3/08/2020 9:12:52 AM,EVCOUNT 1
3/08/2020 9:12:52 AM,252 Event OK
3/08/2020 9:12:53 AM,TODO
3/08/2020 9:12:53 AM,226 Nothing to do
3/08/2020 9:12:54 AM,EVENT 53429 1596445963 -310131507/1219221292/833/2/9 INPUT 3 0 19 v:122
3/08/2020 9:12:54 AM,252 Event OK
3/08/2020 9:12:55 AM,QUIT
3/08/2020 9:12:55 AM,221 Session ended - goodbye
3/08/2020 9:16:49 AM,UNIT 10604
3/08/2020 9:16:49 AM,333 CHAL 48C1D6C0
3/08/2020 9:16:50 AM,RESP 79C8D9CF
3/08/2020 9:16:50 AM,230 Auth OK
3/08/2020 9:16:52 AM,TIME
3/08/2020 9:16:52 AM,211 TIME 1596446211
3/08/2020 9:16:52 AM,EVCOUNT 1
3/08/2020 9:16:52 AM,252 Event OK
3/08/2020 9:16:53 AM,TODO
3/08/2020 9:16:53 AM,226 Nothing to do
3/08/2020 9:16:54 AM,EVENT 53430 1596446203 -310132286/1219220176/592/1/6 INPUT 3 1 0 v:122
3/08/2020 9:16:54 AM,252 Event OK
3/08/2020 9:16:54 AM,QUIT
3/08/2020 9:16:54 AM,221 Session ended - goodbye
3/08/2020 9:17:42 AM,UNIT 10604
3/08/2020 9:17:42 AM,333 CHAL 37F72576
3/08/2020 9:17:43 AM,RESP 1A96486D
3/08/2020 9:17:43 AM,230 Auth OK
3/08/2020 9:17:44 AM,TIME
3/08/2020 9:17:44 AM,211 TIME 1596446264
3/08/2020 9:17:46 AM,EVCOUNT 1
3/08/2020 9:17:46 AM,252 Event OK
3/08/2020 9:17:47 AM,TODO
3/08/2020 9:17:47 AM,226 Nothing to do
3/08/2020 9:17:48 AM,EVENT 53431 1596446257 -310143311/1219230848/619/3/12 INPUT 3 0 53 v:121
3/08/2020 9:17:48 AM,252 Event OK
3/08/2020 9:17:49 AM,QUIT
3/08/2020 9:17:49 AM,221 Session ended - goodbye
3/08/2020 9:18:02 AM,UNIT 10604
3/08/2020 9:18:02 AM,333 CHAL 48318FEE
3/08/2020 9:18:03 AM,RESP 0B8879AF
3/08/2020 9:18:03 AM,230 Auth OK
3/08/2020 9:18:04 AM,TIME
3/08/2020 9:18:04 AM,211 TIME 1596446284
3/08/2020 9:18:06 AM,EVCOUNT 5
3/08/2020 9:18:06 AM,252 Event OK
3/08/2020 9:18:07 AM,TODO
3/08/2020 9:18:07 AM,226 Nothing to do
3/08/2020 9:18:08 AM,EVENT 53432 1596446268 -310143553/1219230917/658/3/0 INPUT 7 1 0 v:121
3/08/2020 9:18:08 AM,252 Event OK
3/08/2020 9:18:09 AM,EVENT 53433 1596446268 -310143553/1219230917/658/3/0 INPUT 8 0 357 v:121
3/08/2020 9:18:09 AM,252 Event OK
3/08/2020 9:18:11 AM,EVENT 53434 1596446268 -310143556/1219230918/659/3/0 INPUT 1 1 0 v:121
3/08/2020 9:18:11 AM,252 Event OK
3/08/2020 9:18:13 AM,EVENT 53435 1596446269 -310143564/1219230917/664/3/0 INPUT 4 0 343 v:121
3/08/2020 9:18:13 AM,252 Event OK
3/08/2020 9:18:14 AM,EVENT 53436 1596446272 -310143584/1219230914/680/3/0 TRIP 53423 72 271 10 7 353 v:121
3/08/2020 9:18:14 AM,252 Event OK
3/08/2020 9:18:15 AM,QUIT
3/08/2020 9:18:15 AM,221 Session ended - goodbye
3/08/2020 10:13:27 AM,UNIT 10604
3/08/2020 10:13:27 AM,333 CHAL 49D07CE5
3/08/2020 10:13:27 AM,RESP DE794EA3
3/08/2020 10:13:27 AM,230 Auth OK
3/08/2020 10:13:27 AM,TIME
3/08/2020 10:13:27 AM,211 TIME 1596449607
3/08/2020 10:13:28 AM,EVCOUNT 11
3/08/2020 10:13:28 AM,252 Event OK
3/08/2020 10:13:28 AM,TODO
3/08/2020 10:13:28 AM,226 Nothing to do
3/08/2020 10:13:28 AM,EVENT 53437 1596449580 -310143584/1219230914/680/0/0 SWSTART OpusFC 5.0.58.515 R v:122
3/08/2020 10:13:28 AM,252 Event OK
3/08/2020 10:13:29 AM,EVENT 53438 1596446272 0/0/0/0/0 POWERDOWN v:121
3/08/2020 10:13:29 AM,252 Event OK
3/08/2020 10:13:29 AM,EVENT 53439 1596449580 0/0/0/0/0 INPUT 1 1 0 v:121
3/08/2020 10:13:29 AM,252 Event OK
3/08/2020 10:13:29 AM,EVENT 53440 1596449580 0/0/0/0/0 INPUT 2 0 0 v:121
3/08/2020 10:13:29 AM,252 Event OK
3/08/2020 10:13:29 AM,EVENT 53441 1596449580 0/0/0/0/0 INPUT 3 0 0 v:121
3/08/2020 10:13:29 AM,252 Event OK
3/08/2020 10:13:30 AM,EVENT 53442 1596449580 0/0/0/0/0 INPUT 4 0 0 v:121
3/08/2020 10:13:30 AM,252 Event OK
3/08/2020 10:13:31 AM,EVENT 53443 1596449580 0/0/0/0/0 INPUT 7 0 0 v:121
3/08/2020 10:13:31 AM,252 Event OK
3/08/2020 10:13:31 AM,EVENT 53444 1596449580 0/0/0/0/0 INPUT 8 1 0 v:122
3/08/2020 10:13:31 AM,252 Event OK
3/08/2020 10:13:31 AM,EVENT 53445 1596449582 0/0/0/0/0 ZONE_OK 2 100 FW=NO VERSION v:121
3/08/2020 10:13:31 AM,252 Event OK
3/08/2020 10:13:39 AM,EVENT 53446 1596449591 -310143582/1219230889/2416/0/1 SIGNON * 0 NOCARD 26 0 180211 v:121
3/08/2020 10:13:39 AM,252 Event OK
3/08/2020 10:13:39 AM,EVENT 53447 1596449603 -310143571/1219230817/975/6/1 SIGNON 2521 03cffbfc OK_CL 26 180201 0 v:122
3/08/2020 10:13:39 AM,252 Event OK
3/08/2020 10:13:39 AM,EVENT 53448 1596449608 -310143588/1219230804/856/6/1 CHECKLIST 53447 OK 0 6 432 F v:122
3/08/2020 10:13:39 AM,252 Event OK
3/08/2020 10:13:40 AM,EVENT 53449 1596449614 -310143611/1219230782/791/6/0 INPUT 7 1 0 v:122
3/08/2020 10:13:40 AM,252 Event OK
3/08/2020 10:13:40 AM,EVENT 53450 1596449614 -310143611/1219230782/791/6/0 INPUT 4 1 0 v:122
3/08/2020 10:13:40 AM,252 Event OK
3/08/2020 10:13:40 AM,EVENT 53451 1596449615 -310143615/1219230778/783/6/0 INPUT 7 0 1 v:122
3/08/2020 10:13:40 AM,252 Event OK
3/08/2020 10:13:41 AM,EVENT 53452 1596449617 -310143618/1219230773/766/6/0 INPUT 1 0 37 v:122
3/08/2020 10:13:41 AM,252 Event OK
3/08/2020 10:13:42 AM,EVENT 53453 1596449619 -310143540/1219230774/748/6/0 OILPRESSURE 53447 1 v:121
3/08/2020 10:13:42 AM,252 Event OK
3/08/2020 10:13:42 AM,QUIT
3/08/2020 10:13:42 AM,221 Session ended - goodbye
3/08/2020 10:14:11 AM,UNIT 10604
3/08/2020 10:14:11 AM,333 CHAL 67358491
3/08/2020 10:14:11 AM,RESP E880A039
3/08/2020 10:14:11 AM,230 Auth OK
3/08/2020 10:14:12 AM,TIME
3/08/2020 10:14:12 AM,211 TIME 1596449652
3/08/2020 10:14:12 AM,EVCOUNT 1
3/08/2020 10:14:12 AM,252 Event OK
3/08/2020 10:14:12 AM,TODO
3/08/2020 10:14:12 AM,125 TODO GETXML 2000 Operators 
225 Work list complete
3/08/2020 10:14:12 AM,GETXML
3/08/2020 10:14:12 AM,Binary data 4200 bytes
3/08/2020 10:14:13 AM,GOT Operators 4152 1C8F75B1
3/08/2020 10:14:13 AM,250 Download OK
3/08/2020 10:14:13 AM,EVENT 53454 1596449634 -310142815/1219230816/671/6/6 INPUT 3 1 0 v:122
3/08/2020 10:14:13 AM,252 Event OK
3/08/2020 10:14:13 AM,QUIT
3/08/2020 10:14:13 AM,221 Session ended - goodbye
3/08/2020 10:14:31 AM,UNIT 10604
3/08/2020 10:14:31 AM,333 CHAL 55848C85
3/08/2020 10:14:32 AM,RESP 8654E77B
3/08/2020 10:14:32 AM,230 Auth OK
3/08/2020 10:14:32 AM,TIME
3/08/2020 10:14:32 AM,211 TIME 1596449672
3/08/2020 10:14:33 AM,EVCOUNT 1
3/08/2020 10:14:33 AM,252 Event OK
3/08/2020 10:14:34 AM,TODO
3/08/2020 10:14:34 AM,226 Nothing to do
3/08/2020 10:14:35 AM,EVENT 53455 1596449667 -310150374/1219240980/641/12/10 INPUT 3 0 34 v:122
3/08/2020 10:14:35 AM,252 Event OK
3/08/2020 10:14:35 AM,QUIT
3/08/2020 10:14:35 AM,221 Session ended - goodbye
3/08/2020 10:15:44 AM,UNIT 10604
3/08/2020 10:15:44 AM,333 CHAL 10451AC1
3/08/2020 10:15:44 AM,RESP A47FB1BC
3/08/2020 10:15:44 AM,230 Auth OK
3/08/2020 10:15:45 AM,TIME
3/08/2020 10:15:45 AM,211 TIME 1596449745
3/08/2020 10:15:45 AM,EVCOUNT 1
3/08/2020 10:15:45 AM,252 Event OK
3/08/2020 10:15:46 AM,TODO
3/08/2020 10:15:46 AM,226 Nothing to do
3/08/2020 10:15:47 AM,EVENT 53456 1596449740 -310150727/1219241894/592/10/7 INPUT 3 1 0 v:122
3/08/2020 10:15:47 AM,252 Event OK
3/08/2020 10:15:47 AM,QUIT
3/08/2020 10:15:47 AM,221 Session ended - goodbye
3/08/2020 10:16:00 AM,UNIT 10604
3/08/2020 10:16:00 AM,333 CHAL E121322
3/08/2020 10:16:01 AM,RESP 015C5171
3/08/2020 10:16:01 AM,230 Auth OK
3/08/2020 10:16:01 AM,TIME
3/08/2020 10:16:01 AM,211 TIME 1596449761
3/08/2020 10:16:02 AM,EVCOUNT 1
3/08/2020 10:16:02 AM,252 Event OK
3/08/2020 10:16:02 AM,TODO
3/08/2020 10:16:02 AM,226 Nothing to do
3/08/2020 10:16:03 AM,EVENT 53457 1596449756 -310146441/1219242505/605/10/13 INPUT 3 0 17 v:122
3/08/2020 10:16:03 AM,252 Event OK
3/08/2020 10:16:04 AM,QUIT
3/08/2020 10:16:04 AM,221 Session ended - goodbye
3/08/2020 10:18:57 AM,UNIT 10604
3/08/2020 10:18:57 AM,333 CHAL 62247192
3/08/2020 10:18:57 AM,RESP 59C9DDB4
3/08/2020 10:18:57 AM,230 Auth OK
3/08/2020 10:18:58 AM,TIME
3/08/2020 10:18:58 AM,211 TIME 1596449938
3/08/2020 10:18:58 AM,EVCOUNT 1
3/08/2020 10:18:58 AM,252 Event OK
3/08/2020 10:18:59 AM,TODO
3/08/2020 10:18:59 AM,226 Nothing to do
3/08/2020 10:19:00 AM,EVENT 53458 1596449933 -310146554/1219241354/670/13/8 INPUT 3 1 0 v:122
3/08/2020 10:19:00 AM,252 Event OK
3/08/2020 10:19:00 AM,QUIT
3/08/2020 10:19:00 AM,221 Session ended - goodbye
3/08/2020 10:20:23 AM,UNIT 10604
3/08/2020 10:20:23 AM,333 CHAL 44FC0EA8
3/08/2020 10:20:23 AM,RESP E72F55A3
3/08/2020 10:20:23 AM,230 Auth OK
3/08/2020 10:20:24 AM,TIME
3/08/2020 10:20:24 AM,211 TIME 1596450024
3/08/2020 10:20:24 AM,EVCOUNT 1
3/08/2020 10:20:24 AM,252 Event OK
3/08/2020 10:20:25 AM,TODO
3/08/2020 10:20:25 AM,226 Nothing to do
3/08/2020 10:20:26 AM,EVENT 53459 1596450019 -310125038/1219231505/619/10/9 INPUT 3 0 86 v:122
3/08/2020 10:20:26 AM,252 Event OK
3/08/2020 10:20:26 AM,QUIT
3/08/2020 10:20:26 AM,221 Session ended - goodbye
3/08/2020 10:20:37 AM,UNIT 10604
3/08/2020 10:20:37 AM,333 CHAL 15B1898A
3/08/2020 10:20:38 AM,RESP 16EA76F1
3/08/2020 10:20:38 AM,230 Auth OK
3/08/2020 10:20:39 AM,TIME
3/08/2020 10:20:39 AM,211 TIME 1596450039
3/08/2020 10:20:40 AM,EVCOUNT 6
3/08/2020 10:20:40 AM,252 Event OK
3/08/2020 10:20:41 AM,TODO
3/08/2020 10:20:41 AM,226 Nothing to do
3/08/2020 10:20:42 AM,EVENT 53460 1596450028 -310125166/1219230273/688/10/3 INPUT 7 1 0 v:121
3/08/2020 10:20:42 AM,252 Event OK
3/08/2020 10:20:43 AM,EVENT 53461 1596450028 -310125166/1219230273/688/10/3 INPUT 8 0 447 v:121
3/08/2020 10:20:43 AM,252 Event OK
3/08/2020 10:20:44 AM,EVENT 53462 1596450028 -310125166/1219230270/696/10/1 INPUT 1 1 0 v:121
3/08/2020 10:20:44 AM,252 Event OK
3/08/2020 10:20:45 AM,EVENT 53463 1596450029 -310125165/1219230267/711/10/0 INPUT 4 0 416 v:121
3/08/2020 10:20:45 AM,252 Event OK
3/08/2020 10:20:46 AM,EVENT 53464 1596450032 -310125156/1219230277/762/10/0 TRIP 53447 137 279 10 7 426 v:121
3/08/2020 10:20:46 AM,252 Event OK
3/08/2020 10:20:47 AM,EVENT 53465 1596450032 -310125156/1219230277/762/10/0 TRIPSUMMARY 53447 v:121
3/08/2020 10:20:47 AM,252 Event OK
3/08/2020 10:20:48 AM,QUIT
3/08/2020 10:20:48 AM,221 Session ended - goodbye
3/08/2020 10:21:14 AM,UNIT 10604
3/08/2020 10:21:14 AM,333 CHAL 3914111A
3/08/2020 10:21:14 AM,RESP 7A66C63C
3/08/2020 10:21:14 AM,230 Auth OK
3/08/2020 10:21:15 AM,TIME
3/08/2020 10:21:15 AM,211 TIME 1596450075
3/08/2020 10:21:16 AM,EVCOUNT 1
3/08/2020 10:21:16 AM,252 Event OK
3/08/2020 10:21:17 AM,TODO
3/08/2020 10:21:17 AM,226 Nothing to do
3/08/2020 10:21:18 AM,EVENT 53466 1596450070 -310125036/1219230380/822/11/0 REPORT * 0 17 v:121
3/08/2020 10:21:18 AM,252 Event OK
3/08/2020 10:21:18 AM,QUIT
3/08/2020 10:21:18 AM,221 Session ended - goodbye
3/08/2020 10:29:21 AM,UNIT 10604
3/08/2020 10:29:21 AM,333 CHAL 526645F6
3/08/2020 10:29:22 AM,RESP 5F5F334E
3/08/2020 10:29:22 AM,230 Auth OK
3/08/2020 10:29:23 AM,TIME
3/08/2020 10:29:23 AM,211 TIME 1596450563
3/08/2020 10:29:24 AM,EVCOUNT 2
3/08/2020 10:29:24 AM,252 Event OK
3/08/2020 10:29:24 AM,TODO
3/08/2020 10:29:24 AM,226 Nothing to do
3/08/2020 10:29:25 AM,EVENT 53467 1596450557 -310125319/1219230178/771/11/0 INPUT 8 1 0 v:121
3/08/2020 10:29:25 AM,252 Event OK
3/08/2020 10:29:26 AM,EVENT 53468 1596450557 -310125319/1219230177/770/11/0 INPUT 7 0 529 v:121
3/08/2020 10:29:26 AM,252 Event OK
3/08/2020 10:29:27 AM,QUIT
3/08/2020 10:29:27 AM,221 Session ended - goodbye
3/08/2020 10:29:38 AM,UNIT 10604
3/08/2020 10:29:38 AM,333 CHAL 7FEE5625
3/08/2020 10:29:39 AM,RESP 1F6D7D0E
3/08/2020 10:29:39 AM,230 Auth OK
3/08/2020 10:29:39 AM,TIME
3/08/2020 10:29:39 AM,211 TIME 1596450579
3/08/2020 10:29:40 AM,EVCOUNT 5
3/08/2020 10:29:40 AM,252 Event OK
3/08/2020 10:29:41 AM,TODO
3/08/2020 10:29:41 AM,226 Nothing to do
3/08/2020 10:29:42 AM,EVENT 53469 1596450565 -310125322/1219230152/764/11/0 SIGNON 2521 03cffbfc OK 26 180201 0 v:121
3/08/2020 10:29:42 AM,252 Event OK
3/08/2020 10:29:43 AM,EVENT 53470 1596450572 -310125349/1219230191/773/11/0 INPUT 7 1 0 v:122
3/08/2020 10:29:43 AM,252 Event OK
3/08/2020 10:29:44 AM,EVENT 53471 1596450572 -310125352/1219230195/774/11/0 INPUT 7 0 1 v:122
3/08/2020 10:29:44 AM,252 Event OK
3/08/2020 10:29:45 AM,EVENT 53472 1596450573 -310125352/1219230195/774/11/0 INPUT 4 1 0 v:122
3/08/2020 10:29:45 AM,252 Event OK
3/08/2020 10:29:46 AM,EVENT 53473 1596450573 -310125358/1219230203/778/11/0 INPUT 1 0 544 v:122
3/08/2020 10:29:46 AM,252 Event OK
3/08/2020 10:29:47 AM,QUIT
3/08/2020 10:29:47 AM,221 Session ended - goodbye
3/08/2020 10:29:58 AM,UNIT 10604
3/08/2020 10:29:58 AM,333 CHAL EC49DCC
3/08/2020 10:29:58 AM,RESP 4096C398
3/08/2020 10:29:58 AM,230 Auth OK
3/08/2020 10:29:59 AM,TIME
3/08/2020 10:29:59 AM,211 TIME 1596450599
3/08/2020 10:30:00 AM,EVCOUNT 2
3/08/2020 10:30:00 AM,252 Event OK
3/08/2020 10:30:00 AM,TODO
3/08/2020 10:30:00 AM,226 Nothing to do
3/08/2020 10:30:01 AM,EVENT 53474 1596450593 -310125273/1219230674/762/11/0 INPUT 4 0 21 v:121
3/08/2020 10:30:01 AM,252 Event OK
3/08/2020 10:30:02 AM,EVENT 53475 1596450593 -310125273/1219230674/762/11/0 INPUT 4 1 0 v:121
3/08/2020 10:30:02 AM,252 Event OK
3/08/2020 10:30:03 AM,EVENT 53476 1596450598 -310125251/1219231106/763/9/3 INPUT 4 0 5 v:121
3/08/2020 10:30:03 AM,252 Event OK
3/08/2020 10:30:04 AM,EVENT 53477 1596450598 -310125251/1219231106/763/9/3 INPUT 4 1 0 v:121
3/08/2020 10:30:04 AM,252 Event OK
3/08/2020 10:30:04 AM,QUIT
3/08/2020 10:30:04 AM,221 Session ended - goodbye
3/08/2020 10:30:16 AM,UNIT 10604
3/08/2020 10:30:16 AM,333 CHAL 34C3CF3F
3/08/2020 10:30:16 AM,RESP 95DD9758
3/08/2020 10:30:16 AM,230 Auth OK
3/08/2020 10:30:17 AM,TIME
3/08/2020 10:30:17 AM,211 TIME 1596450617
3/08/2020 10:30:18 AM,EVCOUNT 2
3/08/2020 10:30:18 AM,252 Event OK
3/08/2020 10:30:18 AM,TODO
3/08/2020 10:30:18 AM,226 Nothing to do
3/08/2020 10:30:19 AM,EVENT 53478 1596450611 -310124596/1219232390/734/9/3 INPUT 4 0 13 v:122
3/08/2020 10:30:19 AM,252 Event OK
3/08/2020 10:30:20 AM,EVENT 53479 1596450612 -310124596/1219232390/734/9/2 INPUT 4 1 0 v:122
3/08/2020 10:30:20 AM,252 Event OK
3/08/2020 10:30:21 AM,QUIT
3/08/2020 10:30:21 AM,221 Session ended - goodbye
3/08/2020 10:30:32 AM,UNIT 10604
3/08/2020 10:30:32 AM,333 CHAL 49BC421E
3/08/2020 10:30:32 AM,RESP 2655AA41
3/08/2020 10:30:32 AM,230 Auth OK
3/08/2020 10:30:33 AM,TIME
3/08/2020 10:30:33 AM,211 TIME 1596450633
3/08/2020 10:30:34 AM,EVCOUNT 3
3/08/2020 10:30:34 AM,252 Event OK
3/08/2020 10:30:35 AM,TODO
3/08/2020 10:30:35 AM,226 Nothing to do
3/08/2020 10:30:36 AM,EVENT 53480 1596450623 -310125180/1219232845/689/9/8 INPUT 3 1 0 v:122
3/08/2020 10:30:36 AM,252 Event OK
3/08/2020 10:30:37 AM,EVENT 53481 1596450625 -310125290/1219233334/687/9/9 INPUT 3 0 2 v:122
3/08/2020 10:30:37 AM,252 Event OK
3/08/2020 10:30:38 AM,EVENT 53482 1596450625 -310125295/1219233466/687/9/8 INPUT 3 1 0 v:122
3/08/2020 10:30:38 AM,252 Event OK
3/08/2020 10:30:38 AM,EVENT 53483 1596450636 -310124624/1219236387/689/8/9 INPUT 3 0 10 v:121
3/08/2020 10:30:38 AM,252 Event OK
3/08/2020 10:30:39 AM,QUIT
3/08/2020 10:30:39 AM,221 Session ended - goodbye
3/08/2020 10:31:02 AM,UNIT 10604
3/08/2020 10:31:02 AM,333 CHAL 4230827
3/08/2020 10:31:02 AM,RESP 5DF847DF
3/08/2020 10:31:02 AM,230 Auth OK
3/08/2020 10:31:03 AM,TIME
3/08/2020 10:31:03 AM,211 TIME 1596450663
3/08/2020 10:31:03 AM,EVCOUNT 4
3/08/2020 10:31:03 AM,252 Event OK
3/08/2020 10:31:04 AM,TODO
3/08/2020 10:31:04 AM,226 Nothing to do
3/08/2020 10:31:04 AM,EVENT 53484 1596450658 -310121336/1219236182/682/8/3 INPUT 7 1 0 v:122
3/08/2020 10:31:04 AM,252 Event OK
3/08/2020 10:31:05 AM,EVENT 53485 1596450658 -310121336/1219236182/682/8/3 INPUT 8 0 101 v:122
3/08/2020 10:31:05 AM,252 Event OK
3/08/2020 10:31:06 AM,EVENT 53486 1596450658 -310121338/1219236180/681/11/2 INPUT 1 1 0 v:121
3/08/2020 10:31:06 AM,252 Event OK
3/08/2020 10:31:07 AM,EVENT 53487 1596450659 -310121342/1219236178/679/11/0 INPUT 4 0 48 v:121
3/08/2020 10:31:07 AM,252 Event OK
3/08/2020 10:31:07 AM,EVENT 53488 1596450662 -310121345/1219236174/685/11/0 TRIP 53469 12 75 11 8 98 v:121
3/08/2020 10:31:07 AM,252 Event OK
3/08/2020 10:31:08 AM,QUIT
3/08/2020 10:31:08 AM,221 Session ended - goodbye
3/08/2020 10:32:14 AM,UNIT 10604
3/08/2020 10:32:14 AM,333 CHAL 27B81BE4
3/08/2020 10:32:15 AM,RESP 3DA6C070
3/08/2020 10:32:15 AM,230 Auth OK
3/08/2020 10:32:16 AM,TIME
3/08/2020 10:32:16 AM,211 TIME 1596450736
3/08/2020 10:32:16 AM,EVCOUNT 2
3/08/2020 10:32:16 AM,252 Event OK
3/08/2020 10:32:17 AM,TODO
3/08/2020 10:32:17 AM,226 Nothing to do
3/08/2020 10:32:17 AM,EVENT 53489 1596450730 -310121137/1219236023/774/11/0 INPUT 8 1 0 v:121
3/08/2020 10:32:17 AM,252 Event OK
3/08/2020 10:32:18 AM,EVENT 53490 1596450731 -310121137/1219236020/772/11/0 INPUT 7 0 73 v:121
3/08/2020 10:32:18 AM,252 Event OK
3/08/2020 10:32:19 AM,QUIT
3/08/2020 10:32:19 AM,221 Session ended - goodbye
3/08/2020 10:32:29 AM,UNIT 10604
3/08/2020 10:32:29 AM,333 CHAL 44396D7F
3/08/2020 10:32:29 AM,RESP E8856452
3/08/2020 10:32:29 AM,230 Auth OK
3/08/2020 10:32:30 AM,TIME
3/08/2020 10:32:30 AM,211 TIME 1596450750
3/08/2020 10:32:30 AM,EVCOUNT 5
3/08/2020 10:32:30 AM,252 Event OK
3/08/2020 10:32:31 AM,TODO
3/08/2020 10:32:31 AM,226 Nothing to do
3/08/2020 10:32:32 AM,EVENT 53491 1596450738 -310121183/1219235995/752/11/0 SIGNON 2521 03cffbfc OK 26 180201 0 v:121
3/08/2020 10:32:32 AM,252 Event OK
3/08/2020 10:32:33 AM,EVENT 53492 1596450744 -310121215/1219235997/750/11/0 INPUT 7 1 0 v:122
3/08/2020 10:32:33 AM,252 Event OK
3/08/2020 10:32:34 AM,EVENT 53493 1596450744 -310121216/1219235996/750/11/0 INPUT 4 1 0 v:122
3/08/2020 10:32:34 AM,252 Event OK
3/08/2020 10:32:34 AM,EVENT 53494 1596450744 -310121216/1219235996/750/11/0 INPUT 7 0 0 v:122
3/08/2020 10:32:34 AM,252 Event OK
3/08/2020 10:32:35 AM,EVENT 53495 1596450744 -310121215/1219235994/750/11/0 INPUT 1 0 86 v:122
3/08/2020 10:32:35 AM,252 Event OK
3/08/2020 10:32:36 AM,EVENT 53496 1596450751 -310120771/1219235688/719/11/7 INPUT 3 1 0 v:122
3/08/2020 10:32:36 AM,252 Event OK
3/08/2020 10:32:36 AM,QUIT
3/08/2020 10:32:36 AM,221 Session ended - goodbye
3/08/2020 10:33:01 AM,UNIT 10604
3/08/2020 10:33:01 AM,333 CHAL 11E37AD8
3/08/2020 10:33:02 AM,RESP 0AEDB892
3/08/2020 10:33:02 AM,230 Auth OK
3/08/2020 10:33:02 AM,TIME
3/08/2020 10:33:02 AM,211 TIME 1596450782
3/08/2020 10:33:03 AM,EVCOUNT 1
3/08/2020 10:33:03 AM,252 Event OK
3/08/2020 10:33:04 AM,TODO
3/08/2020 10:33:04 AM,226 Nothing to do
3/08/2020 10:33:05 AM,EVENT 53497 1596450776 -310121481/1219229311/699/11/9 INPUT 3 0 25 v:122
3/08/2020 10:33:05 AM,252 Event OK
3/08/2020 10:33:05 AM,QUIT
3/08/2020 10:33:05 AM,221 Session ended - goodbye
3/08/2020 10:35:05 AM,UNIT 10604
3/08/2020 10:35:05 AM,333 CHAL 32EC563B
3/08/2020 10:35:06 AM,RESP 9832FF73
3/08/2020 10:35:06 AM,230 Auth OK
3/08/2020 10:35:08 AM,TIME
3/08/2020 10:35:08 AM,211 TIME 1596450908
3/08/2020 10:35:11 AM,EVCOUNT 3
3/08/2020 10:35:11 AM,252 Event OK
3/08/2020 10:35:12 AM,TODO
3/08/2020 10:35:12 AM,226 Nothing to do
3/08/2020 9:00:45 PM,UNIT 10604
3/08/2020 9:00:45 PM,333 CHAL 21C6DCEA
3/08/2020 9:00:45 PM,RESP 9BFB5222
3/08/2020 9:00:45 PM,230 Auth OK
3/08/2020 9:00:45 PM,TIME
3/08/2020 9:00:45 PM,211 TIME 1596488445
3/08/2020 9:00:46 PM,EVCOUNT 863
3/08/2020 9:00:46 PM,252 Event OK
3/08/2020 9:00:46 PM,TODO
3/08/2020 9:00:46 PM,226 Nothing to do
3/08/2020 9:00:46 PM,EVENT 53498 1596450902 -310121943/1219228410/668/2/8 INPUT 3 1 0 v:122
3/08/2020 9:00:46 PM,252 Event OK
3/08/2020 9:00:47 PM,EVENT 53499 1596450902 -310121972/1219228295/667/2/8 INPUT 3 0 1 v:122
3/08/2020 9:00:47 PM,252 Event OK
3/08/2020 9:00:49 PM,EVENT 53500 1596450903 -310122030/1219228060/669/2/8 INPUT 3 1 0 v:122
3/08/2020 9:00:49 PM,252 Event OK
3/08/2020 9:00:49 PM,EVENT 53501 1596451566 0/0/0/0/10 INPUT 3 0 663 v:121
3/08/2020 9:00:49 PM,252 Event OK
3/08/2020 9:00:50 PM,EVENT 53502 1596451665 0/0/0/0/3 INPUT 3 1 0 v:121
3/08/2020 9:00:50 PM,252 Event OK
3/08/2020 9:00:50 PM,EVENT 53503 1596451675 0/0/0/0/10 INPUT 3 0 9 v:121
3/08/2020 9:00:50 PM,252 Event OK
3/08/2020 9:00:50 PM,EVENT 53504 1596451901 0/0/0/0/0 REPORT 53491 0 0 v:121
3/08/2020 9:00:50 PM,252 Event OK
3/08/2020 9:00:51 PM,EVENT 53505 1596452006 0/0/0/0/0 INPUT 7 1 0 v:121
3/08/2020 9:00:51 PM,252 Event OK
3/08/2020 9:00:51 PM,EVENT 53506 1596452006 0/0/0/0/0 INPUT 8 0 1275 v:121
3/08/2020 9:00:51 PM,252 Event OK
3/08/2020 9:00:51 PM,EVENT 53507 1596452006 0/0/0/0/0 INPUT 1 1 0 v:121
3/08/2020 9:00:51 PM,252 Event OK
3/08/2020 9:00:52 PM,EVENT 53508 1596452008 0/0/0/0/0 INPUT 4 0 1265 v:121
3/08/2020 9:00:52 PM,252 Event OK
3/08/2020 9:00:52 PM,EVENT 53509 1596452010 0/0/0/0/0 TRIP 53491 698 567 7 5 1272 v:121
3/08/2020 9:00:52 PM,252 Event OK
3/08/2020 9:00:52 PM,EVENT 53510 1596453451 0/0/0/99/0 INPUT 8 1 0 v:121
3/08/2020 9:00:52 PM,252 Event OK
3/08/2020 9:00:53 PM,EVENT 53511 1596453452 0/0/0/99/0 INPUT 7 0 1446 v:121
3/08/2020 9:00:53 PM,252 Event OK
3/08/2020 9:00:55 PM,EVENT 53512 1596453460 0/0/0/0/0 SIGNON 2521 03cffbfc OK 26 180201 0 v:122
3/08/2020 9:00:55 PM,252 Event OK
3/08/2020 9:00:56 PM,EVENT 53513 1596453465 0/0/0/0/1 INPUT 7 1 0 v:122
3/08/2020 9:00:56 PM,252 Event OK
3/08/2020 9:00:57 PM,EVENT 53514 1596453466 0/0/0/0/2 INPUT 4 1 0 v:122
3/08/2020 9:00:57 PM,252 Event OK
3/08/2020 9:00:57 PM,EVENT 53515 1596453466 0/0/0/0/2 INPUT 7 0 0 v:122
3/08/2020 9:00:57 PM,252 Event OK
3/08/2020 9:00:58 PM,EVENT 53516 1596453466 0/0/0/0/4 INPUT 1 0 1460 v:122
3/08/2020 9:00:58 PM,252 Event OK
3/08/2020 9:00:58 PM,EVENT 53517 1596453469 0/0/0/0/8 INPUT 3 1 0 v:122
3/08/2020 9:00:58 PM,252 Event OK
3/08/2020 9:00:58 PM,EVENT 53518 1596453505 0/0/0/0/11 INPUT 3 0 36 v:121
3/08/2020 9:00:58 PM,252 Event OK
3/08/2020 9:00:59 PM,EVENT 53519 1596453509 0/0/0/0/0 INPUT 7 1 0 v:121
3/08/2020 9:00:59 PM,252 Event OK
3/08/2020 9:01:02 PM,EVENT 53520 1596453509 0/0/0/0/0 INPUT 8 0 57 v:121
3/08/2020 9:01:02 PM,252 Event OK
3/08/2020 9:01:03 PM,EVENT 53521 1596453509 0/0/0/0/0 INPUT 1 1 0 v:121
3/08/2020 9:01:03 PM,252 Event OK
3/08/2020 9:01:04 PM,EVENT 53522 1596453510 0/0/0/0/0 INPUT 4 0 45 v:121
3/08/2020 9:01:04 PM,252 Event OK
3/08/2020 9:01:04 PM,EVENT 53523 1596453513 0/0/0/0/0 TRIP 53512 36 9 9 6 54 v:121
3/08/2020 9:01:04 PM,252 Event OK
3/08/2020 9:01:04 PM,EVENT 53524 1596453740 0/0/0/0/0 INPUT 8 1 0 v:121
3/08/2020 9:01:04 PM,252 Event OK
3/08/2020 9:01:05 PM,EVENT 53525 1596453741 0/0/0/0/0 INPUT 7 0 232 v:121
3/08/2020 9:01:05 PM,252 Event OK
3/08/2020 9:01:06 PM,EVENT 53526 1596453749 0/0/0/0/0 SIGNON 2521 03cffbfc OK 26 180201 0 v:121
3/08/2020 9:01:06 PM,252 Event OK
3/08/2020 9:01:07 PM,EVENT 53527 1596453754 0/0/0/0/0 INPUT 7 1 0 v:122
3/08/2020 9:01:07 PM,252 Event OK
3/08/2020 9:01:07 PM,EVENT 53528 1596453754 0/0/0/0/0 INPUT 7 0 1 v:122
3/08/2020 9:01:07 PM,252 Event OK
3/08/2020 9:01:08 PM,EVENT 53529 1596453755 0/0/0/0/0 INPUT 4 1 0 v:122
3/08/2020 9:01:08 PM,252 Event OK
3/08/2020 9:01:08 PM,EVENT 53530 1596453755 0/0/0/0/0 INPUT 1 0 246 v:122
3/08/2020 9:01:08 PM,252 Event OK
3/08/2020 9:01:09 PM,EVENT 53531 1596453769 0/0/0/0/6 INPUT 3 1 0 v:121
3/08/2020 9:01:09 PM,252 Event OK
3/08/2020 9:01:09 PM,EVENT 53532 1596453792 0/0/0/99/22 REPORT 53526 0 0 v:121
3/08/2020 9:01:09 PM,252 Event OK
3/08/2020 9:01:09 PM,EVENT 53533 1596453879 0/0/0/0/10 INPUT 3 0 110 v:121
3/08/2020 9:01:09 PM,252 Event OK
3/08/2020 9:01:10 PM,EVENT 53534 1596453890 0/0/0/0/3 INPUT 4 0 136 v:121
3/08/2020 9:01:10 PM,252 Event OK
3/08/2020 9:01:10 PM,EVENT 53535 1596453890 0/0/0/0/3 INPUT 4 1 0 v:121
3/08/2020 9:01:10 PM,252 Event OK
3/08/2020 9:01:10 PM,EVENT 53536 1596453891 0/0/0/0/3 INPUT 7 1 0 v:121
3/08/2020 9:01:10 PM,252 Event OK
3/08/2020 9:01:11 PM,EVENT 53537 1596453891 0/0/0/0/3 INPUT 8 0 150 v:121
3/08/2020 9:01:11 PM,252 Event OK
3/08/2020 9:01:11 PM,EVENT 53538 1596453892 0/0/0/0/3 INPUT 1 1 0 v:121
3/08/2020 9:01:11 PM,252 Event OK
3/08/2020 9:01:11 PM,EVENT 53539 1596453893 0/0/0/0/1 INPUT 4 0 3 v:121
3/08/2020 9:01:11 PM,252 Event OK
3/08/2020 9:01:12 PM,EVENT 53540 1596453894 0/0/0/0/0 INPUT 3 1 0 v:121
3/08/2020 9:01:12 PM,252 Event OK
3/08/2020 9:01:12 PM,EVENT 53541 1596453894 0/0/0/0/0 INPUT 8 1 0 v:121
3/08/2020 9:01:12 PM,252 Event OK
3/08/2020 9:01:12 PM,EVENT 53542 1596453894 0/0/0/0/2 INPUT 4 1 0 v:121
3/08/2020 9:01:12 PM,252 Event OK
3/08/2020 9:01:13 PM,EVENT 53543 1596453894 0/0/0/0/3 INPUT 7 0 3 v:121
3/08/2020 9:01:13 PM,252 Event OK
3/08/2020 9:01:13 PM,EVENT 53544 1596453895 0/0/0/0/26 INPUT 3 0 2 v:122
3/08/2020 9:01:13 PM,252 Event OK
3/08/2020 9:01:13 PM,EVENT 53545 1596453895 0/0/0/0/26 INPUT 4 0 2 v:122
3/08/2020 9:01:13 PM,252 Event OK
3/08/2020 9:01:14 PM,EVENT 53546 1596453899 0/0/0/0/0 INPUT 7 1 0 v:122
3/08/2020 9:01:14 PM,252 Event OK
3/08/2020 9:01:14 PM,EVENT 53547 1596453899 0/0/0/0/0 INPUT 7 0 0 v:122
3/08/2020 9:01:14 PM,252 Event OK
3/08/2020 9:01:14 PM,EVENT 53548 1596453900 0/0/0/0/0 INPUT 1 0 8 v:122
3/08/2020 9:01:14 PM,252 Event OK
3/08/2020 9:01:15 PM,EVENT 53549 1596453900 0/0/0/0/0 INPUT 4 1 0 v:122
3/08/2020 9:01:15 PM,252 Event OK
3/08/2020 9:01:15 PM,EVENT 53550 1596454129 0/0/0/0/5 INPUT 3 1 0 v:121
3/08/2020 9:01:15 PM,252 Event OK
3/08/2020 9:01:15 PM,EVENT 53551 1596454195 0/0/0/0/17 INPUT 3 0 67 v:122
3/08/2020 9:01:15 PM,252 Event OK
3/08/2020 9:01:16 PM,EVENT 53552 1596454205 0/0/0/0/2 INPUT 3 1 0 v:122
3/08/2020 9:01:16 PM,252 Event OK
3/08/2020 9:01:16 PM,EVENT 53553 1596454233 0/0/0/0/29 ENGINEOVERSPEED 53526 13 5409 v:122
3/08/2020 9:01:16 PM,252 Event OK
3/08/2020 9:01:17 PM,EVENT 53554 1596454242 0/0/0/0/12 INPUT 3 0 37 v:122
3/08/2020 9:01:17 PM,252 Event OK
3/08/2020 9:01:17 PM,EVENT 53555 1596454271 0/0/0/0/0 ENGINEOVERSPEED 53526 13 3440 v:122
3/08/2020 9:01:17 PM,252 Event OK
3/08/2020 9:01:17 PM,EVENT 53556 1596454276 0/0/0/0/2 INPUT 3 1 0 v:122
3/08/2020 9:01:17 PM,252 Event OK
3/08/2020 9:01:17 PM,EVENT 53557 1596454277 0/0/0/0/6 IMPACT 53526 9 0 0 0 9 0 - v:122
3/08/2020 9:01:17 PM,252 Event OK
3/08/2020 9:01:18 PM,EVENT 53558 1596454278 0/0/0/0/10 INPUT 3 0 2 v:122
3/08/2020 9:01:18 PM,252 Event OK
3/08/2020 9:01:18 PM,EVENT 53559 1596454280 0/0/0/0/7 INPUT 3 1 0 v:122
3/08/2020 9:01:18 PM,252 Event OK
3/08/2020 9:01:18 PM,EVENT 53560 1596454334 0/0/0/0/22 ENGINEOVERSPEED 53526 9 3472 v:122
3/08/2020 9:01:18 PM,252 Event OK
3/08/2020 9:01:19 PM,EVENT 53561 1596454345 0/0/0/0/15 INPUT 3 0 65 v:122
3/08/2020 9:01:19 PM,252 Event OK
3/08/2020 9:01:19 PM,EVENT 53562 1596454408 0/0/0/0/7 INPUT 3 1 0 v:122
3/08/2020 9:01:19 PM,252 Event OK
3/08/2020 9:01:20 PM,EVENT 53563 1596454508 0/0/0/0/20 ENGINEOVERSPEED 53526 36 7674 v:121
3/08/2020 9:01:20 PM,252 Event OK
3/08/2020 9:01:20 PM,EVENT 53564 1596454523 0/0/0/0/14 INPUT 3 0 115 v:122
3/08/2020 9:01:20 PM,252 Event OK
3/08/2020 9:01:21 PM,EVENT 53565 1596454524 0/0/0/0/6 ENGINEOVERSPEED 53526 7 3470 v:121
3/08/2020 9:01:21 PM,252 Event OK
3/08/2020 9:01:21 PM,EVENT 53566 1596454609 0/0/0/0/5 INPUT 3 1 0 v:122
3/08/2020 9:01:21 PM,252 Event OK
3/08/2020 9:01:21 PM,EVENT 53567 1596454820 0/0/0/0/11 INPUT 3 0 211 v:122
3/08/2020 9:01:21 PM,252 Event OK
3/08/2020 9:01:22 PM,EVENT 53568 1596454846 0/0/0/0/7 INPUT 3 1 0 v:122
3/08/2020 9:01:22 PM,252 Event OK
3/08/2020 9:01:22 PM,EVENT 53569 1596454978 0/0/0/0/11 INPUT 3 0 133 v:121
3/08/2020 9:01:22 PM,252 Event OK
3/08/2020 9:01:23 PM,EVENT 53570 1596454979 0/0/0/0/4 INPUT 7 1 0 v:121
3/08/2020 9:01:23 PM,252 Event OK
3/08/2020 9:01:23 PM,EVENT 53571 1596454979 0/0/0/0/4 INPUT 8 0 1086 v:121
3/08/2020 9:01:23 PM,252 Event OK
3/08/2020 9:01:23 PM,EVENT 53572 1596454980 0/0/0/0/1 INPUT 1 1 0 v:121
3/08/2020 9:01:23 PM,252 Event OK
3/08/2020 9:01:24 PM,EVENT 53573 1596454980 0/0/0/0/0 INPUT 4 0 1081 v:121
3/08/2020 9:01:24 PM,252 Event OK
3/08/2020 9:01:24 PM,EVENT 53574 1596454983 0/0/0/0/0 TRIP 53526 743 479 13 6 1235 v:121
3/08/2020 9:01:24 PM,252 Event OK
3/08/2020 9:01:25 PM,EVENT 53575 1596454983 0/0/0/0/0 TRIPSUMMARY 53526 v:121
3/08/2020 9:01:25 PM,252 Event OK
3/08/2020 9:01:25 PM,EVENT 53576 1596455120 0/0/0/0/0 INPUT 8 1 0 v:121
3/08/2020 9:01:25 PM,252 Event OK
3/08/2020 9:01:25 PM,EVENT 53577 1596455120 0/0/0/0/0 INPUT 7 0 141 v:121
3/08/2020 9:01:25 PM,252 Event OK
3/08/2020 9:01:25 PM,EVENT 53578 1596455130 0/0/0/0/0 SIGNON 2521 03cffbfc OK 26 180201 0 v:122
3/08/2020 9:01:25 PM,252 Event OK
3/08/2020 9:01:26 PM,EVENT 53579 1596455136 0/0/0/0/0 INPUT 4 1 0 v:122
3/08/2020 9:01:26 PM,252 Event OK
3/08/2020 9:01:26 PM,EVENT 53580 1596455137 0/0/0/0/0 INPUT 1 0 157 v:122
3/08/2020 9:01:26 PM,252 Event OK
3/08/2020 9:01:26 PM,EVENT 53581 1596455152 0/0/0/0/5 INPUT 3 1 0 v:121
3/08/2020 9:01:26 PM,252 Event OK
3/08/2020 9:01:27 PM,EVENT 53582 1596455187 0/0/0/0/17 INPUT 3 0 36 v:121
3/08/2020 9:01:27 PM,252 Event OK
3/08/2020 9:01:27 PM,EVENT 53583 1596455188 0/0/0/0/7 INPUT 4 0 53 v:121
3/08/2020 9:01:27 PM,252 Event OK
3/08/2020 9:01:27 PM,EVENT 53584 1596455188 0/0/0/0/5 INPUT 4 1 0 v:121
3/08/2020 9:01:27 PM,252 Event OK
3/08/2020 9:01:28 PM,EVENT 53585 1596455192 0/0/0/0/0 INPUT 7 1 0 v:121
3/08/2020 9:01:28 PM,252 Event OK
3/08/2020 9:01:28 PM,EVENT 53586 1596455192 0/0/0/0/0 INPUT 8 0 72 v:121
3/08/2020 9:01:28 PM,252 Event OK
3/08/2020 9:01:28 PM,EVENT 53587 1596455192 0/0/0/0/0 INPUT 1 1 0 v:121
3/08/2020 9:01:28 PM,252 Event OK
3/08/2020 9:01:29 PM,EVENT 53588 1596455193 0/0/0/0/0 INPUT 4 0 5 v:121
3/08/2020 9:01:29 PM,252 Event OK
3/08/2020 9:01:29 PM,EVENT 53589 1596455196 0/0/0/0/0 TRIP 53578 36 22 8 5 66 v:121
3/08/2020 9:01:29 PM,252 Event OK
3/08/2020 9:01:29 PM,EVENT 53590 1596460856 0/0/0/0/0 SWSTART OpusFC 5.0.58.515 R v:121
3/08/2020 9:01:29 PM,252 Event OK
3/08/2020 9:01:30 PM,EVENT 53591 1596455196 0/0/0/0/0 POWERDOWN v:121
3/08/2020 9:01:30 PM,252 Event OK
3/08/2020 9:01:30 PM,EVENT 53592 1596460856 0/0/0/0/0 INPUT 1 1 0 v:122
3/08/2020 9:01:30 PM,252 Event OK
3/08/2020 9:01:31 PM,EVENT 53593 1596460856 0/0/0/0/0 INPUT 2 0 0 v:122
3/08/2020 9:01:31 PM,252 Event OK
3/08/2020 9:01:31 PM,EVENT 53594 1596460856 0/0/0/0/0 INPUT 3 0 0 v:122
3/08/2020 9:01:31 PM,252 Event OK
3/08/2020 9:01:31 PM,EVENT 53595 1596460856 0/0/0/0/0 INPUT 4 0 0 v:122
3/08/2020 9:01:31 PM,252 Event OK
3/08/2020 9:01:31 PM,EVENT 53596 1596460856 0/0/0/0/0 INPUT 7 0 0 v:122
3/08/2020 9:01:31 PM,252 Event OK
3/08/2020 9:01:32 PM,EVENT 53597 1596460856 0/0/0/0/0 INPUT 8 1 0 v:121
3/08/2020 9:01:32 PM,252 Event OK
3/08/2020 9:01:32 PM,EVENT 53598 1596460858 0/0/0/0/0 ZONE_OK 2 100 FW=NO VERSION v:122
3/08/2020 9:01:32 PM,252 Event OK
3/08/2020 9:01:32 PM,EVENT 53599 1596460868 0/0/0/0/0 SIGNON 2521 03cffbfc OK 26 180201 0 v:122
3/08/2020 9:01:32 PM,252 Event OK
3/08/2020 9:01:33 PM,EVENT 53600 1596460873 0/0/0/99/0 INPUT 7 1 0 v:122
3/08/2020 9:01:33 PM,252 Event OK
3/08/2020 9:01:33 PM,EVENT 53601 1596460874 0/0/0/99/0 INPUT 4 1 0 v:122
3/08/2020 9:01:33 PM,252 Event OK
3/08/2020 9:01:33 PM,EVENT 53602 1596460874 0/0/0/99/0 INPUT 7 0 1 v:122
3/08/2020 9:01:33 PM,252 Event OK
3/08/2020 9:01:34 PM,EVENT 53603 1596460877 0/0/0/99/0 INPUT 1 0 20 v:122
3/08/2020 9:01:34 PM,252 Event OK
3/08/2020 9:01:34 PM,EVENT 53604 1596460878 0/0/0/99/2 INPUT 4 0 5 v:122
3/08/2020 9:01:34 PM,252 Event OK
3/08/2020 9:01:34 PM,EVENT 53605 1596460879 0/0/0/99/2 INPUT 4 1 0 v:122
3/08/2020 9:01:34 PM,252 Event OK
3/08/2020 9:01:35 PM,EVENT 53606 1596460904 0/0/0/0/0 INPUT 4 0 26 v:122
3/08/2020 9:01:35 PM,252 Event OK
3/08/2020 9:01:35 PM,EVENT 53607 1596460904 0/0/0/0/0 INPUT 4 1 0 v:122
3/08/2020 9:01:35 PM,252 Event OK
3/08/2020 9:01:35 PM,EVENT 53608 1596460918 0/0/0/0/7 INPUT 3 1 0 v:122
3/08/2020 9:01:35 PM,252 Event OK
3/08/2020 9:01:36 PM,EVENT 53609 1596460939 0/0/0/0/12 INPUT 3 0 21 v:122
3/08/2020 9:01:36 PM,252 Event OK
3/08/2020 9:01:36 PM,EVENT 53610 1596460956 0/0/0/0/0 INPUT 1 1 0 v:122
3/08/2020 9:01:36 PM,252 Event OK
3/08/2020 9:01:36 PM,EVENT 53611 1596460956 0/0/0/0/0 INPUT 4 0 52 v:122
3/08/2020 9:01:36 PM,252 Event OK
3/08/2020 9:01:36 PM,EVENT 53612 1596460963 0/0/0/0/0 INPUT 7 1 0 v:123
3/08/2020 9:01:36 PM,252 Event OK
3/08/2020 9:01:37 PM,EVENT 53613 1596460963 0/0/0/0/0 INPUT 4 1 0 v:123
3/08/2020 9:01:37 PM,252 Event OK
3/08/2020 9:01:37 PM,EVENT 53614 1596460964 0/0/0/0/0 INPUT 1 0 8 v:122
3/08/2020 9:01:37 PM,252 Event OK
3/08/2020 9:01:37 PM,EVENT 53615 1596460964 0/0/0/0/0 INPUT 7 0 1 v:123
3/08/2020 9:01:37 PM,252 Event OK
3/08/2020 9:01:38 PM,EVENT 53616 1596460971 0/0/0/0/0 INPUT 1 1 0 v:122
3/08/2020 9:01:38 PM,252 Event OK
3/08/2020 9:01:38 PM,EVENT 53617 1596460972 0/0/0/0/0 INPUT 4 0 9 v:122
3/08/2020 9:01:38 PM,252 Event OK
3/08/2020 9:01:38 PM,EVENT 53618 1596460994 0/0/0/0/0 INPUT 7 1 0 v:122
3/08/2020 9:01:38 PM,252 Event OK
3/08/2020 9:01:39 PM,EVENT 53619 1596460995 0/0/0/0/0 INPUT 4 1 0 v:122
3/08/2020 9:01:39 PM,252 Event OK
3/08/2020 9:01:39 PM,EVENT 53620 1596460996 0/0/0/0/0 INPUT 1 0 24 v:122
3/08/2020 9:01:39 PM,252 Event OK
3/08/2020 9:01:40 PM,EVENT 53621 1596460996 0/0/0/0/0 INPUT 7 0 1 v:122
3/08/2020 9:01:40 PM,252 Event OK
3/08/2020 9:01:40 PM,EVENT 53622 1596461012 0/0/0/0/6 INPUT 3 1 0 v:122
3/08/2020 9:01:40 PM,252 Event OK
3/08/2020 9:01:40 PM,EVENT 53623 1596461013 0/0/0/0/10 INPUT 3 0 1 v:122
3/08/2020 9:01:40 PM,252 Event OK
3/08/2020 9:01:41 PM,EVENT 53624 1596461014 0/0/0/0/6 INPUT 4 0 19 v:122
3/08/2020 9:01:41 PM,252 Event OK
3/08/2020 9:01:41 PM,EVENT 53625 1596461015 0/0/0/0/4 INPUT 4 1 0 v:122
3/08/2020 9:01:41 PM,252 Event OK
3/08/2020 9:01:41 PM,EVENT 53626 1596461043 0/0/0/0/8 INPUT 3 1 0 v:122
3/08/2020 9:01:41 PM,252 Event OK
3/08/2020 9:01:42 PM,EVENT 53627 1596461045 0/0/0/0/9 INPUT 3 0 2 v:122
3/08/2020 9:01:42 PM,252 Event OK
3/08/2020 9:01:42 PM,EVENT 53628 1596461048 0/0/0/0/2 INPUT 1 1 0 v:122
3/08/2020 9:01:42 PM,252 Event OK
3/08/2020 9:01:42 PM,EVENT 53629 1596461049 0/0/0/0/0 INPUT 4 0 35 v:122
3/08/2020 9:01:42 PM,252 Event OK
3/08/2020 9:01:42 PM,EVENT 53630 1596461055 0/0/0/0/0 INPUT 3 1 0 v:122
3/08/2020 9:01:42 PM,252 Event OK
3/08/2020 9:01:43 PM,EVENT 53631 1596461055 0/0/0/0/0 INPUT 7 1 0 v:122
3/08/2020 9:01:43 PM,252 Event OK
3/08/2020 9:01:43 PM,EVENT 53632 1596461055 0/0/0/0/2 INPUT 4 1 0 v:122
3/08/2020 9:01:43 PM,252 Event OK
3/08/2020 9:01:43 PM,EVENT 53633 1596461056 0/0/0/0/12 INPUT 1 0 8 v:122
3/08/2020 9:01:43 PM,252 Event OK
3/08/2020 9:01:44 PM,EVENT 53634 1596461056 0/0/0/0/17 INPUT 7 0 1 v:122
3/08/2020 9:01:44 PM,252 Event OK
3/08/2020 9:01:44 PM,EVENT 53635 1596461056 0/0/0/0/20 INPUT 3 0 2 v:122
3/08/2020 9:01:44 PM,252 Event OK
3/08/2020 9:01:48 PM,EVENT 53636 1596461058 0/0/0/0/0 INPUT 4 0 4 v:122
3/08/2020 9:01:48 PM,252 Event OK
3/08/2020 9:01:48 PM,EVENT 53637 1596461059 0/0/0/0/0 INPUT 4 1 0 v:122
3/08/2020 9:01:48 PM,252 Event OK
3/08/2020 9:01:48 PM,EVENT 53638 1596461073 0/0/0/0/2 INPUT 1 1 0 v:122
3/08/2020 9:01:48 PM,252 Event OK
3/08/2020 9:01:48 PM,EVENT 53639 1596461075 0/0/0/0/0 INPUT 4 0 17 v:122
3/08/2020 9:01:48 PM,252 Event OK
3/08/2020 9:01:49 PM,EVENT 53640 1596461084 0/0/0/0/0 INPUT 7 1 0 v:122
3/08/2020 9:01:49 PM,252 Event OK
3/08/2020 9:01:49 PM,EVENT 53641 1596461084 0/0/0/0/1 INPUT 4 1 0 v:122
3/08/2020 9:01:49 PM,252 Event OK
3/08/2020 9:01:49 PM,EVENT 53642 1596461085 0/0/0/0/5 INPUT 1 0 11 v:122
3/08/2020 9:01:49 PM,252 Event OK
3/08/2020 9:01:50 PM,EVENT 53643 1596461087 0/0/0/0/1 INPUT 7 0 3 v:122
3/08/2020 9:01:50 PM,252 Event OK
3/08/2020 9:01:50 PM,EVENT 53644 1596461088 0/0/0/0/0 LOWCOOLANT 53599 3 v:122
3/08/2020 9:01:50 PM,252 Event OK
3/08/2020 9:01:50 PM,EVENT 53645 1596461091 0/0/0/0/0 INPUT 1 1 0 v:122
3/08/2020 9:01:50 PM,252 Event OK
3/08/2020 9:01:51 PM,EVENT 53646 1596461093 0/0/0/0/0 INPUT 4 0 10 v:122
3/08/2020 9:01:51 PM,252 Event OK
3/08/2020 9:01:51 PM,EVENT 53647 1596461101 0/0/0/0/0 INPUT 7 1 0 v:122
3/08/2020 9:01:51 PM,252 Event OK
3/08/2020 9:01:51 PM,EVENT 53648 1596461102 0/0/0/0/0 INPUT 4 1 0 v:122
3/08/2020 9:01:51 PM,252 Event OK
3/08/2020 9:01:52 PM,EVENT 53649 1596461102 0/0/0/0/0 INPUT 1 0 11 v:122
3/08/2020 9:01:52 PM,252 Event OK
3/08/2020 9:01:52 PM,EVENT 53650 1596461106 0/0/0/0/0 INPUT 7 0 5 v:122
3/08/2020 9:01:52 PM,252 Event OK
3/08/2020 9:01:52 PM,EVENT 53651 1596461106 0/0/0/0/0 INPUT 1 1 0 v:122
3/08/2020 9:01:52 PM,252 Event OK
3/08/2020 9:01:53 PM,EVENT 53652 1596461107 0/0/0/0/0 INPUT 4 0 6 v:122
3/08/2020 9:01:53 PM,252 Event OK
3/08/2020 9:01:53 PM,EVENT 53653 1596461108 0/0/0/0/0 LOWCOOLANT 53599 5 v:122
3/08/2020 9:01:53 PM,252 Event OK
3/08/2020 9:01:53 PM,EVENT 53654 1596461112 0/0/0/0/0 INPUT 7 1 0 v:122
3/08/2020 9:01:53 PM,252 Event OK
3/08/2020 9:01:54 PM,EVENT 53655 1596461112 0/0/0/0/0 INPUT 8 0 255 v:122
3/08/2020 9:01:54 PM,252 Event OK
3/08/2020 9:01:54 PM,EVENT 53656 1596461116 0/0/0/0/0 TRIP 53599 26 157 66 23 249 v:121
3/08/2020 9:01:54 PM,252 Event OK
3/08/2020 9:01:54 PM,EVENT 53657 1596461116 0/0/0/0/0 TRIPSUMMARY 53599 v:121
3/08/2020 9:01:54 PM,252 Event OK
3/08/2020 9:01:55 PM,EVENT 53658 1596461119 0/0/0/0/0 INPUT 8 1 0 v:121
3/08/2020 9:01:55 PM,252 Event OK
3/08/2020 9:01:55 PM,EVENT 53659 1596461120 0/0/0/0/0 INPUT 7 0 8 v:121
3/08/2020 9:01:55 PM,252 Event OK
3/08/2020 9:01:56 PM,EVENT 53660 1596461127 0/0/0/0/0 SIGNON 2521 03cffbfc OK 26 180201 0 v:121
3/08/2020 9:01:56 PM,252 Event OK
3/08/2020 9:01:56 PM,EVENT 53661 1596461133 0/0/0/0/0 INPUT 7 1 0 v:122
3/08/2020 9:01:56 PM,252 Event OK
3/08/2020 9:01:56 PM,EVENT 53662 1596461133 0/0/0/0/0 INPUT 4 1 0 v:122
3/08/2020 9:01:56 PM,252 Event OK
3/08/2020 9:01:57 PM,EVENT 53663 1596461134 0/0/0/0/0 INPUT 1 0 27 v:122
3/08/2020 9:01:57 PM,252 Event OK
3/08/2020 9:01:58 PM,EVENT 53664 1596461134 0/0/0/0/0 INPUT 7 0 1 v:122
3/08/2020 9:01:58 PM,252 Event OK
3/08/2020 9:01:58 PM,EVENT 53665 1596461139 0/0/0/0/0 INPUT 1 1 0 v:122
3/08/2020 9:01:58 PM,252 Event OK
3/08/2020 9:01:59 PM,EVENT 53666 1596461140 0/0/0/0/0 INPUT 4 0 7 v:122
3/08/2020 9:01:59 PM,252 Event OK
3/08/2020 9:01:59 PM,EVENT 53667 1596461146 0/0/0/0/0 INPUT 7 1 0 v:122
3/08/2020 9:01:59 PM,252 Event OK
3/08/2020 9:02:00 PM,EVENT 53668 1596461147 0/0/0/0/0 INPUT 4 1 0 v:122
3/08/2020 9:02:00 PM,252 Event OK
3/08/2020 9:02:00 PM,EVENT 53669 1596461147 0/0/0/0/0 INPUT 1 0 8 v:122
3/08/2020 9:02:00 PM,252 Event OK
3/08/2020 9:02:00 PM,EVENT 53670 1596461147 0/0/0/0/0 INPUT 7 0 1 v:122
3/08/2020 9:02:00 PM,252 Event OK
3/08/2020 9:02:01 PM,EVENT 53671 1596461155 0/0/0/0/0 INPUT 1 1 0 v:121
3/08/2020 9:02:01 PM,252 Event OK
3/08/2020 9:02:03 PM,EVENT 53672 1596461155 0/0/0/0/0 INPUT 7 1 0 v:121
3/08/2020 9:02:03 PM,252 Event OK
3/08/2020 9:02:04 PM,EVENT 53673 1596461155 0/0/0/0/0 INPUT 8 0 36 v:121
3/08/2020 9:02:04 PM,252 Event OK
3/08/2020 9:02:04 PM,EVENT 53674 1596461156 0/0/0/0/0 INPUT 4 0 10 v:121
3/08/2020 9:02:04 PM,252 Event OK
3/08/2020 9:02:05 PM,EVENT 53675 1596461159 0/0/0/0/0 TRIP 53660 0 17 15 6 32 v:121
3/08/2020 9:02:05 PM,252 Event OK
3/08/2020 9:02:05 PM,EVENT 53676 1596461163 0/0/0/0/0 REPORT * 0 0 v:121
3/08/2020 9:02:05 PM,252 Event OK
3/08/2020 9:02:06 PM,EVENT 53677 1596461353 0/0/0/0/0 INPUT 8 1 0 v:121
3/08/2020 9:02:06 PM,252 Event OK
3/08/2020 9:02:06 PM,EVENT 53678 1596461354 0/0/0/0/0 INPUT 7 0 199 v:121
3/08/2020 9:02:06 PM,252 Event OK
3/08/2020 9:02:06 PM,EVENT 53679 1596461363 0/0/0/0/0 SIGNON 2521 03cffbfc OK 26 180201 0 v:121
3/08/2020 9:02:06 PM,252 Event OK
3/08/2020 9:02:07 PM,EVENT 53680 1596461369 0/0/0/0/0 INPUT 7 1 0 v:122
3/08/2020 9:02:07 PM,252 Event OK
3/08/2020 9:02:07 PM,EVENT 53681 1596461370 0/0/0/0/0 INPUT 4 1 0 v:122
3/08/2020 9:02:07 PM,252 Event OK
3/08/2020 9:02:07 PM,EVENT 53682 1596461374 0/0/0/0/0 INPUT 7 0 5 v:122
3/08/2020 9:02:07 PM,252 Event OK
3/08/2020 9:02:08 PM,EVENT 53683 1596461375 0/0/0/0/0 INPUT 4 0 6 v:122
3/08/2020 9:02:08 PM,252 Event OK
3/08/2020 9:02:08 PM,EVENT 53684 1596461375 0/0/0/0/0 OILPRESSURE 53679 1 v:122
3/08/2020 9:02:08 PM,252 Event OK
3/08/2020 9:02:09 PM,EVENT 53685 1596461376 0/0/0/0/0 LOWCOOLANT 53679 5 v:122
3/08/2020 9:02:09 PM,252 Event OK
3/08/2020 9:02:09 PM,EVENT 53686 1596461381 0/0/0/0/0 INPUT 7 1 0 v:122
3/08/2020 9:02:09 PM,252 Event OK
3/08/2020 9:02:10 PM,EVENT 53687 1596461381 0/0/0/0/0 INPUT 4 1 0 v:123
3/08/2020 9:02:10 PM,252 Event OK
3/08/2020 9:02:11 PM,EVENT 53688 1596461383 0/0/0/0/0 INPUT 1 0 228 v:123
3/08/2020 9:02:11 PM,252 Event OK
3/08/2020 9:02:11 PM,EVENT 53689 1596461385 0/0/0/0/0 INPUT 7 0 4 v:123
3/08/2020 9:02:11 PM,252 Event OK
3/08/2020 9:02:12 PM,EVENT 53690 1596461385 0/0/0/0/0 INPUT 1 1 0 v:122
3/08/2020 9:02:12 PM,252 Event OK
3/08/2020 9:02:12 PM,EVENT 53691 1596461386 0/0/0/0/0 INPUT 4 0 5 v:122
3/08/2020 9:02:12 PM,252 Event OK
3/08/2020 9:02:13 PM,EVENT 53692 1596461386 0/0/0/0/0 INPUT 7 1 0 v:122
3/08/2020 9:02:13 PM,252 Event OK
3/08/2020 9:02:13 PM,EVENT 53693 1596461386 0/0/0/0/0 INPUT 8 0 33 v:122
3/08/2020 9:02:13 PM,252 Event OK
3/08/2020 9:02:14 PM,EVENT 53694 1596461386 0/0/0/0/0 LOWCOOLANT 53679 4 v:122
3/08/2020 9:02:14 PM,252 Event OK
3/08/2020 9:02:14 PM,EVENT 53695 1596461391 0/0/0/0/0 TRIP 53679 0 11 17 6 28 v:121
3/08/2020 9:02:14 PM,252 Event OK
3/08/2020 9:02:14 PM,EVENT 53696 1596461391 0/0/0/0/0 TRIPSUMMARY 53679 v:121
3/08/2020 9:02:14 PM,252 Event OK
3/08/2020 9:02:15 PM,EVENT 53697 1596461971 0/0/0/0/0 INPUT 8 1 0 v:121
3/08/2020 9:02:15 PM,252 Event OK
3/08/2020 9:02:15 PM,EVENT 53698 1596461972 0/0/0/0/0 INPUT 7 0 585 v:122
3/08/2020 9:02:15 PM,252 Event OK
3/08/2020 9:02:16 PM,EVENT 53699 1596461979 0/0/0/0/0 SIGNON 2521 03cffbfc OK 26 180201 0 v:122
3/08/2020 9:02:16 PM,252 Event OK
3/08/2020 9:02:16 PM,EVENT 53700 1596461985 0/0/0/0/0 INPUT 7 1 0 v:122
3/08/2020 9:02:16 PM,252 Event OK
3/08/2020 9:02:16 PM,EVENT 53701 1596461985 0/0/0/0/0 INPUT 4 1 0 v:122
3/08/2020 9:02:16 PM,252 Event OK
3/08/2020 9:02:17 PM,EVENT 53702 1596461986 0/0/0/0/0 INPUT 7 0 2 v:122
3/08/2020 9:02:17 PM,252 Event OK
3/08/2020 9:02:17 PM,EVENT 53703 1596461989 0/0/0/0/0 INPUT 4 0 4 v:122
3/08/2020 9:02:17 PM,252 Event OK
3/08/2020 9:02:18 PM,EVENT 53704 1596461994 0/0/0/0/0 INPUT 7 1 0 v:123
3/08/2020 9:02:18 PM,252 Event OK
3/08/2020 9:02:18 PM,EVENT 53705 1596461995 0/0/0/0/0 INPUT 4 1 0 v:122
3/08/2020 9:02:18 PM,252 Event OK
3/08/2020 9:02:18 PM,EVENT 53706 1596461995 0/0/0/0/0 INPUT 7 0 1 v:122
3/08/2020 9:02:18 PM,252 Event OK
3/08/2020 9:02:19 PM,EVENT 53707 1596461997 0/0/0/0/0 INPUT 1 0 612 v:122
3/08/2020 9:02:19 PM,252 Event OK
3/08/2020 9:02:19 PM,EVENT 53708 1596462000 0/0/0/0/0 INPUT 1 1 0 v:122
3/08/2020 9:02:19 PM,252 Event OK
3/08/2020 9:02:19 PM,EVENT 53709 1596462001 0/0/0/0/0 INPUT 4 0 7 v:122
3/08/2020 9:02:19 PM,252 Event OK
3/08/2020 9:02:20 PM,EVENT 53710 1596462002 0/0/0/0/0 INPUT 7 1 0 v:122
3/08/2020 9:02:20 PM,252 Event OK
3/08/2020 9:02:20 PM,EVENT 53711 1596462002 0/0/0/0/0 INPUT 8 0 31 v:122
3/08/2020 9:02:20 PM,252 Event OK
3/08/2020 9:02:21 PM,EVENT 53712 1596462002 0/0/0/0/0 INPUT 8 1 0 v:122
3/08/2020 9:02:21 PM,252 Event OK
3/08/2020 9:02:21 PM,EVENT 53713 1596462002 0/0/0/0/0 INPUT 7 0 1 v:122
3/08/2020 9:02:21 PM,252 Event OK
3/08/2020 9:02:22 PM,EVENT 53714 1596462003 0/0/0/0/0 INPUT 7 1 0 v:122
3/08/2020 9:02:22 PM,252 Event OK
3/08/2020 9:02:22 PM,EVENT 53715 1596462003 0/0/0/0/0 INPUT 8 0 1 v:122
3/08/2020 9:02:22 PM,252 Event OK
3/08/2020 9:02:23 PM,EVENT 53716 1596462003 0/0/0/0/0 INPUT 8 1 0 v:121
3/08/2020 9:02:23 PM,252 Event OK
3/08/2020 9:02:23 PM,EVENT 53717 1596462004 0/0/0/0/0 INPUT 7 0 1 v:121
3/08/2020 9:02:23 PM,252 Event OK
3/08/2020 9:02:24 PM,EVENT 53718 1596462005 0/0/0/0/0 INPUT 7 1 0 v:122
3/08/2020 9:02:24 PM,252 Event OK
3/08/2020 9:02:24 PM,EVENT 53719 1596462005 0/0/0/0/0 INPUT 8 0 2 v:122
3/08/2020 9:02:24 PM,252 Event OK
3/08/2020 9:02:24 PM,EVENT 53720 1596462010 0/0/0/0/0 TRIP 53699 0 11 20 9 31 v:121
3/08/2020 9:02:24 PM,252 Event OK
3/08/2020 9:02:25 PM,EVENT 53721 1596462255 0/0/0/99/0 INPUT 8 1 0 v:121
3/08/2020 9:02:25 PM,252 Event OK
3/08/2020 9:02:25 PM,EVENT 53722 1596462256 0/0/0/99/0 INPUT 7 0 250 v:121
3/08/2020 9:02:25 PM,252 Event OK
3/08/2020 9:02:25 PM,EVENT 53723 1596462258 0/0/0/99/0 INPUT 7 1 0 v:121
3/08/2020 9:02:25 PM,252 Event OK
3/08/2020 9:02:26 PM,EVENT 53724 1596462258 0/0/0/99/0 INPUT 8 0 3 v:122
3/08/2020 9:02:26 PM,252 Event OK
3/08/2020 9:02:26 PM,EVENT 53725 1596462272 0/0/0/99/0 INPUT 8 1 0 v:122
3/08/2020 9:02:26 PM,252 Event OK
3/08/2020 9:02:26 PM,EVENT 53726 1596462272 0/0/0/99/0 INPUT 7 0 14 v:122
3/08/2020 9:02:26 PM,252 Event OK
3/08/2020 9:02:27 PM,EVENT 53727 1596462284 0/0/0/0/0 SIGNON 2521 03cffbfc OK 26 180201 0 v:122
3/08/2020 9:02:27 PM,252 Event OK
3/08/2020 9:02:27 PM,EVENT 53728 1596462289 0/0/0/0/0 INPUT 7 1 0 v:122
3/08/2020 9:02:27 PM,252 Event OK
3/08/2020 9:02:27 PM,EVENT 53729 1596462289 0/0/0/0/0 INPUT 4 1 0 v:122
3/08/2020 9:02:27 PM,252 Event OK
3/08/2020 9:02:28 PM,EVENT 53730 1596462290 0/0/0/0/0 INPUT 7 0 1 v:122
3/08/2020 9:02:28 PM,252 Event OK
3/08/2020 9:02:28 PM,EVENT 53731 1596462291 0/0/0/0/0 INPUT 1 0 292 v:122
3/08/2020 9:02:28 PM,252 Event OK
3/08/2020 9:02:29 PM,EVENT 53732 1596462318 0/0/0/0/0 INPUT 1 1 0 v:122
3/08/2020 9:02:29 PM,252 Event OK
3/08/2020 9:02:29 PM,EVENT 53733 1596462319 0/0/0/0/0 INPUT 4 0 31 v:122
3/08/2020 9:02:29 PM,252 Event OK
3/08/2020 9:02:29 PM,EVENT 53734 1596462320 0/0/0/0/0 INPUT 7 1 0 v:122
3/08/2020 9:02:29 PM,252 Event OK
3/08/2020 9:02:30 PM,EVENT 53735 1596462320 0/0/0/0/0 INPUT 8 0 49 v:122
3/08/2020 9:02:30 PM,252 Event OK
3/08/2020 9:02:30 PM,EVENT 53736 1596462325 0/0/0/0/0 TRIP 53727 0 31 11 6 42 v:122
3/08/2020 9:02:30 PM,252 Event OK
3/08/2020 9:02:31 PM,EVENT 53737 1596462815 0/0/0/0/0 INPUT 7 0 494 v:122
3/08/2020 9:02:31 PM,252 Event OK
3/08/2020 9:02:31 PM,EVENT 53738 1596462815 0/0/0/0/0 INPUT 8 1 0 v:122
3/08/2020 9:02:31 PM,252 Event OK
3/08/2020 9:02:32 PM,EVENT 53739 1596462868 0/0/0/0/0 SIGNON 2521 03cffbfc OK 26 180201 0 v:122
3/08/2020 9:02:32 PM,252 Event OK
3/08/2020 9:02:32 PM,EVENT 53740 1596462875 0/0/0/0/0 INPUT 7 1 0 v:123
3/08/2020 9:02:32 PM,252 Event OK
3/08/2020 9:02:32 PM,EVENT 53741 1596462876 0/0/0/0/0 INPUT 4 1 0 v:123
3/08/2020 9:02:32 PM,252 Event OK
3/08/2020 9:02:33 PM,EVENT 53742 1596462882 0/0/0/0/0 INPUT 1 0 564 v:123
3/08/2020 9:02:33 PM,252 Event OK
3/08/2020 9:02:33 PM,EVENT 53743 1596462883 0/0/0/0/0 INPUT 7 0 8 v:123
3/08/2020 9:02:33 PM,252 Event OK
3/08/2020 9:02:34 PM,EVENT 53744 1596462883 0/0/0/0/0 INPUT 1 1 0 v:122
3/08/2020 9:02:34 PM,252 Event OK
3/08/2020 9:02:34 PM,EVENT 53745 1596462884 0/0/0/0/0 INPUT 4 0 9 v:122
3/08/2020 9:02:34 PM,252 Event OK
3/08/2020 9:02:34 PM,EVENT 53746 1596462884 0/0/0/0/0 OILPRESSURE 53739 4 v:122
3/08/2020 9:02:34 PM,252 Event OK
3/08/2020 9:02:35 PM,EVENT 53747 1596462884 0/0/0/0/0 LOWCOOLANT 53739 8 v:122
3/08/2020 9:02:35 PM,252 Event OK
3/08/2020 9:02:35 PM,EVENT 53748 1596462885 0/0/0/0/0 INPUT 7 1 0 v:122
3/08/2020 9:02:35 PM,252 Event OK
3/08/2020 9:02:35 PM,EVENT 53749 1596462885 0/0/0/0/0 INPUT 8 0 71 v:122
3/08/2020 9:02:35 PM,252 Event OK
3/08/2020 9:02:36 PM,EVENT 53750 1596462886 0/0/0/0/0 INPUT 8 1 0 v:122
3/08/2020 9:02:36 PM,252 Event OK
3/08/2020 9:02:37 PM,EVENT 53751 1596462886 0/0/0/0/0 INPUT 7 0 1 v:122
3/08/2020 9:02:37 PM,252 Event OK
3/08/2020 9:02:37 PM,EVENT 53752 1596462891 0/0/0/0/0 INPUT 7 1 0 v:122
3/08/2020 9:02:37 PM,252 Event OK
3/08/2020 9:02:38 PM,EVENT 53753 1596462891 0/0/0/0/0 INPUT 4 1 0 v:122
3/08/2020 9:02:38 PM,252 Event OK
3/08/2020 9:02:38 PM,EVENT 53754 1596462895 0/0/0/0/0 INPUT 1 0 12 v:122
3/08/2020 9:02:38 PM,252 Event OK
3/08/2020 9:02:38 PM,EVENT 53755 1596462902 0/0/0/0/0 INPUT 7 0 11 v:122
3/08/2020 9:02:38 PM,252 Event OK
3/08/2020 9:02:39 PM,EVENT 53756 1596462903 0/0/0/0/0 INPUT 1 1 0 v:122
3/08/2020 9:02:39 PM,252 Event OK
3/08/2020 9:02:39 PM,EVENT 53757 1596462903 0/0/0/0/0 INPUT 4 0 12 v:122
3/08/2020 9:02:39 PM,252 Event OK
3/08/2020 9:02:39 PM,EVENT 53758 1596462903 0/0/0/0/0 INPUT 7 1 0 v:122
3/08/2020 9:02:39 PM,252 Event OK
3/08/2020 9:02:40 PM,EVENT 53759 1596462903 0/0/0/0/0 INPUT 8 0 18 v:122
3/08/2020 9:02:40 PM,252 Event OK
3/08/2020 9:02:40 PM,EVENT 53760 1596462904 0/0/0/0/0 LOWCOOLANT 53739 11 v:121
3/08/2020 9:02:40 PM,252 Event OK
3/08/2020 9:02:41 PM,EVENT 53761 1596462908 0/0/0/0/0 TRIP 53739 0 21 20 8 41 v:121
3/08/2020 9:02:41 PM,252 Event OK
3/08/2020 9:02:41 PM,EVENT 53762 1596462908 0/0/0/0/0 TRIPSUMMARY 53739 v:122
3/08/2020 9:02:41 PM,252 Event OK
3/08/2020 9:02:41 PM,EVENT 53763 1596462968 0/0/0/99/0 INPUT 8 1 0 v:122
3/08/2020 9:02:41 PM,252 Event OK
3/08/2020 9:02:42 PM,EVENT 53764 1596462969 0/0/0/99/0 INPUT 7 0 65 v:122
3/08/2020 9:02:42 PM,252 Event OK
3/08/2020 9:02:42 PM,EVENT 53765 1596462978 0/0/0/0/0 SIGNON 2521 03cffbfc OK 26 180201 0 v:122
3/08/2020 9:02:42 PM,252 Event OK
3/08/2020 9:02:42 PM,EVENT 53766 1596462983 0/0/0/0/0 INPUT 7 1 0 v:122
3/08/2020 9:02:42 PM,252 Event OK
3/08/2020 9:02:43 PM,EVENT 53767 1596462983 0/0/0/0/0 INPUT 4 1 0 v:122
3/08/2020 9:02:43 PM,252 Event OK
3/08/2020 9:02:43 PM,EVENT 53768 1596462989 0/0/0/0/0 INPUT 1 0 86 v:123
3/08/2020 9:02:43 PM,252 Event OK
3/08/2020 9:02:44 PM,EVENT 53769 1596462990 0/0/0/0/0 OILPRESSURE 53765 2 v:123
3/08/2020 9:02:44 PM,252 Event OK
3/08/2020 9:02:44 PM,EVENT 53770 1596462993 0/0/0/0/0 REPORT 53765 0 0 v:123
3/08/2020 9:02:44 PM,252 Event OK
3/08/2020 9:02:44 PM,EVENT 53771 1596462998 0/0/0/0/0 INPUT 7 0 15 v:123
3/08/2020 9:02:44 PM,252 Event OK
3/08/2020 9:02:45 PM,EVENT 53772 1596462998 0/0/0/0/0 INPUT 1 1 0 v:123
3/08/2020 9:02:45 PM,252 Event OK
3/08/2020 9:02:45 PM,EVENT 53773 1596462999 0/0/0/0/0 INPUT 4 0 16 v:123
3/08/2020 9:02:45 PM,252 Event OK
3/08/2020 9:02:46 PM,EVENT 53774 1596462999 0/0/0/0/0 LOWCOOLANT 53765 15 v:123
3/08/2020 9:02:46 PM,252 Event OK
3/08/2020 9:02:46 PM,EVENT 53775 1596463037 0/0/0/0/0 INPUT 7 1 0 v:122
3/08/2020 9:02:46 PM,252 Event OK
3/08/2020 9:02:47 PM,EVENT 53776 1596463037 0/0/0/0/0 INPUT 8 0 68 v:122
3/08/2020 9:02:47 PM,252 Event OK
3/08/2020 9:02:47 PM,EVENT 53777 1596463041 0/0/0/0/0 TRIP 53765 0 16 48 42 64 v:122
3/08/2020 9:02:47 PM,252 Event OK
3/08/2020 9:02:48 PM,EVENT 53778 1596463041 0/0/0/0/0 TRIPSUMMARY 53765 v:122
3/08/2020 9:02:48 PM,252 Event OK
3/08/2020 9:02:48 PM,EVENT 53779 1596463792 0/0/0/0/0 INPUT 8 1 0 v:122
3/08/2020 9:02:48 PM,252 Event OK
3/08/2020 9:02:48 PM,EVENT 53780 1596463792 0/0/0/0/0 INPUT 7 0 756 v:122
3/08/2020 9:02:48 PM,252 Event OK
3/08/2020 9:02:49 PM,EVENT 53781 1596463802 0/0/0/0/0 SIGNON 2521 03cffbfc OK 26 180201 0 v:122
3/08/2020 9:02:49 PM,252 Event OK
3/08/2020 9:02:49 PM,EVENT 53782 1596463807 0/0/0/0/0 INPUT 7 1 0 v:122
3/08/2020 9:02:49 PM,252 Event OK
3/08/2020 9:02:49 PM,EVENT 53783 1596463808 0/0/0/0/0 INPUT 4 1 0 v:122
3/08/2020 9:02:49 PM,252 Event OK
3/08/2020 9:02:50 PM,EVENT 53784 1596463811 0/0/0/0/0 INPUT 7 0 4 v:123
3/08/2020 9:02:50 PM,252 Event OK
3/08/2020 9:02:50 PM,EVENT 53785 1596463813 0/0/0/0/0 LOWCOOLANT 53781 4 v:123
3/08/2020 9:02:50 PM,252 Event OK
3/08/2020 9:02:51 PM,EVENT 53786 1596463814 0/0/0/0/0 INPUT 1 0 816 v:123
3/08/2020 9:02:51 PM,252 Event OK
3/08/2020 9:02:51 PM,EVENT 53787 1596463814 0/0/0/0/0 INPUT 1 1 0 v:123
3/08/2020 9:02:51 PM,252 Event OK
3/08/2020 9:02:52 PM,EVENT 53788 1596463815 0/0/0/0/0 INPUT 1 0 1 v:123
3/08/2020 9:02:52 PM,252 Event OK
3/08/2020 9:02:52 PM,EVENT 53789 1596463816 0/0/0/0/0 OILPRESSURE 53781 4 v:123
3/08/2020 9:02:52 PM,252 Event OK
3/08/2020 9:02:52 PM,EVENT 53790 1596463838 0/0/0/0/0 INPUT 1 1 0 v:122
3/08/2020 9:02:52 PM,252 Event OK
3/08/2020 9:02:53 PM,EVENT 53791 1596463839 0/0/0/0/0 INPUT 4 0 32 v:122
3/08/2020 9:02:53 PM,252 Event OK
3/08/2020 9:02:54 PM,EVENT 53792 1596463930 0/0/0/0/0 INPUT 7 1 0 v:123
3/08/2020 9:02:54 PM,252 Event OK
3/08/2020 9:02:54 PM,EVENT 53793 1596463931 0/0/0/0/0 INPUT 4 1 0 v:123
3/08/2020 9:02:54 PM,252 Event OK
3/08/2020 9:02:54 PM,EVENT 53794 1596463932 0/0/0/0/0 INPUT 1 0 93 v:123
3/08/2020 9:02:54 PM,252 Event OK
3/08/2020 9:02:56 PM,EVENT 53795 1596463933 0/0/0/0/0 INPUT 7 0 2 v:122
3/08/2020 9:02:56 PM,252 Event OK
3/08/2020 9:02:57 PM,EVENT 53796 1596463934 0/0/0/0/0 LOWCOOLANT 53781 2 v:122
3/08/2020 9:02:57 PM,252 Event OK
3/08/2020 9:02:58 PM,EVENT 53797 1596464101 0/0/0/0/0 INPUT 1 1 0 v:122
3/08/2020 9:02:58 PM,252 Event OK
3/08/2020 9:02:58 PM,EVENT 53798 1596464102 0/0/0/0/0 INPUT 4 0 171 v:122
3/08/2020 9:02:58 PM,252 Event OK
3/08/2020 9:02:59 PM,EVENT 53799 1596464238 0/0/0/0/0 INPUT 7 1 0 v:122
3/08/2020 9:02:59 PM,252 Event OK
3/08/2020 9:03:00 PM,EVENT 53800 1596464238 0/0/0/0/0 INPUT 8 0 447 v:122
3/08/2020 9:03:00 PM,252 Event OK
3/08/2020 9:03:06 PM,EVENT 53801 1596464243 0/0/0/0/0 TRIP 53781 0 203 239 141 442 v:122
3/08/2020 9:03:06 PM,252 Event OK
3/08/2020 9:03:08 PM,EVENT 53802 1596464243 0/0/0/0/0 TRIPSUMMARY 53781 v:122
3/08/2020 9:03:08 PM,252 Event OK
3/08/2020 9:03:08 PM,EVENT 53803 1596464702 0/0/0/0/0 INPUT 8 1 0 v:122
3/08/2020 9:03:08 PM,252 Event OK
3/08/2020 9:03:09 PM,EVENT 53804 1596464702 0/0/0/0/0 INPUT 7 0 463 v:122
3/08/2020 9:03:09 PM,252 Event OK
3/08/2020 9:03:09 PM,EVENT 53805 1596464710 0/0/0/0/0 SIGNON 2521 03cffbfc OK 26 180201 0 v:122
3/08/2020 9:03:09 PM,252 Event OK
3/08/2020 9:03:10 PM,EVENT 53806 1596464718 0/0/0/0/0 INPUT 7 1 0 v:122
3/08/2020 9:03:10 PM,252 Event OK
3/08/2020 9:03:10 PM,EVENT 53807 1596464718 0/0/0/0/0 INPUT 4 1 0 v:122
3/08/2020 9:03:10 PM,252 Event OK
3/08/2020 9:03:11 PM,EVENT 53808 1596464726 0/0/0/0/0 INPUT 7 0 9 v:123
3/08/2020 9:03:11 PM,252 Event OK
3/08/2020 9:03:11 PM,EVENT 53809 1596464728 0/0/0/0/0 INPUT 4 0 11 v:123
3/08/2020 9:03:11 PM,252 Event OK
3/08/2020 9:03:13 PM,EVENT 53810 1596464728 0/0/0/0/0 OILPRESSURE 53805 6 v:123
3/08/2020 9:03:13 PM,252 Event OK
3/08/2020 9:03:14 PM,EVENT 53811 1596464728 0/0/0/0/0 LOWCOOLANT 53805 9 v:123
3/08/2020 9:03:14 PM,252 Event OK
3/08/2020 9:03:14 PM,EVENT 53812 1596464733 0/0/0/0/0 INPUT 7 1 0 v:123
3/08/2020 9:03:14 PM,252 Event OK
3/08/2020 9:03:15 PM,EVENT 53813 1596464734 0/0/0/0/0 INPUT 4 1 0 v:123
3/08/2020 9:03:15 PM,252 Event OK
3/08/2020 9:03:15 PM,EVENT 53814 1596464736 0/0/0/0/0 INPUT 1 0 635 v:123
3/08/2020 9:03:15 PM,252 Event OK
3/08/2020 9:03:16 PM,EVENT 53815 1596464739 0/0/0/0/0 INPUT 7 0 7 v:123
3/08/2020 9:03:16 PM,252 Event OK
3/08/2020 9:03:16 PM,EVENT 53816 1596464741 0/0/0/0/0 LOWCOOLANT 53805 7 v:122
3/08/2020 9:03:16 PM,252 Event OK
3/08/2020 9:03:16 PM,EVENT 53817 1596464743 0/0/0/0/0 INPUT 1 1 0 v:122
3/08/2020 9:03:16 PM,252 Event OK
3/08/2020 9:03:18 PM,EVENT 53818 1596464745 0/0/0/0/0 INPUT 4 0 12 v:122
3/08/2020 9:03:18 PM,252 Event OK
3/08/2020 9:03:18 PM,EVENT 53819 1596464754 0/0/0/0/0 INPUT 7 1 0 v:123
3/08/2020 9:03:18 PM,252 Event OK
3/08/2020 9:03:19 PM,EVENT 53820 1596464755 0/0/0/0/0 INPUT 1 0 11 v:123
3/08/2020 9:03:19 PM,252 Event OK
3/08/2020 9:03:19 PM,EVENT 53821 1596464755 0/0/0/0/0 INPUT 7 0 0 v:123
3/08/2020 9:03:19 PM,252 Event OK
3/08/2020 9:03:22 PM,EVENT 53822 1596464755 0/0/0/0/0 INPUT 4 1 0 v:123
3/08/2020 9:03:22 PM,252 Event OK
3/08/2020 9:03:22 PM,EVENT 53823 1596464823 0/0/0/0/0 REPORT 53805 0 0 v:122
3/08/2020 9:03:22 PM,252 Event OK
3/08/2020 9:03:23 PM,EVENT 53824 1596465547 0/0/0/0/0 ENGINEOVERSPEED 53805 8 3767 v:122
3/08/2020 9:03:23 PM,252 Event OK
3/08/2020 9:03:23 PM,EVENT 53825 1596465668 0/0/0/0/0 INPUT 7 1 0 v:122
3/08/2020 9:03:23 PM,252 Event OK
3/08/2020 9:03:24 PM,EVENT 53826 1596465668 0/0/0/0/0 INPUT 8 0 967 v:122
3/08/2020 9:03:24 PM,252 Event OK
3/08/2020 9:03:24 PM,EVENT 53827 1596465669 0/0/0/0/0 INPUT 1 1 0 v:122
3/08/2020 9:03:24 PM,252 Event OK
3/08/2020 9:03:24 PM,EVENT 53828 1596465669 0/0/0/0/0 INPUT 4 0 914 v:121
3/08/2020 9:03:24 PM,252 Event OK
3/08/2020 9:03:25 PM,EVENT 53829 1596465673 0/0/0/0/0 TRIP 53805 0 937 27 10 964 v:121
3/08/2020 9:03:25 PM,252 Event OK
3/08/2020 9:03:25 PM,EVENT 53830 1596465673 0/0/0/0/0 TRIPSUMMARY 53805 v:121
3/08/2020 9:03:25 PM,252 Event OK
3/08/2020 9:03:26 PM,EVENT 53831 1596465728 0/0/0/0/0 INPUT 8 1 0 v:121
3/08/2020 9:03:26 PM,252 Event OK
3/08/2020 9:03:26 PM,EVENT 53832 1596465728 0/0/0/0/0 INPUT 7 0 59 v:121
3/08/2020 9:03:26 PM,252 Event OK
3/08/2020 9:03:27 PM,EVENT 53833 1596465738 0/0/0/0/0 SIGNON 2521 03cffbfc OK 26 180201 0 v:121
3/08/2020 9:03:27 PM,252 Event OK
3/08/2020 9:03:27 PM,EVENT 53834 1596465756 0/0/0/0/0 INPUT 4 1 0 v:122
3/08/2020 9:03:27 PM,252 Event OK
3/08/2020 9:03:28 PM,EVENT 53835 1596465757 0/0/0/0/0 INPUT 1 0 88 v:122
3/08/2020 9:03:28 PM,252 Event OK
3/08/2020 9:03:28 PM,EVENT 53836 1596465862 0/0/0/0/6 INPUT 3 1 0 v:121
3/08/2020 9:03:28 PM,252 Event OK
3/08/2020 9:03:29 PM,EVENT 53837 1596465929 0/0/0/0/22 ENGINEOVERSPEED 53833 55 13238 v:122
3/08/2020 9:03:29 PM,252 Event OK
3/08/2020 9:03:29 PM,EVENT 53838 1596465989 0/0/0/0/11 INPUT 3 0 127 v:122
3/08/2020 9:03:29 PM,252 Event OK
3/08/2020 9:03:30 PM,EVENT 53839 1596466058 0/0/0/0/4 INPUT 3 1 0 v:122
3/08/2020 9:03:30 PM,252 Event OK
3/08/2020 9:03:30 PM,EVENT 53840 1596466152 0/0/0/0/12 INPUT 3 0 93 v:122
3/08/2020 9:03:30 PM,252 Event OK
3/08/2020 9:03:30 PM,EVENT 53841 1596466154 0/0/0/0/3 INPUT 4 0 399 v:122
3/08/2020 9:03:30 PM,252 Event OK
3/08/2020 9:03:31 PM,EVENT 53842 1596466154 0/0/0/0/3 INPUT 4 1 0 v:122
3/08/2020 9:03:31 PM,252 Event OK
3/08/2020 9:03:32 PM,EVENT 53843 1596466202 0/0/0/0/7 INPUT 3 1 0 v:122
3/08/2020 9:03:32 PM,252 Event OK
3/08/2020 9:03:32 PM,EVENT 53844 1596466234 0/0/0/0/12 INPUT 3 0 32 v:122
3/08/2020 9:03:32 PM,252 Event OK
3/08/2020 9:03:33 PM,EVENT 53845 1596466325 0/0/0/0/4 INPUT 3 1 0 v:121
3/08/2020 9:03:33 PM,252 Event OK
3/08/2020 9:03:34 PM,EVENT 53846 1596466513 0/0/0/0/20 ENGINEOVERSPEED 53833 49 9080 v:122
3/08/2020 9:03:34 PM,252 Event OK
3/08/2020 9:03:34 PM,EVENT 53847 1596466640 0/0/0/0/11 INPUT 3 0 315 v:121
3/08/2020 9:03:34 PM,252 Event OK
3/08/2020 9:03:34 PM,EVENT 53848 1596466656 0/0/0/0/6 REPORT 53833 0 0 v:122
3/08/2020 9:03:34 PM,252 Event OK
3/08/2020 9:03:35 PM,EVENT 53849 1596466659 0/0/0/0/5 INPUT 3 1 0 v:122
3/08/2020 9:03:35 PM,252 Event OK
3/08/2020 9:03:36 PM,EVENT 53850 1596466738 0/0/0/0/12 INPUT 3 0 80 v:121
3/08/2020 9:03:36 PM,252 Event OK
3/08/2020 9:03:36 PM,EVENT 53851 1596466759 0/0/0/0/5 INPUT 3 1 0 v:122
3/08/2020 9:03:36 PM,252 Event OK
3/08/2020 9:03:37 PM,EVENT 53852 1596466768 0/0/0/0/10 INPUT 3 0 9 v:121
3/08/2020 9:03:37 PM,252 Event OK
3/08/2020 9:03:37 PM,EVENT 53853 1596466771 0/0/0/0/3 INPUT 7 1 0 v:122
3/08/2020 9:03:37 PM,252 Event OK
3/08/2020 9:03:38 PM,EVENT 53854 1596466771 0/0/0/0/3 INPUT 8 0 1043 v:122
3/08/2020 9:03:38 PM,252 Event OK
3/08/2020 9:03:38 PM,EVENT 53855 1596466771 0/0/0/0/2 INPUT 1 1 0 v:122
3/08/2020 9:03:38 PM,252 Event OK
3/08/2020 9:03:40 PM,EVENT 53856 1596466772 0/0/0/0/0 INPUT 4 0 618 v:122
3/08/2020 9:03:40 PM,252 Event OK
3/08/2020 9:03:41 PM,EVENT 53857 1596466775 0/0/0/0/0 TRIP 53833 656 361 21 18 1038 v:122
3/08/2020 9:03:41 PM,252 Event OK
3/08/2020 9:03:42 PM,EVENT 53858 1596466775 0/0/0/0/0 TRIPSUMMARY 53833 v:122
3/08/2020 9:03:42 PM,252 Event OK
3/08/2020 9:03:42 PM,EVENT 53859 1596467001 0/0/0/0/0 INPUT 8 1 0 v:122
3/08/2020 9:03:42 PM,252 Event OK
3/08/2020 9:03:42 PM,EVENT 53860 1596467001 0/0/0/0/0 INPUT 7 0 231 v:122
3/08/2020 9:03:42 PM,252 Event OK
3/08/2020 9:03:43 PM,EVENT 53861 1596467012 0/0/0/0/0 SIGNON 2521 03cffbfc OK 26 180201 0 v:122
3/08/2020 9:03:43 PM,252 Event OK
3/08/2020 9:03:43 PM,EVENT 53862 1596467017 0/0/0/0/0 INPUT 7 1 0 v:122
3/08/2020 9:03:43 PM,252 Event OK
3/08/2020 9:03:44 PM,EVENT 53863 1596467017 0/0/0/0/0 INPUT 7 0 0 v:122
3/08/2020 9:03:44 PM,252 Event OK
3/08/2020 9:03:44 PM,EVENT 53864 1596467018 0/0/0/0/0 INPUT 1 0 247 v:122
3/08/2020 9:03:44 PM,252 Event OK
3/08/2020 9:03:45 PM,EVENT 53865 1596467019 0/0/0/0/0 INPUT 4 1 0 v:122
3/08/2020 9:03:45 PM,252 Event OK
3/08/2020 9:03:45 PM,EVENT 53866 1596467043 0/0/0/0/2 INPUT 3 1 0 v:122
3/08/2020 9:03:45 PM,252 Event OK
3/08/2020 9:03:45 PM,EVENT 53867 1596467053 0/0/0/0/12 INPUT 3 0 10 v:122
3/08/2020 9:03:45 PM,252 Event OK
3/08/2020 9:03:46 PM,EVENT 53868 1596467056 0/0/0/0/4 INPUT 4 0 38 v:122
3/08/2020 9:03:46 PM,252 Event OK
3/08/2020 9:03:46 PM,EVENT 53869 1596467056 0/0/0/0/3 INPUT 4 1 0 v:122
3/08/2020 9:03:46 PM,252 Event OK
3/08/2020 9:03:47 PM,EVENT 53870 1596467070 0/0/0/0/5 INPUT 4 0 14 v:122
3/08/2020 9:03:47 PM,252 Event OK
3/08/2020 9:03:47 PM,EVENT 53871 1596467070 0/0/0/0/4 INPUT 4 1 0 v:122
3/08/2020 9:03:47 PM,252 Event OK
3/08/2020 9:03:52 PM,EVENT 53872 1596467072 0/0/0/0/4 INPUT 3 1 0 v:122
3/08/2020 9:03:52 PM,252 Event OK
3/08/2020 9:04:30 PM,UNIT 10604
3/08/2020 9:04:30 PM,333 CHAL 34566103
3/08/2020 9:04:32 PM,RESP 4025A5A7
3/08/2020 9:04:32 PM,230 Auth OK
3/08/2020 9:04:32 PM,TIME
3/08/2020 9:04:32 PM,211 TIME 1596488672
3/08/2020 9:04:34 PM,EVCOUNT 490
3/08/2020 9:04:34 PM,252 Event OK
3/08/2020 9:04:37 PM,TODO
3/08/2020 9:04:37 PM,226 Nothing to do
3/08/2020 9:04:39 PM,EVENT 53872 1596467072 0/0/0/0/4 INPUT 3 1 0 v:122
3/08/2020 9:04:39 PM,253 Event OK - Duplicate
3/08/2020 9:04:39 PM,EVENT 53873 1596467074 0/0/0/0/10 INPUT 3 0 3 v:122
3/08/2020 9:04:39 PM,252 Event OK
3/08/2020 9:04:41 PM,EVENT 53874 1596467110 0/0/0/0/2 INPUT 7 1 0 v:122
3/08/2020 9:04:41 PM,252 Event OK
3/08/2020 9:04:41 PM,EVENT 53875 1596467110 0/0/0/0/2 INPUT 8 0 109 v:122
3/08/2020 9:04:41 PM,252 Event OK
3/08/2020 9:04:42 PM,EVENT 53876 1596467110 0/0/0/0/1 INPUT 1 1 0 v:122
3/08/2020 9:04:42 PM,252 Event OK
3/08/2020 9:04:44 PM,EVENT 53877 1596467112 0/0/0/0/0 INPUT 4 0 42 v:121
3/08/2020 9:04:44 PM,252 Event OK
3/08/2020 9:04:46 PM,EVENT 53878 1596467114 0/0/0/0/0 TRIP 53861 13 81 9 7 103 v:121
3/08/2020 9:04:46 PM,252 Event OK
3/08/2020 9:04:47 PM,EVENT 53879 1596467571 0/0/0/0/0 INPUT 8 1 0 v:122
3/08/2020 9:04:47 PM,252 Event OK
3/08/2020 9:04:48 PM,EVENT 53880 1596467572 0/0/0/0/0 INPUT 7 0 462 v:122
3/08/2020 9:04:48 PM,252 Event OK
3/08/2020 9:04:50 PM,EVENT 53881 1596467579 0/0/0/0/0 SIGNON 2521 03cffbfc OK 26 180201 0 v:122
3/08/2020 9:04:50 PM,252 Event OK
3/08/2020 9:04:50 PM,EVENT 53882 1596467584 0/0/0/0/0 INPUT 7 1 0 v:122
3/08/2020 9:04:50 PM,252 Event OK
3/08/2020 9:04:52 PM,EVENT 53883 1596467585 0/0/0/0/0 INPUT 7 0 0 v:122
3/08/2020 9:04:52 PM,252 Event OK
3/08/2020 9:04:53 PM,EVENT 53884 1596467585 0/0/0/0/0 INPUT 4 1 0 v:122
3/08/2020 9:04:53 PM,252 Event OK
3/08/2020 9:04:54 PM,EVENT 53885 1596467586 0/0/0/0/0 INPUT 1 0 475 v:122
3/08/2020 9:04:54 PM,252 Event OK
3/08/2020 9:04:55 PM,EVENT 53886 1596467588 0/0/0/0/0 INPUT 4 0 4 v:122
3/08/2020 9:04:55 PM,252 Event OK
3/08/2020 9:04:55 PM,EVENT 53887 1596467588 0/0/0/0/0 INPUT 4 1 0 v:122
3/08/2020 9:04:55 PM,252 Event OK
3/08/2020 9:04:56 PM,EVENT 53888 1596467648 0/0/0/0/4 INPUT 3 1 0 v:122
3/08/2020 9:04:56 PM,252 Event OK
3/08/2020 9:04:57 PM,EVENT 53889 1596467657 0/0/0/0/9 INPUT 3 0 10 v:122
3/08/2020 9:04:57 PM,252 Event OK
3/08/2020 9:04:57 PM,EVENT 53890 1596467756 0/0/0/0/3 INPUT 3 1 0 v:122
3/08/2020 9:04:57 PM,252 Event OK
3/08/2020 9:04:58 PM,EVENT 53891 1596467775 0/0/0/0/13 INPUT 3 0 20 v:121
3/08/2020 9:04:58 PM,252 Event OK
3/08/2020 9:04:59 PM,EVENT 53892 1596467807 0/0/0/0/3 INPUT 3 1 0 v:122
3/08/2020 9:04:59 PM,252 Event OK
3/08/2020 9:05:00 PM,EVENT 53893 1596467857 0/0/0/0/10 INPUT 3 0 50 v:122
3/08/2020 9:05:00 PM,252 Event OK
3/08/2020 9:05:01 PM,EVENT 53894 1596467874 0/0/0/0/3 INPUT 3 1 0 v:122
3/08/2020 9:05:01 PM,252 Event OK
3/08/2020 9:05:01 PM,EVENT 53895 1596467910 0/0/0/0/10 INPUT 3 0 36 v:122
3/08/2020 9:05:01 PM,252 Event OK
3/08/2020 9:05:02 PM,EVENT 53896 1596467940 0/0/0/0/2 INPUT 3 1 0 v:121
3/08/2020 9:05:02 PM,252 Event OK
3/08/2020 9:05:03 PM,EVENT 53897 1596467996 0/0/0/0/24 ENGINEOVERSPEED 53881 7 8612 v:122
3/08/2020 9:05:03 PM,252 Event OK
3/08/2020 9:05:04 PM,EVENT 53898 1596468020 0/0/0/0/24 IMPACT 53881 8 0 0 0 8 0 - v:121
3/08/2020 9:05:04 PM,252 Event OK
3/08/2020 9:05:05 PM,EVENT 53899 1596468421 0/0/0/0/9 INPUT 3 0 482 v:121
3/08/2020 9:05:05 PM,252 Event OK
3/08/2020 9:05:06 PM,EVENT 53900 1596468423 0/0/0/0/5 INPUT 7 1 0 v:121
3/08/2020 9:05:06 PM,252 Event OK
3/08/2020 9:05:07 PM,EVENT 53901 1596468423 0/0/0/0/5 INPUT 8 0 852 v:121
3/08/2020 9:05:07 PM,252 Event OK
3/08/2020 9:05:08 PM,EVENT 53902 1596468424 0/0/0/0/4 INPUT 1 1 0 v:121
3/08/2020 9:05:08 PM,252 Event OK
3/08/2020 9:05:09 PM,EVENT 53903 1596468425 0/0/0/0/0 INPUT 4 0 837 v:121
3/08/2020 9:05:09 PM,252 Event OK
3/08/2020 9:05:09 PM,EVENT 53904 1596468427 0/0/0/0/0 ENGINEOVERSPEED 53881 14 6153 v:121
3/08/2020 9:05:09 PM,252 Event OK
3/08/2020 9:05:10 PM,EVENT 53905 1596468428 0/0/0/0/0 TRIP 53881 598 243 9 6 850 v:121
3/08/2020 9:05:10 PM,252 Event OK
3/08/2020 9:05:11 PM,EVENT 53906 1596468428 0/0/0/0/0 TRIPSUMMARY 53881 v:121
3/08/2020 9:05:11 PM,252 Event OK
3/08/2020 9:05:12 PM,EVENT 53907 1596468645 0/0/0/0/0 INPUT 7 0 222 v:121
3/08/2020 9:05:12 PM,252 Event OK
3/08/2020 9:05:13 PM,EVENT 53908 1596468645 0/0/0/0/0 INPUT 8 1 0 v:121
3/08/2020 9:05:13 PM,252 Event OK
3/08/2020 9:05:14 PM,EVENT 53909 1596468649 0/0/0/0/0 SIGNON * 0 NOCARD 26 0 182222 v:121
3/08/2020 9:05:14 PM,252 Event OK
3/08/2020 9:05:15 PM,EVENT 53910 1596468658 0/0/0/0/0 SIGNON 2521 03cffbfc OK 26 180201 0 v:121
3/08/2020 9:05:15 PM,252 Event OK
3/08/2020 9:05:15 PM,EVENT 53911 1596468664 0/0/0/0/0 INPUT 3 1 0 v:122
3/08/2020 9:05:15 PM,252 Event OK
3/08/2020 9:05:16 PM,EVENT 53912 1596468664 0/0/0/0/0 INPUT 4 1 0 v:122
3/08/2020 9:05:16 PM,252 Event OK
3/08/2020 9:05:17 PM,EVENT 53913 1596468665 0/0/0/0/20 INPUT 1 0 241 v:122
3/08/2020 9:05:17 PM,252 Event OK
3/08/2020 9:05:18 PM,EVENT 53914 1596468665 0/0/0/0/26 INPUT 3 0 2 v:122
3/08/2020 9:05:18 PM,252 Event OK
3/08/2020 9:05:19 PM,EVENT 53915 1596468669 0/0/0/0/2 INPUT 3 1 0 v:121
3/08/2020 9:05:19 PM,252 Event OK
3/08/2020 9:05:19 PM,EVENT 53916 1596468669 0/0/0/0/2 REPORT 53910 0 0 v:121
3/08/2020 9:05:19 PM,252 Event OK
3/08/2020 9:05:20 PM,EVENT 53917 1596468678 0/0/0/0/11 INPUT 3 0 9 v:121
3/08/2020 9:05:20 PM,252 Event OK
3/08/2020 9:05:21 PM,EVENT 53918 1596468678 0/0/0/0/9 INPUT 7 1 0 v:121
3/08/2020 9:05:21 PM,252 Event OK
3/08/2020 9:05:22 PM,EVENT 53919 1596468678 0/0/0/0/9 INPUT 8 0 34 v:121
3/08/2020 9:05:22 PM,252 Event OK
3/08/2020 9:05:22 PM,EVENT 53920 1596468679 0/0/0/0/7 INPUT 1 1 0 v:121
3/08/2020 9:05:22 PM,252 Event OK
3/08/2020 9:05:23 PM,EVENT 53921 1596468680 0/0/0/0/2 INPUT 4 0 17 v:121
3/08/2020 9:05:23 PM,252 Event OK
3/08/2020 9:05:24 PM,EVENT 53922 1596468683 0/0/0/0/0 TRIP 53910 11 6 8 5 25 v:121
3/08/2020 9:05:24 PM,252 Event OK
3/08/2020 9:05:25 PM,EVENT 53923 1596468943 0/0/0/0/0 INPUT 8 1 0 v:121
3/08/2020 9:05:25 PM,252 Event OK
3/08/2020 9:05:25 PM,EVENT 53924 1596468944 0/0/0/0/0 INPUT 7 0 265 v:121
3/08/2020 9:05:25 PM,252 Event OK
3/08/2020 9:05:26 PM,EVENT 53925 1596468952 0/0/0/0/0 SIGNON 2521 03cffbfc OK 26 180201 0 v:121
3/08/2020 9:05:26 PM,252 Event OK
3/08/2020 9:05:27 PM,EVENT 53926 1596468957 0/0/0/0/0 INPUT 4 1 0 v:122
3/08/2020 9:05:27 PM,252 Event OK
3/08/2020 9:05:28 PM,EVENT 53927 1596468958 0/0/0/0/0 INPUT 1 0 279 v:122
3/08/2020 9:05:28 PM,252 Event OK
3/08/2020 9:05:28 PM,EVENT 53928 1596468974 0/0/0/0/6 INPUT 3 1 0 v:121
3/08/2020 9:05:28 PM,252 Event OK
3/08/2020 9:05:29 PM,EVENT 53929 1596469032 0/0/0/0/22 INPUT 3 0 57 v:121
3/08/2020 9:05:29 PM,252 Event OK
3/08/2020 9:05:30 PM,EVENT 53930 1596469037 0/0/0/0/6 ENGINEOVERSPEED 53925 37 9285 v:122
3/08/2020 9:05:30 PM,252 Event OK
3/08/2020 9:05:30 PM,EVENT 53931 1596469059 0/0/0/0/2 INPUT 3 1 0 v:121
3/08/2020 9:05:30 PM,252 Event OK
3/08/2020 9:05:31 PM,EVENT 53932 1596469091 0/0/0/0/27 ENGINEOVERSPEED 53925 16 3926 v:121
3/08/2020 9:05:31 PM,252 Event OK
3/08/2020 9:05:32 PM,EVENT 53933 1596469097 0/0/0/0/11 INPUT 3 0 39 v:121
3/08/2020 9:05:32 PM,252 Event OK
3/08/2020 9:05:33 PM,EVENT 53934 1596469098 0/0/0/0/4 INPUT 4 0 141 v:121
3/08/2020 9:05:33 PM,252 Event OK
3/08/2020 9:05:33 PM,EVENT 53935 1596469098 0/0/0/0/3 INPUT 4 1 0 v:121
3/08/2020 9:05:33 PM,252 Event OK
3/08/2020 9:05:34 PM,EVENT 53936 1596469262 0/0/0/0/0 INPUT 3 1 0 v:121
3/08/2020 9:05:34 PM,252 Event OK
3/08/2020 9:05:35 PM,EVENT 53937 1596469267 0/0/0/0/10 INPUT 3 0 5 v:121
3/08/2020 9:05:35 PM,252 Event OK
3/08/2020 9:05:36 PM,EVENT 53938 1596469361 0/0/0/0/2 INPUT 3 1 0 v:121
3/08/2020 9:05:36 PM,252 Event OK
3/08/2020 9:05:37 PM,EVENT 53939 1596469458 0/0/0/0/26 ENGINEOVERSPEED 53925 14 10060 v:121
3/08/2020 9:05:37 PM,252 Event OK
3/08/2020 9:05:38 PM,EVENT 53940 1596469480 0/0/0/0/26 ENGINEOVERSPEED 53925 10 4119 v:121
3/08/2020 9:05:38 PM,252 Event OK
3/08/2020 9:05:39 PM,EVENT 53941 1596469605 0/0/0/0/11 IMPACT 53925 9 0 0 0 9 0 - v:121
3/08/2020 9:05:39 PM,252 Event OK
3/08/2020 9:05:39 PM,EVENT 53942 1596469605 0/0/0/0/10 INPUT 3 0 245 v:121
3/08/2020 9:05:39 PM,252 Event OK
3/08/2020 9:05:40 PM,EVENT 53943 1596469720 0/0/0/0/0 INPUT 3 1 0 v:122
3/08/2020 9:05:40 PM,252 Event OK
3/08/2020 9:05:41 PM,EVENT 53944 1596469721 0/0/0/0/17 INPUT 3 0 1 v:122
3/08/2020 9:05:41 PM,252 Event OK
3/08/2020 9:05:41 PM,EVENT 53945 1596469723 0/0/0/0/5 INPUT 3 1 0 v:122
3/08/2020 9:05:41 PM,252 Event OK
3/08/2020 9:05:41 PM,EVENT 53946 1596469730 0/0/0/0/12 INPUT 3 0 7 v:122
3/08/2020 9:05:41 PM,252 Event OK
3/08/2020 9:05:41 PM,EVENT 53947 1596469842 0/0/0/0/4 INPUT 3 1 0 v:122
3/08/2020 9:05:41 PM,252 Event OK
3/08/2020 9:05:41 PM,EVENT 53948 1596469897 0/0/0/0/13 INPUT 3 0 54 v:121
3/08/2020 9:05:41 PM,252 Event OK
3/08/2020 9:05:42 PM,EVENT 53949 1596469898 0/0/0/0/7 INPUT 3 1 0 v:122
3/08/2020 9:05:42 PM,252 Event OK
3/08/2020 9:05:42 PM,EVENT 53950 1596469904 0/0/0/0/10 INPUT 3 0 6 v:121
3/08/2020 9:05:42 PM,252 Event OK
3/08/2020 9:05:42 PM,EVENT 53951 1596469909 0/0/0/0/3 INPUT 4 0 811 v:121
3/08/2020 9:05:42 PM,252 Event OK
3/08/2020 9:05:42 PM,EVENT 53952 1596469909 0/0/0/0/3 INPUT 4 1 0 v:121
3/08/2020 9:05:42 PM,252 Event OK
3/08/2020 9:05:43 PM,EVENT 53953 1596469930 0/0/0/0/5 INPUT 3 1 0 v:121
3/08/2020 9:05:43 PM,252 Event OK
3/08/2020 9:05:43 PM,EVENT 53954 1596470075 0/0/0/0/22 ENGINEOVERSPEED 53925 100 6860 v:121
3/08/2020 9:05:43 PM,252 Event OK
3/08/2020 9:05:43 PM,EVENT 53955 1596470127 0/0/0/0/18 ENGINEOVERSPEED 53925 40 7925 v:121
3/08/2020 9:05:43 PM,252 Event OK
3/08/2020 9:05:43 PM,EVENT 53956 1596470167 0/0/0/0/22 ENGINEOVERSPEED 53925 31 7901 v:121
3/08/2020 9:05:43 PM,252 Event OK
3/08/2020 9:05:44 PM,EVENT 53957 1596470221 0/0/0/0/22 ENGINEOVERSPEED 53925 46 7764 v:121
3/08/2020 9:05:44 PM,252 Event OK
3/08/2020 9:05:45 PM,EVENT 53958 1596470252 0/0/0/0/10 INPUT 3 0 322 v:121
3/08/2020 9:05:45 PM,252 Event OK
3/08/2020 9:05:45 PM,EVENT 53959 1596470253 0/0/0/0/5 INPUT 7 1 0 v:121
3/08/2020 9:05:45 PM,252 Event OK
3/08/2020 9:05:45 PM,EVENT 53960 1596470253 0/0/0/0/5 INPUT 8 0 1310 v:121
3/08/2020 9:05:45 PM,252 Event OK
3/08/2020 9:05:46 PM,EVENT 53961 1596470254 0/0/0/0/3 INPUT 1 1 0 v:121
3/08/2020 9:05:46 PM,252 Event OK
3/08/2020 9:05:46 PM,EVENT 53962 1596470255 0/0/0/0/0 INPUT 4 0 346 v:121
3/08/2020 9:05:46 PM,252 Event OK
3/08/2020 9:05:47 PM,EVENT 53963 1596470257 0/0/0/0/0 ENGINEOVERSPEED 53925 26 7682 v:121
3/08/2020 9:05:47 PM,252 Event OK
3/08/2020 9:05:47 PM,EVENT 53964 1596470258 0/0/0/0/0 TRIP 53925 736 562 9 6 1307 v:121
3/08/2020 9:05:47 PM,252 Event OK
3/08/2020 9:05:47 PM,EVENT 53965 1596470258 0/0/0/0/0 TRIPSUMMARY 53925 v:121
3/08/2020 9:05:47 PM,252 Event OK
3/08/2020 9:05:48 PM,EVENT 53966 1596470674 0/0/0/0/0 INPUT 8 1 0 v:121
3/08/2020 9:05:48 PM,252 Event OK
3/08/2020 9:05:48 PM,EVENT 53967 1596470674 0/0/0/0/0 INPUT 7 0 420 v:121
3/08/2020 9:05:48 PM,252 Event OK
3/08/2020 9:05:48 PM,EVENT 53968 1596470678 0/0/0/0/0 SIGNON * 0 NOCARD 26 0 182222 v:121
3/08/2020 9:05:48 PM,252 Event OK
3/08/2020 9:05:49 PM,EVENT 53969 1596470688 0/0/0/0/0 SIGNON 2521 03cffbfc OK 26 180201 0 v:121
3/08/2020 9:05:49 PM,252 Event OK
3/08/2020 9:05:49 PM,EVENT 53970 1596470693 0/0/0/0/5 INPUT 3 1 0 v:122
3/08/2020 9:05:49 PM,252 Event OK
3/08/2020 9:05:51 PM,EVENT 53971 1596470693 0/0/0/0/6 INPUT 7 1 0 v:122
3/08/2020 9:05:51 PM,252 Event OK
3/08/2020 9:05:51 PM,EVENT 53972 1596470694 0/0/0/0/8 INPUT 7 0 0 v:122
3/08/2020 9:05:51 PM,252 Event OK
3/08/2020 9:05:51 PM,EVENT 53973 1596470694 0/0/0/0/9 INPUT 4 1 0 v:122
3/08/2020 9:05:51 PM,252 Event OK
3/08/2020 9:05:52 PM,EVENT 53974 1596470694 0/0/0/0/10 INPUT 1 0 441 v:122
3/08/2020 9:05:52 PM,252 Event OK
3/08/2020 9:05:54 PM,EVENT 53975 1596470715 0/0/0/0/10 INPUT 3 0 22 v:122
3/08/2020 9:05:54 PM,252 Event OK
3/08/2020 9:05:55 PM,EVENT 53976 1596470721 0/0/0/0/8 INPUT 3 1 0 v:122
3/08/2020 9:05:55 PM,252 Event OK
3/08/2020 9:05:56 PM,EVENT 53977 1596470723 0/0/0/0/9 INPUT 3 0 1 v:122
3/08/2020 9:05:56 PM,252 Event OK
3/08/2020 9:05:56 PM,EVENT 53978 1596470726 0/0/0/0/4 INPUT 3 1 0 v:122
3/08/2020 9:05:56 PM,252 Event OK
3/08/2020 9:05:57 PM,EVENT 53979 1596470743 0/0/0/0/23 REPORT 53969 0 0 v:122
3/08/2020 9:05:57 PM,252 Event OK
3/08/2020 9:05:57 PM,EVENT 53980 1596470749 0/0/0/0/11 ENGINEOVERSPEED 53969 9 3720 v:122
3/08/2020 9:05:57 PM,252 Event OK
3/08/2020 9:05:57 PM,EVENT 53981 1596470749 0/0/0/0/11 INPUT 3 0 24 v:121
3/08/2020 9:05:57 PM,252 Event OK
3/08/2020 9:05:58 PM,EVENT 53982 1596470751 0/0/0/0/6 INPUT 7 1 0 v:122
3/08/2020 9:05:58 PM,252 Event OK
3/08/2020 9:05:59 PM,EVENT 53983 1596470751 0/0/0/0/6 INPUT 8 0 77 v:122
3/08/2020 9:05:59 PM,252 Event OK
3/08/2020 9:06:00 PM,EVENT 53984 1596470752 0/0/0/0/5 INPUT 1 1 0 v:122
3/08/2020 9:06:00 PM,252 Event OK
3/08/2020 9:06:00 PM,EVENT 53985 1596470752 0/0/0/0/2 INPUT 4 0 59 v:121
3/08/2020 9:06:00 PM,252 Event OK
3/08/2020 9:06:00 PM,EVENT 53986 1596470755 0/0/0/0/0 TRIP 53969 47 13 8 5 68 v:121
3/08/2020 9:06:00 PM,252 Event OK
3/08/2020 9:06:00 PM,EVENT 53987 1596470755 0/0/0/0/0 TRIPSUMMARY 53969 v:121
3/08/2020 9:06:00 PM,252 Event OK
3/08/2020 9:06:01 PM,EVENT 53988 1596470820 0/0/0/0/0 INPUT 8 1 0 v:121
3/08/2020 9:06:01 PM,252 Event OK
3/08/2020 9:06:01 PM,EVENT 53989 1596470821 0/0/0/0/0 INPUT 7 0 70 v:121
3/08/2020 9:06:01 PM,252 Event OK
3/08/2020 9:06:01 PM,EVENT 53990 1596470829 0/0/0/0/0 SIGNON 2521 03cffbfc OK 26 180201 0 v:122
3/08/2020 9:06:01 PM,252 Event OK
3/08/2020 9:06:01 PM,EVENT 53991 1596470845 0/0/0/0/0 INPUT 7 1 0 v:123
3/08/2020 9:06:01 PM,252 Event OK
3/08/2020 9:06:02 PM,EVENT 53992 1596470845 0/0/0/0/0 INPUT 4 1 0 v:123
3/08/2020 9:06:02 PM,252 Event OK
3/08/2020 9:06:02 PM,EVENT 53993 1596470845 0/0/0/0/0 INPUT 7 0 0 v:123
3/08/2020 9:06:02 PM,252 Event OK
3/08/2020 9:06:02 PM,EVENT 53994 1596470846 0/0/0/0/0 INPUT 1 0 94 v:122
3/08/2020 9:06:02 PM,252 Event OK
3/08/2020 9:06:02 PM,EVENT 53995 1596470850 0/0/0/0/4 INPUT 3 1 0 v:122
3/08/2020 9:06:02 PM,252 Event OK
3/08/2020 9:06:03 PM,EVENT 53996 1596470929 0/0/0/0/12 INPUT 7 1 0 v:122
3/08/2020 9:06:03 PM,252 Event OK
3/08/2020 9:06:03 PM,EVENT 53997 1596470929 0/0/0/0/12 INPUT 8 0 108 v:122
3/08/2020 9:06:03 PM,252 Event OK
3/08/2020 9:06:03 PM,EVENT 53998 1596470929 0/0/0/0/12 INPUT 3 0 80 v:122
3/08/2020 9:06:03 PM,252 Event OK
3/08/2020 9:06:04 PM,EVENT 53999 1596470930 0/0/0/0/9 INPUT 1 1 0 v:122
3/08/2020 9:06:04 PM,252 Event OK
3/08/2020 9:06:04 PM,EVENT 54000 1596470930 0/0/0/0/4 INPUT 4 0 86 v:122
3/08/2020 9:06:04 PM,252 Event OK
3/08/2020 9:06:04 PM,EVENT 54001 1596470933 0/0/0/0/0 TRIP 53990 80 6 19 16 105 v:121
3/08/2020 9:06:04 PM,252 Event OK
3/08/2020 9:06:04 PM,EVENT 54002 1596470973 0/0/0/0/0 INPUT 8 1 0 v:122
3/08/2020 9:06:04 PM,252 Event OK
3/08/2020 9:06:04 PM,EVENT 54003 1596470974 0/0/0/0/0 INPUT 7 0 45 v:122
3/08/2020 9:06:04 PM,252 Event OK
3/08/2020 9:06:05 PM,EVENT 54004 1596470981 0/0/0/0/0 SIGNON 2521 03cffbfc OK 26 180201 0 v:122
3/08/2020 9:06:05 PM,252 Event OK
3/08/2020 9:06:05 PM,EVENT 54005 1596470986 0/0/0/0/0 INPUT 4 1 0 v:122
3/08/2020 9:06:05 PM,252 Event OK
3/08/2020 9:06:05 PM,EVENT 54006 1596470988 0/0/0/0/0 INPUT 1 0 58 v:122
3/08/2020 9:06:05 PM,252 Event OK
3/08/2020 9:06:05 PM,EVENT 54007 1596471008 0/0/0/0/4 INPUT 3 1 0 v:122
3/08/2020 9:06:05 PM,252 Event OK
3/08/2020 9:06:05 PM,EVENT 54008 1596471118 0/0/0/0/17 INPUT 3 0 109 v:121
3/08/2020 9:06:05 PM,252 Event OK
3/08/2020 9:06:06 PM,EVENT 54009 1596471120 0/0/0/0/2 ENGINEOVERSPEED 54004 22 7096 v:121
3/08/2020 9:06:06 PM,252 Event OK
3/08/2020 9:06:06 PM,EVENT 54010 1596471141 0/0/0/0/2 INPUT 3 1 0 v:122
3/08/2020 9:06:06 PM,252 Event OK
3/08/2020 9:06:06 PM,EVENT 54011 1596471182 0/0/0/0/22 ENGINEOVERSPEED 54004 18 3551 v:121
3/08/2020 9:06:06 PM,252 Event OK
3/08/2020 9:06:06 PM,EVENT 54012 1596471276 0/0/0/0/22 ENGINEOVERSPEED 54004 51 4163 v:121
3/08/2020 9:06:06 PM,252 Event OK
3/08/2020 9:06:06 PM,EVENT 54013 1596471359 0/0/0/0/21 ENGINEOVERSPEED 54004 34 3853 v:121
3/08/2020 9:06:06 PM,252 Event OK
3/08/2020 9:06:07 PM,EVENT 54014 1596471452 0/0/0/0/22 ENGINEOVERSPEED 54004 55 6020 v:121
3/08/2020 9:06:07 PM,252 Event OK
3/08/2020 9:06:07 PM,EVENT 54015 1596471500 0/0/0/0/12 INPUT 3 0 359 v:121
3/08/2020 9:06:07 PM,252 Event OK
3/08/2020 9:06:07 PM,EVENT 54016 1596471503 0/0/0/0/5 ENGINEOVERSPEED 54004 17 6281 v:121
3/08/2020 9:06:07 PM,252 Event OK
3/08/2020 9:06:07 PM,EVENT 54017 1596471520 0/0/0/0/0 INPUT 4 0 534 v:121
3/08/2020 9:06:07 PM,252 Event OK
3/08/2020 9:06:07 PM,EVENT 54018 1596471521 0/0/0/0/0 INPUT 4 1 0 v:121
3/08/2020 9:06:07 PM,252 Event OK
3/08/2020 9:06:08 PM,EVENT 54019 1596471525 0/0/0/0/5 INPUT 4 0 5 v:121
3/08/2020 9:06:08 PM,252 Event OK
3/08/2020 9:06:08 PM,EVENT 54020 1596471526 0/0/0/0/4 INPUT 4 1 0 v:121
3/08/2020 9:06:08 PM,252 Event OK
3/08/2020 9:06:08 PM,EVENT 54021 1596471527 0/0/0/0/3 INPUT 3 1 0 v:121
3/08/2020 9:06:08 PM,252 Event OK
3/08/2020 9:06:08 PM,EVENT 54022 1596471613 0/0/0/0/22 ENGINEOVERSPEED 54004 37 8242 v:121
3/08/2020 9:06:08 PM,252 Event OK
3/08/2020 9:06:09 PM,EVENT 54023 1596471620 0/0/0/0/12 IMPACT 54004 8 0 0 0 8 0 - v:121
3/08/2020 9:06:09 PM,252 Event OK
3/08/2020 9:06:09 PM,EVENT 54024 1596471621 0/0/0/0/10 INPUT 7 1 0 v:121
3/08/2020 9:06:09 PM,252 Event OK
3/08/2020 9:06:09 PM,EVENT 54025 1596471621 0/0/0/0/10 INPUT 8 0 648 v:121
3/08/2020 9:06:09 PM,252 Event OK
3/08/2020 9:06:09 PM,EVENT 54026 1596471622 0/0/0/0/9 INPUT 1 1 0 v:121
3/08/2020 9:06:09 PM,252 Event OK
3/08/2020 9:06:09 PM,EVENT 54027 1596471622 0/0/0/0/9 INPUT 3 0 95 v:121
3/08/2020 9:06:09 PM,252 Event OK
3/08/2020 9:06:10 PM,EVENT 54028 1596471623 0/0/0/0/3 INPUT 4 0 98 v:121
3/08/2020 9:06:10 PM,252 Event OK
3/08/2020 9:06:10 PM,EVENT 54029 1596471626 0/0/0/0/0 TRIP 54004 564 73 9 6 646 v:121
3/08/2020 9:06:10 PM,252 Event OK
3/08/2020 9:06:10 PM,EVENT 54030 1596471626 0/0/0/0/0 TRIPSUMMARY 54004 v:121
3/08/2020 9:06:10 PM,252 Event OK
3/08/2020 9:06:10 PM,EVENT 54031 1596471692 0/0/0/0/0 INPUT 8 1 0 v:121
3/08/2020 9:06:10 PM,252 Event OK
3/08/2020 9:06:11 PM,EVENT 54032 1596471693 0/0/0/0/0 INPUT 7 0 71 v:121
3/08/2020 9:06:11 PM,252 Event OK
3/08/2020 9:06:11 PM,EVENT 54033 1596471699 0/0/0/0/0 SIGNON 2521 03cffbfc OK 26 180201 0 v:121
3/08/2020 9:06:11 PM,252 Event OK
3/08/2020 9:06:11 PM,EVENT 54034 1596471704 0/0/0/0/0 INPUT 7 1 0 v:122
3/08/2020 9:06:11 PM,252 Event OK
3/08/2020 9:06:11 PM,EVENT 54035 1596471704 0/0/0/0/0 INPUT 7 0 0 v:122
3/08/2020 9:06:11 PM,252 Event OK
3/08/2020 9:06:11 PM,EVENT 54036 1596471705 0/0/0/0/0 INPUT 1 0 83 v:122
3/08/2020 9:06:11 PM,252 Event OK
3/08/2020 9:06:12 PM,EVENT 54037 1596471705 0/0/0/0/0 INPUT 4 1 0 v:122
3/08/2020 9:06:12 PM,252 Event OK
3/08/2020 9:06:12 PM,EVENT 54038 1596471715 0/0/0/0/7 INPUT 3 1 0 v:122
3/08/2020 9:06:12 PM,252 Event OK
3/08/2020 9:06:12 PM,EVENT 54039 1596471718 0/0/0/0/9 INPUT 3 0 2 v:122
3/08/2020 9:06:12 PM,252 Event OK
3/08/2020 9:06:12 PM,EVENT 54040 1596471732 0/0/0/0/5 INPUT 7 1 0 v:122
3/08/2020 9:06:12 PM,252 Event OK
3/08/2020 9:06:12 PM,EVENT 54041 1596471732 0/0/0/0/5 INPUT 8 0 40 v:122
3/08/2020 9:06:12 PM,252 Event OK
3/08/2020 9:06:13 PM,EVENT 54042 1596471732 0/0/0/0/5 INPUT 1 1 0 v:122
3/08/2020 9:06:13 PM,252 Event OK
3/08/2020 9:06:13 PM,EVENT 54043 1596471734 0/0/0/0/1 INPUT 4 0 30 v:122
3/08/2020 9:06:13 PM,252 Event OK
3/08/2020 9:06:13 PM,EVENT 54044 1596471736 0/0/0/0/0 TRIP 54033 2 28 8 6 38 v:122
3/08/2020 9:06:13 PM,252 Event OK
3/08/2020 9:06:13 PM,EVENT 54045 1596472188 0/0/0/0/0 INPUT 8 1 0 v:122
3/08/2020 9:06:13 PM,252 Event OK
3/08/2020 9:06:14 PM,EVENT 54046 1596472188 0/0/0/0/0 INPUT 7 0 457 v:122
3/08/2020 9:06:14 PM,252 Event OK
3/08/2020 9:06:14 PM,EVENT 54047 1596472195 0/0/0/0/0 SIGNON 2521 03cffbfc OK 26 180201 0 v:122
3/08/2020 9:06:14 PM,252 Event OK
3/08/2020 9:06:14 PM,EVENT 54048 1596472201 0/0/0/0/0 INPUT 7 1 0 v:122
3/08/2020 9:06:14 PM,252 Event OK
3/08/2020 9:06:14 PM,EVENT 54049 1596472201 0/0/0/0/0 INPUT 7 0 0 v:122
3/08/2020 9:06:14 PM,252 Event OK
3/08/2020 9:06:14 PM,EVENT 54050 1596472201 0/0/0/0/0 INPUT 4 1 0 v:122
3/08/2020 9:06:14 PM,252 Event OK
3/08/2020 9:06:15 PM,EVENT 54051 1596472202 0/0/0/0/0 INPUT 1 0 469 v:122
3/08/2020 9:06:15 PM,252 Event OK
3/08/2020 9:06:15 PM,EVENT 54052 1596472204 0/0/0/0/4 INPUT 3 1 0 v:122
3/08/2020 9:06:15 PM,252 Event OK
3/08/2020 9:06:15 PM,EVENT 54053 1596472215 0/0/0/0/11 INPUT 3 0 12 v:122
3/08/2020 9:06:15 PM,252 Event OK
3/08/2020 9:06:15 PM,EVENT 54054 1596472223 0/0/0/0/5 INPUT 3 1 0 v:122
3/08/2020 9:06:15 PM,252 Event OK
3/08/2020 9:06:15 PM,EVENT 54055 1596472235 0/0/0/0/16 INPUT 3 0 12 v:122
3/08/2020 9:06:15 PM,252 Event OK
3/08/2020 9:06:16 PM,EVENT 54056 1596472386 0/0/0/0/0 INPUT 7 1 0 v:122
3/08/2020 9:06:16 PM,252 Event OK
3/08/2020 9:06:16 PM,EVENT 54057 1596472386 0/0/0/0/0 INPUT 8 0 197 v:122
3/08/2020 9:06:16 PM,252 Event OK
3/08/2020 9:06:16 PM,EVENT 54058 1596472386 0/0/0/0/0 INPUT 1 1 0 v:122
3/08/2020 9:06:16 PM,252 Event OK
3/08/2020 9:06:16 PM,EVENT 54059 1596472387 0/0/0/0/0 INPUT 4 0 186 v:122
3/08/2020 9:06:16 PM,252 Event OK
3/08/2020 9:06:16 PM,EVENT 54060 1596472390 0/0/0/0/0 TRIP 54047 24 162 9 6 195 v:122
3/08/2020 9:06:16 PM,252 Event OK
3/08/2020 9:06:17 PM,EVENT 54061 1596472477 0/0/0/0/0 INPUT 8 1 0 v:122
3/08/2020 9:06:17 PM,252 Event OK
3/08/2020 9:06:17 PM,EVENT 54062 1596472477 0/0/0/0/0 INPUT 7 0 91 v:122
3/08/2020 9:06:17 PM,252 Event OK
3/08/2020 9:06:17 PM,EVENT 54063 1596472484 0/0/0/0/0 SIGNON 2521 03cffbfc OK 26 180201 0 v:122
3/08/2020 9:06:17 PM,252 Event OK
3/08/2020 9:06:17 PM,EVENT 54064 1596472490 0/0/0/0/0 INPUT 7 1 0 v:122
3/08/2020 9:06:17 PM,252 Event OK
3/08/2020 9:06:17 PM,EVENT 54065 1596472490 0/0/0/0/0 INPUT 4 1 0 v:122
3/08/2020 9:06:17 PM,252 Event OK
3/08/2020 9:06:18 PM,EVENT 54066 1596472490 0/0/0/0/0 INPUT 7 0 0 v:122
3/08/2020 9:06:18 PM,252 Event OK
3/08/2020 9:06:18 PM,EVENT 54067 1596472490 0/0/0/0/0 INPUT 1 0 104 v:122
3/08/2020 9:06:18 PM,252 Event OK
3/08/2020 9:06:18 PM,EVENT 54068 1596472499 0/0/0/0/1 INPUT 4 0 10 v:122
3/08/2020 9:06:18 PM,252 Event OK
3/08/2020 9:06:18 PM,EVENT 54069 1596472499 0/0/0/0/1 INPUT 4 1 0 v:122
3/08/2020 9:06:18 PM,252 Event OK
3/08/2020 9:06:19 PM,EVENT 54070 1596472573 0/0/0/0/0 REPORT 54063 0 0 v:122
3/08/2020 9:06:19 PM,252 Event OK
3/08/2020 9:06:19 PM,EVENT 54071 1596472809 0/0/0/99/6 INPUT 3 1 0 v:122
3/08/2020 9:06:19 PM,252 Event OK
3/08/2020 9:06:19 PM,EVENT 54072 1596472819 0/0/0/0/10 INPUT 3 0 11 v:122
3/08/2020 9:06:19 PM,252 Event OK
3/08/2020 9:06:19 PM,EVENT 54073 1596472822 0/0/0/0/5 INPUT 3 1 0 v:122
3/08/2020 9:06:19 PM,252 Event OK
3/08/2020 9:06:19 PM,EVENT 54074 1596472878 0/0/0/0/10 INPUT 3 0 57 v:122
3/08/2020 9:06:19 PM,252 Event OK
3/08/2020 9:06:20 PM,EVENT 54075 1596472880 0/0/0/0/4 ENGINEOVERSPEED 54063 50 10830 v:122
3/08/2020 9:06:20 PM,252 Event OK
3/08/2020 9:06:20 PM,EVENT 54076 1596472966 0/0/0/0/0 INPUT 4 0 467 v:122
3/08/2020 9:06:20 PM,252 Event OK
3/08/2020 9:06:20 PM,EVENT 54077 1596472967 0/0/0/0/0 INPUT 4 1 0 v:122
3/08/2020 9:06:20 PM,252 Event OK
3/08/2020 9:06:20 PM,EVENT 54078 1596472999 0/0/0/0/4 INPUT 4 0 33 v:121
3/08/2020 9:06:20 PM,252 Event OK
3/08/2020 9:06:20 PM,EVENT 54079 1596472999 0/0/0/0/4 INPUT 4 1 0 v:121
3/08/2020 9:06:20 PM,252 Event OK
3/08/2020 9:06:21 PM,EVENT 54080 1596473056 0/0/0/0/8 INPUT 3 1 0 v:121
3/08/2020 9:06:21 PM,252 Event OK
3/08/2020 9:06:21 PM,EVENT 54081 1596473057 0/0/0/0/9 INPUT 3 0 1 v:121
3/08/2020 9:06:21 PM,252 Event OK
3/08/2020 9:06:21 PM,EVENT 54082 1596473060 0/0/0/0/0 INPUT 7 1 0 v:121
3/08/2020 9:06:21 PM,252 Event OK
3/08/2020 9:06:21 PM,EVENT 54083 1596473060 0/0/0/0/0 INPUT 8 0 583 v:121
3/08/2020 9:06:21 PM,252 Event OK
3/08/2020 9:06:21 PM,EVENT 54084 1596473060 0/0/0/0/0 INPUT 1 1 0 v:121
3/08/2020 9:06:21 PM,252 Event OK
3/08/2020 9:06:22 PM,EVENT 54085 1596473062 0/0/0/0/0 INPUT 4 0 63 v:121
3/08/2020 9:06:22 PM,252 Event OK
3/08/2020 9:06:22 PM,EVENT 54086 1596473064 0/0/0/0/0 TRIP 54063 69 504 7 5 580 v:121
3/08/2020 9:06:22 PM,252 Event OK
3/08/2020 9:06:22 PM,EVENT 54087 1596473064 0/0/0/0/0 TRIPSUMMARY 54063 v:121
3/08/2020 9:06:22 PM,252 Event OK
3/08/2020 9:06:22 PM,EVENT 54088 1596473477 0/0/0/0/0 INPUT 8 1 0 v:121
3/08/2020 9:06:22 PM,252 Event OK
3/08/2020 9:06:22 PM,EVENT 54089 1596473478 0/0/0/0/0 INPUT 7 0 418 v:121
3/08/2020 9:06:22 PM,252 Event OK
3/08/2020 9:06:23 PM,EVENT 54090 1596473485 0/0/0/0/0 SIGNON 2521 03cffbfc OK 26 180201 0 v:121
3/08/2020 9:06:23 PM,252 Event OK
3/08/2020 9:06:23 PM,EVENT 54091 1596473491 0/0/0/0/0 INPUT 4 1 0 v:122
3/08/2020 9:06:23 PM,252 Event OK
3/08/2020 9:06:23 PM,EVENT 54092 1596473491 0/0/0/0/0 INPUT 1 0 431 v:122
3/08/2020 9:06:23 PM,252 Event OK
3/08/2020 9:06:23 PM,EVENT 54093 1596473506 0/0/0/0/4 INPUT 3 1 0 v:121
3/08/2020 9:06:23 PM,252 Event OK
3/08/2020 9:06:24 PM,EVENT 54094 1596473512 0/0/0/0/11 INPUT 3 0 5 v:121
3/08/2020 9:06:24 PM,252 Event OK
3/08/2020 9:06:24 PM,EVENT 54095 1596473561 0/0/0/0/0 INPUT 4 0 70 v:121
3/08/2020 9:06:24 PM,252 Event OK
3/08/2020 9:06:24 PM,EVENT 54096 1596473561 0/0/0/0/0 INPUT 4 1 0 v:121
3/08/2020 9:06:24 PM,252 Event OK
3/08/2020 9:06:24 PM,EVENT 54097 1596473588 0/0/0/0/0 INPUT 4 0 27 v:122
3/08/2020 9:06:24 PM,252 Event OK
3/08/2020 9:06:24 PM,EVENT 54098 1596473589 0/0/0/0/0 INPUT 4 1 0 v:122
3/08/2020 9:06:24 PM,252 Event OK
3/08/2020 9:06:25 PM,EVENT 54099 1596473597 0/0/0/0/0 INPUT 4 0 9 v:122
3/08/2020 9:06:25 PM,252 Event OK
3/08/2020 9:06:25 PM,EVENT 54100 1596473598 0/0/0/0/0 INPUT 4 1 0 v:122
3/08/2020 9:06:25 PM,252 Event OK
3/08/2020 9:06:25 PM,EVENT 54101 1596473620 0/0/0/0/0 INPUT 4 0 23 v:122
3/08/2020 9:06:25 PM,252 Event OK
3/08/2020 9:06:25 PM,EVENT 54102 1596473620 0/0/0/0/0 INPUT 4 1 0 v:122
3/08/2020 9:06:25 PM,252 Event OK
3/08/2020 9:06:25 PM,EVENT 54103 1596473634 0/0/0/0/4 INPUT 3 1 0 v:121
3/08/2020 9:06:25 PM,252 Event OK
3/08/2020 9:06:26 PM,EVENT 54104 1596473689 0/0/0/0/12 INPUT 3 0 56 v:121
3/08/2020 9:06:26 PM,252 Event OK
3/08/2020 9:06:26 PM,EVENT 54105 1596473701 0/0/0/0/5 INPUT 7 1 0 v:121
3/08/2020 9:06:26 PM,252 Event OK
3/08/2020 9:06:26 PM,EVENT 54106 1596473701 0/0/0/0/5 INPUT 8 0 225 v:121
3/08/2020 9:06:26 PM,252 Event OK
3/08/2020 9:06:26 PM,EVENT 54107 1596473701 0/0/0/0/5 INPUT 1 1 0 v:121
3/08/2020 9:06:26 PM,252 Event OK
3/08/2020 9:06:27 PM,EVENT 54108 1596473703 0/0/0/0/1 INPUT 4 0 83 v:121
3/08/2020 9:06:27 PM,252 Event OK
3/08/2020 9:06:27 PM,EVENT 54109 1596473706 0/0/0/0/0 TRIP 54090 61 151 10 7 222 v:121
3/08/2020 9:06:27 PM,252 Event OK
3/08/2020 9:06:27 PM,EVENT 54110 1596474052 0/0/0/0/0 INPUT 8 1 0 v:121
3/08/2020 9:06:27 PM,252 Event OK
3/08/2020 9:06:27 PM,EVENT 54111 1596474053 0/0/0/0/0 INPUT 7 0 351 v:121
3/08/2020 9:06:27 PM,252 Event OK
3/08/2020 9:06:27 PM,EVENT 54112 1596474061 0/0/0/0/0 SIGNON 2521 03cffbfc OK 26 180201 0 v:121
3/08/2020 9:06:27 PM,252 Event OK
3/08/2020 9:06:28 PM,EVENT 54113 1596474066 0/0/0/0/0 INPUT 7 1 0 v:122
3/08/2020 9:06:28 PM,252 Event OK
3/08/2020 9:06:28 PM,EVENT 54114 1596474066 0/0/0/0/0 INPUT 7 0 1 v:122
3/08/2020 9:06:28 PM,252 Event OK
3/08/2020 9:06:28 PM,EVENT 54115 1596474067 0/0/0/0/0 INPUT 4 1 0 v:122
3/08/2020 9:06:28 PM,252 Event OK
3/08/2020 9:06:28 PM,EVENT 54116 1596474067 0/0/0/0/0 INPUT 1 0 365 v:122
3/08/2020 9:06:28 PM,252 Event OK
3/08/2020 9:06:29 PM,EVENT 54117 1596474071 0/0/0/0/7 INPUT 3 1 0 v:121
3/08/2020 9:06:29 PM,252 Event OK
3/08/2020 9:06:29 PM,EVENT 54118 1596474073 0/0/0/0/9 INPUT 3 0 1 v:121
3/08/2020 9:06:29 PM,252 Event OK
3/08/2020 9:06:29 PM,EVENT 54119 1596474074 0/0/0/0/8 INPUT 3 1 0 v:121
3/08/2020 9:06:29 PM,252 Event OK
3/08/2020 9:06:29 PM,EVENT 54120 1596474098 0/0/0/0/14 INPUT 3 0 23 v:122
3/08/2020 9:06:29 PM,252 Event OK
3/08/2020 9:06:29 PM,EVENT 54121 1596474105 0/0/0/0/0 INPUT 7 1 0 v:121
3/08/2020 9:06:29 PM,252 Event OK
3/08/2020 9:06:30 PM,EVENT 54122 1596474105 0/0/0/0/0 INPUT 8 0 52 v:121
3/08/2020 9:06:30 PM,252 Event OK
3/08/2020 9:06:30 PM,EVENT 54123 1596474105 0/0/0/0/0 INPUT 1 1 0 v:121
3/08/2020 9:06:30 PM,252 Event OK
3/08/2020 9:06:30 PM,EVENT 54124 1596474107 0/0/0/0/0 INPUT 4 0 41 v:121
3/08/2020 9:06:30 PM,252 Event OK
3/08/2020 9:06:30 PM,EVENT 54125 1596474109 0/0/0/0/0 TRIP 54112 24 17 8 6 49 v:121
3/08/2020 9:06:30 PM,252 Event OK
3/08/2020 9:06:30 PM,EVENT 54126 1596474160 0/0/0/0/0 INPUT 8 1 0 v:121
3/08/2020 9:06:30 PM,252 Event OK
3/08/2020 9:06:31 PM,EVENT 54127 1596474161 0/0/0/0/0 INPUT 7 0 56 v:121
3/08/2020 9:06:31 PM,252 Event OK
3/08/2020 9:06:31 PM,EVENT 54128 1596474168 0/0/0/0/0 SIGNON 2521 03cffbfc OK 26 180201 0 v:121
3/08/2020 9:06:31 PM,252 Event OK
3/08/2020 9:06:31 PM,EVENT 54129 1596474176 0/0/0/0/0 INPUT 7 1 0 v:122
3/08/2020 9:06:31 PM,252 Event OK
3/08/2020 9:06:31 PM,EVENT 54130 1596474177 0/0/0/0/0 INPUT 4 1 0 v:122
3/08/2020 9:06:31 PM,252 Event OK
3/08/2020 9:06:32 PM,EVENT 54131 1596474178 0/0/0/0/0 INPUT 7 0 1 v:122
3/08/2020 9:06:32 PM,252 Event OK
3/08/2020 9:06:32 PM,EVENT 54132 1596474178 0/0/0/0/0 INPUT 1 0 73 v:122
3/08/2020 9:06:32 PM,252 Event OK
3/08/2020 9:06:32 PM,EVENT 54133 1596474182 0/0/0/0/6 INPUT 3 1 0 v:121
3/08/2020 9:06:32 PM,252 Event OK
3/08/2020 9:06:32 PM,EVENT 54134 1596474199 0/0/0/0/12 INPUT 3 0 18 v:122
3/08/2020 9:06:32 PM,252 Event OK
3/08/2020 9:06:32 PM,EVENT 54135 1596474201 0/0/0/0/7 INPUT 3 1 0 v:122
3/08/2020 9:06:32 PM,252 Event OK
3/08/2020 9:06:33 PM,EVENT 54136 1596474231 0/0/0/0/11 INPUT 3 0 31 v:122
3/08/2020 9:06:33 PM,252 Event OK
3/08/2020 9:06:33 PM,EVENT 54137 1596474233 0/0/0/0/4 INPUT 7 1 0 v:122
3/08/2020 9:06:33 PM,252 Event OK
3/08/2020 9:06:33 PM,EVENT 54138 1596474233 0/0/0/0/4 INPUT 8 0 74 v:122
3/08/2020 9:06:33 PM,252 Event OK
3/08/2020 9:06:33 PM,EVENT 54139 1596474234 0/0/0/0/3 INPUT 1 1 0 v:121
3/08/2020 9:06:33 PM,252 Event OK
3/08/2020 9:06:33 PM,EVENT 54140 1596474235 0/0/0/0/1 INPUT 4 0 58 v:121
3/08/2020 9:06:33 PM,252 Event OK
3/08/2020 9:06:34 PM,EVENT 54141 1596474238 0/0/0/0/0 TRIP 54128 49 9 13 10 71 v:121
3/08/2020 9:06:34 PM,252 Event OK
3/08/2020 9:06:34 PM,EVENT 54142 1596474401 0/0/0/0/0 INPUT 8 1 0 v:121
3/08/2020 9:06:34 PM,252 Event OK
3/08/2020 9:06:34 PM,EVENT 54143 1596474401 0/0/0/0/0 INPUT 7 0 167 v:121
3/08/2020 9:06:34 PM,252 Event OK
3/08/2020 9:06:34 PM,EVENT 54144 1596474408 0/0/0/0/0 SIGNON 2521 03cffbfc OK 26 180201 0 v:122
3/08/2020 9:06:34 PM,252 Event OK
3/08/2020 9:06:35 PM,EVENT 54145 1596474414 0/0/0/0/0 INPUT 7 1 0 v:122
3/08/2020 9:06:35 PM,252 Event OK
3/08/2020 9:06:35 PM,EVENT 54146 1596474414 0/0/0/0/0 INPUT 4 1 0 v:122
3/08/2020 9:06:35 PM,252 Event OK
3/08/2020 9:06:35 PM,EVENT 54147 1596474414 0/0/0/0/0 INPUT 7 0 0 v:122
3/08/2020 9:06:35 PM,252 Event OK
3/08/2020 9:06:35 PM,EVENT 54148 1596474415 0/0/0/0/0 INPUT 1 0 181 v:122
3/08/2020 9:06:35 PM,252 Event OK
3/08/2020 9:06:35 PM,EVENT 54149 1596474419 0/0/0/0/6 INPUT 3 1 0 v:122
3/08/2020 9:06:35 PM,252 Event OK
3/08/2020 9:06:36 PM,EVENT 54150 1596474435 0/0/0/0/9 INPUT 3 0 17 v:122
3/08/2020 9:06:36 PM,252 Event OK
3/08/2020 9:06:36 PM,EVENT 54151 1596474437 0/0/0/0/8 INPUT 3 1 0 v:122
3/08/2020 9:06:36 PM,252 Event OK
3/08/2020 9:06:36 PM,EVENT 54152 1596474442 0/0/0/0/9 INPUT 3 0 5 v:122
3/08/2020 9:06:36 PM,252 Event OK
3/08/2020 9:06:36 PM,EVENT 54153 1596474445 0/0/0/0/5 INPUT 7 1 0 v:121
3/08/2020 9:06:36 PM,252 Event OK
3/08/2020 9:06:37 PM,EVENT 54154 1596474445 0/0/0/0/5 INPUT 8 0 45 v:121
3/08/2020 9:06:37 PM,252 Event OK
3/08/2020 9:06:37 PM,EVENT 54155 1596474446 0/0/0/0/3 INPUT 1 1 0 v:121
3/08/2020 9:06:37 PM,252 Event OK
3/08/2020 9:06:37 PM,EVENT 54156 1596474447 0/0/0/0/0 INPUT 4 0 34 v:121
3/08/2020 9:06:37 PM,252 Event OK
3/08/2020 9:06:37 PM,EVENT 54157 1596474450 0/0/0/0/0 TRIP 54144 22 12 8 5 42 v:121
3/08/2020 9:06:37 PM,252 Event OK
3/08/2020 9:06:38 PM,EVENT 54158 1596477624 0/0/0/0/0 SWSTART OpusFC 5.0.58.515 R v:121
3/08/2020 9:06:38 PM,252 Event OK
3/08/2020 9:06:38 PM,EVENT 54159 1596474450 0/0/0/0/0 POWERDOWN v:121
3/08/2020 9:06:38 PM,252 Event OK
3/08/2020 9:06:38 PM,EVENT 54160 1596477624 0/0/0/0/0 INPUT 1 1 0 v:121
3/08/2020 9:06:38 PM,252 Event OK
3/08/2020 9:06:38 PM,EVENT 54161 1596477624 0/0/0/0/0 INPUT 2 0 0 v:121
3/08/2020 9:06:38 PM,252 Event OK
3/08/2020 9:06:39 PM,EVENT 54162 1596477624 0/0/0/0/0 INPUT 3 0 0 v:121
3/08/2020 9:06:39 PM,252 Event OK
3/08/2020 9:06:39 PM,EVENT 54163 1596477624 0/0/0/0/0 INPUT 4 0 0 v:121
3/08/2020 9:06:39 PM,252 Event OK
3/08/2020 9:06:39 PM,EVENT 54164 1596477624 0/0/0/0/0 INPUT 7 0 0 v:121
3/08/2020 9:06:39 PM,252 Event OK
3/08/2020 9:06:39 PM,EVENT 54165 1596477625 0/0/0/0/0 INPUT 8 1 0 v:121
3/08/2020 9:06:39 PM,252 Event OK
3/08/2020 9:06:40 PM,EVENT 54166 1596477626 0/0/0/0/0 ZONE_OK 2 100 FW=NO VERSION v:121
3/08/2020 9:06:40 PM,252 Event OK
3/08/2020 9:06:40 PM,EVENT 54167 1596477630 0/0/0/0/0 SIGNON * 0 NOCARD 26 0 180200 v:121
3/08/2020 9:06:40 PM,252 Event OK
3/08/2020 9:06:40 PM,EVENT 54168 1596477641 0/0/0/99/0 SIGNON 2521 03cffbfc OK 26 180201 0 v:121
3/08/2020 9:06:40 PM,252 Event OK
3/08/2020 9:06:40 PM,EVENT 54169 1596477646 0/0/0/99/0 INPUT 7 1 0 v:122
3/08/2020 9:06:40 PM,252 Event OK
3/08/2020 9:06:40 PM,EVENT 54170 1596477647 0/0/0/99/0 INPUT 4 1 0 v:122
3/08/2020 9:06:40 PM,252 Event OK
3/08/2020 9:06:41 PM,EVENT 54171 1596477647 0/0/0/99/0 INPUT 7 0 1 v:122
3/08/2020 9:06:41 PM,252 Event OK
3/08/2020 9:06:41 PM,EVENT 54172 1596477648 0/0/0/0/0 INPUT 1 0 24 v:122
3/08/2020 9:06:41 PM,252 Event OK
3/08/2020 9:06:41 PM,EVENT 54173 1596477681 0/0/0/0/4 INPUT 3 1 0 v:121
3/08/2020 9:06:41 PM,252 Event OK
3/08/2020 9:06:41 PM,EVENT 54174 1596477726 0/0/0/0/22 ENGINEOVERSPEED 54168 10 6301 v:122
3/08/2020 9:06:41 PM,252 Event OK
3/08/2020 9:06:41 PM,EVENT 54175 1596477820 0/0/0/0/12 INPUT 3 0 140 v:122
3/08/2020 9:06:41 PM,252 Event OK
3/08/2020 9:06:42 PM,EVENT 54176 1596477825 0/0/0/0/6 INPUT 3 1 0 v:122
3/08/2020 9:06:42 PM,252 Event OK
3/08/2020 9:06:42 PM,EVENT 54177 1596477903 0/0/0/0/14 IMPACT 54168 8 0 0 0 8 0 - v:121
3/08/2020 9:06:42 PM,252 Event OK
3/08/2020 9:06:42 PM,EVENT 54178 1596478100 0/0/0/0/10 INPUT 3 0 275 v:122
3/08/2020 9:06:42 PM,252 Event OK
3/08/2020 9:06:42 PM,EVENT 54179 1596478102 0/0/0/0/4 INPUT 7 1 0 v:122
3/08/2020 9:06:42 PM,252 Event OK
3/08/2020 9:06:43 PM,EVENT 54180 1596478102 0/0/0/0/4 INPUT 8 0 477 v:121
3/08/2020 9:06:43 PM,252 Event OK
3/08/2020 9:06:43 PM,EVENT 54181 1596478102 0/0/0/0/3 INPUT 1 1 0 v:121
3/08/2020 9:06:43 PM,252 Event OK
3/08/2020 9:06:43 PM,EVENT 54182 1596478103 0/0/0/0/1 INPUT 4 0 457 v:121
3/08/2020 9:06:43 PM,252 Event OK
3/08/2020 9:06:43 PM,EVENT 54183 1596478106 0/0/0/0/0 TRIP 54168 415 42 9 6 466 v:121
3/08/2020 9:06:43 PM,252 Event OK
3/08/2020 9:06:44 PM,EVENT 54184 1596478106 0/0/0/0/0 TRIPSUMMARY 54168 v:121
3/08/2020 9:06:44 PM,252 Event OK
3/08/2020 9:06:44 PM,EVENT 54185 1596478114 0/0/0/0/0 REPORT * 0 0 v:121
3/08/2020 9:06:44 PM,252 Event OK
3/08/2020 9:06:44 PM,EVENT 54186 1596478208 0/0/0/0/0 INPUT 7 0 106 v:121
3/08/2020 9:06:44 PM,252 Event OK
3/08/2020 9:06:44 PM,EVENT 54187 1596478208 0/0/0/0/0 INPUT 8 1 0 v:121
3/08/2020 9:06:44 PM,252 Event OK
3/08/2020 9:06:44 PM,EVENT 54188 1596478217 0/0/0/0/0 SIGNON 2507 03bbecf6 OK 26 220984 0 v:122
3/08/2020 9:06:44 PM,252 Event OK
3/08/2020 9:06:45 PM,EVENT 54189 1596478224 0/0/0/0/0 INPUT 4 1 0 v:122
3/08/2020 9:06:45 PM,252 Event OK
3/08/2020 9:06:45 PM,EVENT 54190 1596478224 0/0/0/0/0 INPUT 1 0 122 v:122
3/08/2020 9:06:45 PM,252 Event OK
3/08/2020 9:06:45 PM,EVENT 54191 1596478229 0/0/0/0/0 INPUT 4 0 6 v:122
3/08/2020 9:06:45 PM,252 Event OK
3/08/2020 9:06:45 PM,EVENT 54192 1596478229 0/0/0/0/0 INPUT 4 1 0 v:122
3/08/2020 9:06:45 PM,252 Event OK
3/08/2020 9:06:46 PM,EVENT 54193 1596478236 0/0/0/0/6 INPUT 3 1 0 v:122
3/08/2020 9:06:46 PM,252 Event OK
3/08/2020 9:06:46 PM,EVENT 54194 1596478236 0/0/0/0/7 INPUT 3 0 1 v:122
3/08/2020 9:06:46 PM,252 Event OK
3/08/2020 9:06:46 PM,EVENT 54195 1596478249 0/0/0/0/8 INPUT 3 1 0 v:121
3/08/2020 9:06:46 PM,252 Event OK
3/08/2020 9:06:46 PM,EVENT 54196 1596478254 0/0/0/0/10 INPUT 3 0 5 v:121
3/08/2020 9:06:46 PM,252 Event OK
3/08/2020 9:06:46 PM,EVENT 54197 1596478262 0/0/0/0/7 INPUT 3 1 0 v:121
3/08/2020 9:06:46 PM,252 Event OK
3/08/2020 9:06:47 PM,EVENT 54198 1596478321 0/0/0/99/10 INPUT 3 0 59 v:121
3/08/2020 9:06:47 PM,252 Event OK
3/08/2020 9:06:47 PM,EVENT 54199 1596478322 0/0/0/99/8 INPUT 4 0 93 v:121
3/08/2020 9:06:47 PM,252 Event OK
3/08/2020 9:06:47 PM,EVENT 54200 1596478322 0/0/0/99/6 INPUT 4 1 0 v:121
3/08/2020 9:06:47 PM,252 Event OK
3/08/2020 9:06:47 PM,EVENT 54201 1596478359 0/0/0/0/7 INPUT 3 1 0 v:121
3/08/2020 9:06:47 PM,252 Event OK
3/08/2020 9:06:47 PM,EVENT 54202 1596478444 0/0/0/0/15 INPUT 3 0 84 v:121
3/08/2020 9:06:47 PM,252 Event OK
3/08/2020 9:06:48 PM,EVENT 54203 1596478483 0/0/0/0/0 INPUT 1 1 0 v:121
3/08/2020 9:06:48 PM,252 Event OK
3/08/2020 9:06:48 PM,EVENT 54204 1596478484 0/0/0/0/0 INPUT 4 0 162 v:121
3/08/2020 9:06:48 PM,252 Event OK
3/08/2020 9:06:48 PM,EVENT 54205 1596478490 0/0/0/0/0 INPUT 1 0 8 v:122
3/08/2020 9:06:48 PM,252 Event OK
3/08/2020 9:06:48 PM,EVENT 54206 1596478491 0/0/0/0/0 INPUT 4 1 0 v:122
3/08/2020 9:06:48 PM,252 Event OK
3/08/2020 9:06:48 PM,EVENT 54207 1596478502 0/0/0/0/7 INPUT 3 1 0 v:121
3/08/2020 9:06:48 PM,252 Event OK
3/08/2020 9:06:49 PM,EVENT 54208 1596478778 0/0/0/0/9 INPUT 3 0 276 v:121
3/08/2020 9:06:49 PM,252 Event OK
3/08/2020 9:06:49 PM,EVENT 54209 1596478786 0/0/0/0/0 INPUT 4 0 296 v:121
3/08/2020 9:06:49 PM,252 Event OK
3/08/2020 9:06:49 PM,EVENT 54210 1596478787 0/0/0/0/0 INPUT 4 1 0 v:121
3/08/2020 9:06:49 PM,252 Event OK
3/08/2020 9:06:49 PM,EVENT 54211 1596478793 0/0/0/0/5 INPUT 4 0 7 v:121
3/08/2020 9:06:49 PM,252 Event OK
3/08/2020 9:06:49 PM,EVENT 54212 1596478793 0/0/0/0/5 INPUT 4 1 0 v:121
3/08/2020 9:06:49 PM,252 Event OK
3/08/2020 9:06:50 PM,EVENT 54213 1596478795 0/0/0/0/4 INPUT 3 1 0 v:121
3/08/2020 9:06:50 PM,252 Event OK
3/08/2020 9:06:50 PM,EVENT 54214 1596478821 0/0/0/0/13 INPUT 3 0 27 v:121
3/08/2020 9:06:50 PM,252 Event OK
3/08/2020 9:06:50 PM,EVENT 54215 1596478826 0/0/0/0/6 INPUT 3 1 0 v:121
3/08/2020 9:06:50 PM,252 Event OK
3/08/2020 9:06:50 PM,EVENT 54216 1596478827 0/0/0/0/9 INPUT 3 0 1 v:121
3/08/2020 9:06:50 PM,252 Event OK
3/08/2020 9:06:51 PM,EVENT 54217 1596478828 0/0/0/0/7 INPUT 3 1 0 v:121
3/08/2020 9:06:51 PM,252 Event OK
3/08/2020 9:06:51 PM,EVENT 54218 1596478843 0/0/0/0/9 INPUT 3 0 14 v:121
3/08/2020 9:06:51 PM,252 Event OK
3/08/2020 9:06:51 PM,EVENT 54219 1596478852 0/0/0/0/0 INPUT 7 1 0 v:121
3/08/2020 9:06:51 PM,252 Event OK
3/08/2020 9:06:51 PM,EVENT 54220 1596478852 0/0/0/0/0 INPUT 8 0 644 v:121
3/08/2020 9:06:51 PM,252 Event OK
3/08/2020 9:06:51 PM,EVENT 54221 1596478852 0/0/0/0/0 INPUT 1 1 0 v:121
3/08/2020 9:06:51 PM,252 Event OK
3/08/2020 9:06:52 PM,EVENT 54222 1596478853 0/0/0/0/0 INPUT 4 0 60 v:121
3/08/2020 9:06:52 PM,252 Event OK
3/08/2020 9:06:52 PM,EVENT 54223 1596478856 0/0/0/0/0 TRIP 54188 467 157 15 6 639 v:121
3/08/2020 9:06:52 PM,252 Event OK
3/08/2020 9:06:52 PM,EVENT 54224 1596479833 0/0/0/0/0 INPUT 7 0 981 v:121
3/08/2020 9:06:52 PM,252 Event OK
3/08/2020 9:06:52 PM,EVENT 54225 1596479833 0/0/0/0/0 INPUT 8 1 0 v:121
3/08/2020 9:06:52 PM,252 Event OK
3/08/2020 9:06:52 PM,EVENT 54226 1596479842 0/0/0/0/0 SIGNON 2521 03cffbfc OK 26 180201 0 v:121
3/08/2020 9:06:52 PM,252 Event OK
3/08/2020 9:06:53 PM,EVENT 54227 1596479848 0/0/0/0/0 INPUT 7 1 0 v:122
3/08/2020 9:06:53 PM,252 Event OK
3/08/2020 9:06:53 PM,EVENT 54228 1596479848 0/0/0/0/0 INPUT 7 0 1 v:122
3/08/2020 9:06:53 PM,252 Event OK
3/08/2020 9:06:53 PM,EVENT 54229 1596479849 0/0/0/0/0 INPUT 4 1 0 v:123
3/08/2020 9:06:53 PM,252 Event OK
3/08/2020 9:06:53 PM,EVENT 54230 1596479850 0/0/0/0/0 INPUT 1 0 998 v:123
3/08/2020 9:06:53 PM,252 Event OK
3/08/2020 9:06:53 PM,EVENT 54231 1596479865 0/0/0/0/4 INPUT 1 1 0 v:122
3/08/2020 9:06:53 PM,252 Event OK
3/08/2020 9:06:54 PM,EVENT 54232 1596479867 0/0/0/0/1 INPUT 4 0 19 v:122
3/08/2020 9:06:54 PM,252 Event OK
3/08/2020 9:06:54 PM,EVENT 54233 1596479874 0/0/0/0/0 INPUT 7 1 0 v:123
3/08/2020 9:06:54 PM,252 Event OK
3/08/2020 9:06:54 PM,EVENT 54234 1596479875 0/0/0/0/0 INPUT 4 1 0 v:123
3/08/2020 9:06:54 PM,252 Event OK
3/08/2020 9:06:54 PM,EVENT 54235 1596479875 0/0/0/0/0 INPUT 7 0 0 v:123
3/08/2020 9:06:54 PM,252 Event OK
3/08/2020 9:06:54 PM,EVENT 54236 1596479875 0/0/0/0/0 INPUT 1 0 10 v:123
3/08/2020 9:06:54 PM,252 Event OK
3/08/2020 9:06:55 PM,EVENT 54237 1596479881 0/0/0/0/7 INPUT 3 1 0 v:122
3/08/2020 9:06:55 PM,252 Event OK
3/08/2020 9:06:55 PM,EVENT 54238 1596479891 0/0/0/0/9 INPUT 3 0 9 v:122
3/08/2020 9:06:55 PM,252 Event OK
3/08/2020 9:06:55 PM,EVENT 54239 1596479944 0/0/0/0/0 REPORT 54226 0 0 v:122
3/08/2020 9:06:55 PM,252 Event OK
3/08/2020 9:06:55 PM,EVENT 54240 1596479945 0/0/0/0/0 INPUT 4 0 71 v:122
3/08/2020 9:06:55 PM,252 Event OK
3/08/2020 9:06:56 PM,EVENT 54241 1596479945 0/0/0/0/0 INPUT 4 1 0 v:122
3/08/2020 9:06:56 PM,252 Event OK
3/08/2020 9:06:56 PM,EVENT 54242 1596479961 0/0/0/0/7 INPUT 3 1 0 v:122
3/08/2020 9:06:56 PM,252 Event OK
3/08/2020 9:06:56 PM,EVENT 54243 1596479976 0/0/0/0/10 INPUT 3 0 14 v:122
3/08/2020 9:06:56 PM,252 Event OK
3/08/2020 9:06:56 PM,EVENT 54244 1596479982 0/0/0/0/4 INPUT 7 1 0 v:122
3/08/2020 9:06:56 PM,252 Event OK
3/08/2020 9:06:56 PM,EVENT 54245 1596479982 0/0/0/0/4 INPUT 8 0 150 v:122
3/08/2020 9:06:56 PM,252 Event OK
3/08/2020 9:06:57 PM,EVENT 54246 1596479983 0/0/0/0/4 INPUT 1 1 0 v:122
3/08/2020 9:06:57 PM,252 Event OK
3/08/2020 9:06:57 PM,EVENT 54247 1596479984 0/0/0/0/1 INPUT 4 0 39 v:122
3/08/2020 9:06:57 PM,252 Event OK
3/08/2020 9:06:57 PM,EVENT 54248 1596479987 0/0/0/0/0 TRIP 54226 23 106 17 7 146 v:122
3/08/2020 9:06:57 PM,252 Event OK
3/08/2020 9:06:57 PM,EVENT 54249 1596480596 0/0/0/0/0 INPUT 8 1 0 v:122
3/08/2020 9:06:57 PM,252 Event OK
3/08/2020 9:06:57 PM,EVENT 54250 1596480597 0/0/0/0/0 INPUT 7 0 614 v:122
3/08/2020 9:06:57 PM,252 Event OK
3/08/2020 9:06:58 PM,EVENT 54251 1596480606 0/0/0/0/0 SIGNON 2521 03cffbfc OK 26 180201 0 v:122
3/08/2020 9:06:58 PM,252 Event OK
3/08/2020 9:06:58 PM,EVENT 54252 1596480613 0/0/0/0/0 INPUT 7 1 0 v:122
3/08/2020 9:06:58 PM,252 Event OK
3/08/2020 9:06:58 PM,EVENT 54253 1596480614 0/0/0/0/0 INPUT 4 1 0 v:122
3/08/2020 9:06:58 PM,252 Event OK
3/08/2020 9:06:58 PM,EVENT 54254 1596480615 0/0/0/0/0 INPUT 7 0 1 v:123
3/08/2020 9:06:58 PM,252 Event OK
3/08/2020 9:06:58 PM,EVENT 54255 1596480616 0/0/0/0/0 INPUT 1 0 633 v:123
3/08/2020 9:06:58 PM,252 Event OK
3/08/2020 9:06:59 PM,EVENT 54256 1596480685 0/0/0/0/3 INPUT 4 0 72 v:122
3/08/2020 9:06:59 PM,252 Event OK
3/08/2020 9:06:59 PM,EVENT 54257 1596480685 0/0/0/0/3 INPUT 4 1 0 v:122
3/08/2020 9:06:59 PM,252 Event OK
3/08/2020 9:06:59 PM,EVENT 54258 1596480692 0/0/0/99/5 INPUT 3 1 0 v:122
3/08/2020 9:06:59 PM,252 Event OK
3/08/2020 9:06:59 PM,EVENT 54259 1596480706 0/0/0/99/12 INPUT 3 0 14 v:122
3/08/2020 9:06:59 PM,252 Event OK
3/08/2020 9:07:00 PM,EVENT 54260 1596480715 0/0/0/0/0 INPUT 7 1 0 v:122
3/08/2020 9:07:00 PM,252 Event OK
3/08/2020 9:07:00 PM,EVENT 54261 1596480715 0/0/0/0/0 INPUT 8 0 118 v:122
3/08/2020 9:07:00 PM,252 Event OK
3/08/2020 9:07:00 PM,EVENT 54262 1596480716 0/0/0/0/0 INPUT 1 1 0 v:121
3/08/2020 9:07:00 PM,252 Event OK
3/08/2020 9:07:00 PM,EVENT 54263 1596480716 0/0/0/0/0 INPUT 4 0 31 v:121
3/08/2020 9:07:00 PM,252 Event OK
3/08/2020 9:07:00 PM,EVENT 54264 1596480719 0/0/0/0/0 TRIP 54251 14 89 11 8 114 v:121
3/08/2020 9:07:00 PM,252 Event OK
3/08/2020 9:07:01 PM,EVENT 54265 1596481378 0/0/0/99/0 INPUT 8 1 0 v:121
3/08/2020 9:07:01 PM,252 Event OK
3/08/2020 9:07:01 PM,EVENT 54266 1596481378 0/0/0/99/0 INPUT 7 0 663 v:121
3/08/2020 9:07:01 PM,252 Event OK
3/08/2020 9:07:01 PM,EVENT 54267 1596481385 0/0/0/99/0 SIGNON 2521 03cffbfc OK 26 180201 0 v:121
3/08/2020 9:07:01 PM,252 Event OK
3/08/2020 9:07:01 PM,EVENT 54268 1596481391 0/0/0/99/0 INPUT 7 1 0 v:122
3/08/2020 9:07:01 PM,252 Event OK
3/08/2020 9:07:02 PM,EVENT 54269 1596481391 0/0/0/99/0 INPUT 4 1 0 v:122
3/08/2020 9:07:02 PM,252 Event OK
3/08/2020 9:07:02 PM,EVENT 54270 1596481391 0/0/0/99/0 INPUT 7 0 0 v:122
3/08/2020 9:07:02 PM,252 Event OK
3/08/2020 9:07:02 PM,EVENT 54271 1596481392 0/0/0/99/0 INPUT 1 0 676 v:122
3/08/2020 9:07:02 PM,252 Event OK
3/08/2020 9:07:02 PM,EVENT 54272 1596481404 0/0/0/0/4 INPUT 3 1 0 v:122
3/08/2020 9:07:02 PM,252 Event OK
3/08/2020 9:07:02 PM,EVENT 54273 1596481437 0/0/0/0/11 INPUT 3 0 33 v:122
3/08/2020 9:07:02 PM,252 Event OK
3/08/2020 9:07:03 PM,EVENT 54274 1596481470 0/0/0/0/3 INPUT 3 1 0 v:122
3/08/2020 9:07:03 PM,252 Event OK
3/08/2020 9:07:03 PM,EVENT 54275 1596481470 0/0/0/0/9 INPUT 3 0 1 v:122
3/08/2020 9:07:03 PM,252 Event OK
3/08/2020 9:07:03 PM,EVENT 54276 1596481472 0/0/0/0/8 INPUT 3 1 0 v:122
3/08/2020 9:07:03 PM,252 Event OK
3/08/2020 9:07:03 PM,EVENT 54277 1596481473 0/0/0/0/9 INPUT 3 0 2 v:122
3/08/2020 9:07:03 PM,252 Event OK
3/08/2020 9:07:03 PM,EVENT 54278 1596481477 0/0/0/0/8 INPUT 3 1 0 v:122
3/08/2020 9:07:03 PM,252 Event OK
3/08/2020 9:07:04 PM,EVENT 54279 1596481520 0/0/0/0/12 INPUT 3 0 43 v:122
3/08/2020 9:07:04 PM,252 Event OK
3/08/2020 9:07:04 PM,EVENT 54280 1596481524 0/0/0/0/2 INPUT 4 0 134 v:122
3/08/2020 9:07:04 PM,252 Event OK
3/08/2020 9:07:04 PM,EVENT 54281 1596481524 0/0/0/0/2 INPUT 4 1 0 v:122
3/08/2020 9:07:04 PM,252 Event OK
3/08/2020 9:07:04 PM,EVENT 54282 1596481619 0/0/0/0/4 INPUT 3 1 0 v:122
3/08/2020 9:07:04 PM,252 Event OK
3/08/2020 9:07:04 PM,EVENT 54283 1596481655 0/0/0/0/15 INPUT 3 0 36 v:122
3/08/2020 9:07:04 PM,252 Event OK
3/08/2020 9:07:05 PM,EVENT 54284 1596481665 0/0/0/0/0 INPUT 4 0 141 v:122
3/08/2020 9:07:05 PM,252 Event OK
3/08/2020 9:07:05 PM,EVENT 54285 1596481665 0/0/0/0/0 INPUT 4 1 0 v:122
3/08/2020 9:07:05 PM,252 Event OK
3/08/2020 9:07:05 PM,EVENT 54286 1596481677 0/0/0/0/7 INPUT 3 1 0 v:122
3/08/2020 9:07:05 PM,252 Event OK
3/08/2020 9:07:05 PM,EVENT 54287 1596481683 0/0/0/0/10 INPUT 3 0 7 v:122
3/08/2020 9:07:05 PM,252 Event OK
3/08/2020 9:07:06 PM,EVENT 54288 1596481690 0/0/0/0/0 INPUT 3 1 0 v:122
3/08/2020 9:07:06 PM,252 Event OK
3/08/2020 9:07:06 PM,EVENT 54289 1596481692 0/0/0/0/18 INPUT 3 0 2 v:122
3/08/2020 9:07:06 PM,252 Event OK
3/08/2020 9:07:06 PM,EVENT 54290 1596481719 0/0/0/99/0 INPUT 4 0 54 v:122
3/08/2020 9:07:06 PM,252 Event OK
3/08/2020 9:07:06 PM,EVENT 54291 1596481719 0/0/0/99/0 INPUT 4 1 0 v:122
3/08/2020 9:07:06 PM,252 Event OK
3/08/2020 9:07:06 PM,EVENT 54292 1596481723 0/0/0/99/5 INPUT 3 1 0 v:122
3/08/2020 9:07:06 PM,252 Event OK
3/08/2020 9:07:07 PM,EVENT 54293 1596481731 0/0/0/99/10 INPUT 3 0 7 v:122
3/08/2020 9:07:07 PM,252 Event OK
3/08/2020 9:07:07 PM,EVENT 54294 1596481732 0/0/0/99/9 INPUT 3 1 0 v:122
3/08/2020 9:07:07 PM,252 Event OK
3/08/2020 9:07:07 PM,EVENT 54295 1596481736 0/0/0/99/10 INPUT 3 0 4 v:122
3/08/2020 9:07:07 PM,252 Event OK
3/08/2020 9:07:07 PM,EVENT 54296 1596481774 0/0/0/0/5 REPORT 54267 0 0 v:122
3/08/2020 9:07:07 PM,252 Event OK
3/08/2020 9:07:07 PM,EVENT 54297 1596481788 0/0/0/0/3 INPUT 4 0 69 v:122
3/08/2020 9:07:07 PM,252 Event OK
3/08/2020 9:07:08 PM,EVENT 54298 1596481788 0/0/0/0/3 INPUT 4 1 0 v:122
3/08/2020 9:07:08 PM,252 Event OK
3/08/2020 9:07:08 PM,EVENT 54299 1596481810 0/0/0/0/6 INPUT 4 0 21 v:122
3/08/2020 9:07:08 PM,252 Event OK
3/08/2020 9:07:08 PM,EVENT 54300 1596481811 0/0/0/0/6 INPUT 4 1 0 v:122
3/08/2020 9:07:08 PM,252 Event OK
3/08/2020 9:07:08 PM,EVENT 54301 1596481816 0/0/0/0/4 INPUT 4 0 6 v:122
3/08/2020 9:07:08 PM,252 Event OK
3/08/2020 9:07:09 PM,EVENT 54302 1596481816 0/0/0/0/4 INPUT 4 1 0 v:122
3/08/2020 9:07:09 PM,252 Event OK
3/08/2020 9:07:09 PM,EVENT 54303 1596481825 0/0/0/0/0 INPUT 3 1 0 v:122
3/08/2020 9:07:09 PM,252 Event OK
3/08/2020 9:07:09 PM,EVENT 54304 1596481839 0/0/0/0/9 INPUT 3 0 13 v:122
3/08/2020 9:07:09 PM,252 Event OK
3/08/2020 9:07:09 PM,EVENT 54305 1596481850 0/0/0/0/8 INPUT 3 1 0 v:122
3/08/2020 9:07:09 PM,252 Event OK
3/08/2020 9:07:09 PM,EVENT 54306 1596481853 0/0/0/0/10 INPUT 3 0 2 v:122
3/08/2020 9:07:09 PM,252 Event OK
3/08/2020 9:07:10 PM,EVENT 54307 1596481853 0/0/0/0/8 INPUT 3 1 0 v:122
3/08/2020 9:07:10 PM,252 Event OK
3/08/2020 9:07:10 PM,EVENT 54308 1596481854 0/0/0/0/8 IMPACT 54267 9 0 0 0 9 0 - v:122
3/08/2020 9:07:10 PM,252 Event OK
3/08/2020 9:07:10 PM,EVENT 54309 1596481854 0/0/0/0/9 INPUT 3 0 1 v:122
3/08/2020 9:07:10 PM,252 Event OK
3/08/2020 9:07:10 PM,EVENT 54310 1596481855 0/0/0/0/7 INPUT 7 1 0 v:122
3/08/2020 9:07:10 PM,252 Event OK
3/08/2020 9:07:10 PM,EVENT 54311 1596481855 0/0/0/0/7 INPUT 8 0 478 v:122
3/08/2020 9:07:10 PM,252 Event OK
3/08/2020 9:07:11 PM,EVENT 54312 1596481856 0/0/0/0/6 INPUT 1 1 0 v:121
3/08/2020 9:07:11 PM,252 Event OK
3/08/2020 9:07:11 PM,EVENT 54313 1596481857 0/0/0/0/2 INPUT 4 0 41 v:121
3/08/2020 9:07:11 PM,252 Event OK
3/08/2020 9:07:12 PM,EVENT 54314 1596481860 0/0/0/0/0 TRIP 54267 151 315 9 5 475 v:121
3/08/2020 9:07:12 PM,252 Event OK
3/08/2020 9:07:12 PM,EVENT 54315 1596481860 0/0/0/0/0 TRIPSUMMARY 54267 v:121
3/08/2020 9:07:12 PM,252 Event OK
3/08/2020 9:07:12 PM,EVENT 54316 1596487150 0/0/0/0/0 SWSTART OpusFC 5.0.58.515 R v:122
3/08/2020 9:07:12 PM,252 Event OK
3/08/2020 9:07:13 PM,EVENT 54317 1596481860 0/0/0/0/0 POWERDOWN v:121
3/08/2020 9:07:13 PM,252 Event OK
3/08/2020 9:07:13 PM,EVENT 54318 1596487150 0/0/0/0/0 INPUT 1 1 0 v:121
3/08/2020 9:07:13 PM,252 Event OK
3/08/2020 9:07:13 PM,EVENT 54319 1596487150 0/0/0/0/0 INPUT 2 0 0 v:121
3/08/2020 9:07:13 PM,252 Event OK
3/08/2020 9:07:13 PM,EVENT 54320 1596487150 0/0/0/0/0 INPUT 3 0 0 v:121
3/08/2020 9:07:13 PM,252 Event OK
3/08/2020 9:07:14 PM,EVENT 54321 1596487150 0/0/0/0/0 INPUT 4 0 0 v:121
3/08/2020 9:07:14 PM,252 Event OK
3/08/2020 9:07:14 PM,EVENT 54322 1596487150 0/0/0/0/0 INPUT 7 0 0 v:121
3/08/2020 9:07:14 PM,252 Event OK
3/08/2020 9:07:14 PM,EVENT 54323 1596487150 0/0/0/0/0 INPUT 8 1 0 v:121
3/08/2020 9:07:14 PM,252 Event OK
3/08/2020 9:07:14 PM,EVENT 54324 1596487152 0/0/0/0/0 ZONE_OK 2 100 FW=NO VERSION v:121
3/08/2020 9:07:14 PM,252 Event OK
3/08/2020 9:07:14 PM,EVENT 54325 1596487160 0/0/0/0/0 SIGNON 2533 03edf114 OK 26 90775 0 v:121
3/08/2020 9:07:14 PM,252 Event OK
3/08/2020 9:07:15 PM,EVENT 54326 1596487166 0/0/0/99/0 INPUT 3 1 0 v:122
3/08/2020 9:07:15 PM,252 Event OK
3/08/2020 9:07:15 PM,EVENT 54327 1596487166 0/0/0/99/0 INPUT 7 1 0 v:122
3/08/2020 9:07:15 PM,252 Event OK
3/08/2020 9:07:15 PM,EVENT 54328 1596487166 0/0/0/99/2 INPUT 4 1 0 v:122
3/08/2020 9:07:15 PM,252 Event OK
3/08/2020 9:07:15 PM,EVENT 54329 1596487167 0/0/0/99/9 INPUT 7 0 1 v:122
3/08/2020 9:07:15 PM,252 Event OK
3/08/2020 9:07:16 PM,EVENT 54330 1596487167 0/0/0/99/24 INPUT 3 0 2 v:122
3/08/2020 9:07:16 PM,252 Event OK
3/08/2020 9:07:16 PM,EVENT 54331 1596487169 0/0/0/99/0 INPUT 1 0 18 v:121
3/08/2020 9:07:16 PM,252 Event OK
3/08/2020 9:07:16 PM,EVENT 54332 1596487216 0/0/0/0/0 INPUT 4 0 51 v:121
3/08/2020 9:07:16 PM,252 Event OK
3/08/2020 9:07:17 PM,EVENT 54333 1596487216 0/0/0/0/0 INPUT 4 1 0 v:121
3/08/2020 9:07:17 PM,252 Event OK
3/08/2020 9:07:17 PM,EVENT 54334 1596487242 0/0/0/0/8 INPUT 3 1 0 v:121
3/08/2020 9:07:17 PM,252 Event OK
3/08/2020 9:07:17 PM,EVENT 54335 1596487263 0/0/0/0/13 INPUT 3 0 20 v:121
3/08/2020 9:07:17 PM,252 Event OK
3/08/2020 9:07:17 PM,EVENT 54336 1596487275 0/0/0/0/2 INPUT 3 1 0 v:122
3/08/2020 9:07:17 PM,252 Event OK
3/08/2020 9:07:18 PM,EVENT 54337 1596487333 0/0/0/0/23 ENGINEOVERSPEED 54325 46 4347 v:121
3/08/2020 9:07:18 PM,252 Event OK
3/08/2020 9:07:18 PM,EVENT 54338 1596487379 0/0/0/0/25 ENGINEOVERSPEED 54325 39 3757 v:121
3/08/2020 9:07:18 PM,252 Event OK
3/08/2020 9:07:18 PM,EVENT 54339 1596487397 0/0/0/0/12 INPUT 3 0 122 v:122
3/08/2020 9:07:18 PM,252 Event OK
3/08/2020 9:07:18 PM,EVENT 54340 1596487406 0/0/0/0/2 INPUT 1 1 0 v:121
3/08/2020 9:07:18 PM,252 Event OK
3/08/2020 9:07:18 PM,EVENT 54341 1596487406 0/0/0/0/1 INPUT 4 0 190 v:121
3/08/2020 9:07:18 PM,252 Event OK
3/08/2020 9:07:19 PM,EVENT 54342 1596487412 0/0/0/0/0 INPUT 7 1 0 v:122
3/08/2020 9:07:19 PM,252 Event OK
3/08/2020 9:07:19 PM,EVENT 54343 1596487413 0/0/0/0/0 INPUT 1 0 7 v:122
3/08/2020 9:07:19 PM,252 Event OK
3/08/2020 9:07:19 PM,EVENT 54344 1596487413 0/0/0/0/0 INPUT 4 1 0 v:122
3/08/2020 9:07:19 PM,252 Event OK
3/08/2020 9:07:19 PM,EVENT 54345 1596487413 0/0/0/0/0 INPUT 7 0 1 v:122
3/08/2020 9:07:19 PM,252 Event OK
3/08/2020 9:07:20 PM,EVENT 54346 1596487417 0/0/0/0/2 INPUT 4 0 5 v:121
3/08/2020 9:07:20 PM,252 Event OK
3/08/2020 9:07:20 PM,EVENT 54347 1596487417 0/0/0/0/1 INPUT 4 1 0 v:121
3/08/2020 9:07:20 PM,252 Event OK
3/08/2020 9:07:20 PM,EVENT 54348 1596487422 0/0/0/0/4 INPUT 3 1 0 v:122
3/08/2020 9:07:20 PM,252 Event OK
3/08/2020 9:07:20 PM,EVENT 54349 1596487436 0/0/0/0/10 INPUT 3 0 14 v:121
3/08/2020 9:07:20 PM,252 Event OK
3/08/2020 9:07:21 PM,EVENT 54350 1596487467 0/0/0/0/3 INPUT 3 1 0 v:122
3/08/2020 9:07:21 PM,252 Event OK
3/08/2020 9:07:21 PM,EVENT 54351 1596487518 0/0/0/99/13 INPUT 3 0 51 v:121
3/08/2020 9:07:21 PM,252 Event OK
3/08/2020 9:07:21 PM,EVENT 54352 1596487518 0/0/0/99/10 INPUT 3 1 0 v:121
3/08/2020 9:07:21 PM,252 Event OK
3/08/2020 9:07:21 PM,EVENT 54353 1596487522 0/0/0/0/18 ENGINEOVERSPEED 54325 13 14149 v:121
3/08/2020 9:07:21 PM,252 Event OK
3/08/2020 9:07:22 PM,EVENT 54354 1596487639 0/0/0/0/28 ENGINEOVERSPEED 54325 77 10650 v:121
3/08/2020 9:07:22 PM,252 Event OK
3/08/2020 9:07:22 PM,EVENT 54355 1596487650 0/0/0/0/27 IMPACT 54325 8 0 0 0 8 0 - v:121
3/08/2020 9:07:22 PM,252 Event OK
3/08/2020 9:07:22 PM,EVENT 54356 1596487921 0/0/0/0/15 INPUT 4 0 504 v:121
3/08/2020 9:07:22 PM,252 Event OK
3/08/2020 9:07:22 PM,EVENT 54357 1596487922 0/0/0/0/15 INPUT 4 1 0 v:121
3/08/2020 9:07:22 PM,252 Event OK
3/08/2020 9:07:22 PM,EVENT 54358 1596487925 0/0/0/0/17 INPUT 4 0 4 v:121
3/08/2020 9:07:22 PM,252 Event OK
3/08/2020 9:07:23 PM,EVENT 54359 1596487928 0/0/0/0/20 INPUT 4 1 0 v:121
3/08/2020 9:07:23 PM,252 Event OK
3/08/2020 9:07:23 PM,EVENT 54360 1596488418 0/0/0/0/11 INPUT 3 0 899 v:121
3/08/2020 9:07:23 PM,252 Event OK
3/08/2020 9:07:24 PM,EVENT 54361 1596488463 -310121738/1219229281/834/3/0 INPUT 4 0 536 v:121
3/08/2020 9:07:24 PM,252 Event OK
3/08/2020 9:07:24 PM,EVENT 54362 1596488687 -310121657/1219229113/811/2/0 INPUT 4 1 0 v:120
3/08/2020 9:07:24 PM,252 Event OK
3/08/2020 9:07:24 PM,EVENT 54363 1596488689 -310121576/1219229197/811/2/3 INPUT 4 0 1 v:120
3/08/2020 9:07:24 PM,252 Event OK
3/08/2020 9:07:24 PM,EVENT 54364 1596488693 -310121142/1219229362/778/2/4 INPUT 3 1 0 v:121
3/08/2020 9:07:24 PM,252 Event OK
3/08/2020 9:07:24 PM,EVENT 54365 1596488694 -310120866/1219229452/768/2/10 INPUT 4 1 0 v:121
3/08/2020 9:07:24 PM,252 Event OK
3/08/2020 9:07:25 PM,EVENT 54366 1596488717 -310122977/1219239629/734/3/10 INPUT 3 0 25 v:121
3/08/2020 9:07:25 PM,252 Event OK
3/08/2020 9:07:25 PM,EVENT 54367 1596488718 -310123119/1219239687/734/3/8 INPUT 4 0 25 v:120
3/08/2020 9:07:25 PM,252 Event OK
3/08/2020 9:07:25 PM,EVENT 54368 1596488722 -310123451/1219239781/732/3/3 INPUT 3 1 0 v:120
3/08/2020 9:07:25 PM,252 Event OK
3/08/2020 9:07:26 PM,EVENT 54369 1596488722 -310123566/1219239791/731/3/5 INPUT 4 1 0 v:121
3/08/2020 9:07:26 PM,252 Event OK
3/08/2020 9:07:26 PM,EVENT 54370 1596488744 -310128230/1219230549/754/12/10 INPUT 3 0 22 v:120
3/08/2020 9:07:26 PM,252 Event OK
3/08/2020 9:07:26 PM,EVENT 54371 1596488745 -310128349/1219230353/759/12/8 INPUT 3 1 0 v:120
3/08/2020 9:07:26 PM,252 Event OK
3/08/2020 9:07:26 PM,EVENT 54372 1596488746 -310128435/1219230013/760/12/9 INPUT 3 0 2 v:120
3/08/2020 9:07:26 PM,252 Event OK
3/08/2020 9:07:27 PM,EVENT 54373 1596488747 -310128443/1219229849/762/12/8 INPUT 4 0 26 v:120
3/08/2020 9:07:27 PM,252 Event OK
3/08/2020 9:07:27 PM,EVENT 54374 1596488748 -310128437/1219229786/761/12/7 INPUT 4 1 0 v:120
3/08/2020 9:07:27 PM,252 Event OK
3/08/2020 9:07:27 PM,EVENT 54375 1596488759 -310128218/1219229832/810/12/5 INPUT 4 0 12 v:120
3/08/2020 9:07:27 PM,252 Event OK
3/08/2020 9:07:27 PM,EVENT 54376 1596488760 -310128116/1219229787/823/12/4 INPUT 4 1 0 v:120
3/08/2020 9:07:27 PM,252 Event OK
3/08/2020 9:07:28 PM,EVENT 54377 1596488761 -310128051/1219229755/825/12/4 INPUT 4 0 1 v:120
3/08/2020 9:07:28 PM,252 Event OK
3/08/2020 9:07:28 PM,EVENT 54378 1596488761 -310128051/1219229755/825/12/3 INPUT 4 1 0 v:120
3/08/2020 9:07:28 PM,252 Event OK
3/08/2020 9:07:28 PM,EVENT 54379 1596488766 -310128066/1219229803/849/12/0 INPUT 4 0 4 v:120
3/08/2020 9:07:28 PM,252 Event OK
3/08/2020 9:07:28 PM,EVENT 54380 1596488772 -310127867/1219229774/832/12/0 INPUT 7 1 0 v:120
3/08/2020 9:07:28 PM,252 Event OK
3/08/2020 9:07:29 PM,EVENT 54381 1596488772 -310127867/1219229774/832/12/0 INPUT 8 0 1622 v:120
3/08/2020 9:07:29 PM,252 Event OK
3/08/2020 9:07:29 PM,EVENT 54382 1596488773 -310127867/1219229774/832/12/0 INPUT 1 1 0 v:120
3/08/2020 9:07:29 PM,252 Event OK
3/08/2020 9:07:29 PM,EVENT 54383 1596488777 -310127883/1219229846/828/12/0 TRIP 54325 1157 205 256 224 1618 v:120
3/08/2020 9:07:29 PM,252 Event OK
3/08/2020 9:07:29 PM,EVENT 54384 1596488777 -310127883/1219229846/828/12/0 TRIPSUMMARY 54325 v:120
3/08/2020 9:07:29 PM,252 Event OK
3/08/2020 9:07:30 PM,EVENT 54385 1596488799 -310127927/1219230045/872/12/0 REPORT * 0 81 v:120
3/08/2020 9:07:30 PM,252 Event OK
3/08/2020 9:07:30 PM,QUIT
3/08/2020 9:07:30 PM,221 Session ended - goodbye
3/08/2020 9:09:38 PM,UNIT 10604
3/08/2020 9:09:38 PM,333 CHAL 55D7EE72
3/08/2020 9:09:39 PM,RESP A28A96FC
3/08/2020 9:09:39 PM,230 Auth OK
3/08/2020 9:09:39 PM,TIME
3/08/2020 9:09:39 PM,211 TIME 1596488979
3/08/2020 9:09:40 PM,EVCOUNT 2
3/08/2020 9:09:40 PM,252 Event OK
3/08/2020 9:09:40 PM,TODO
3/08/2020 9:09:40 PM,125 TODO GETXML 2000 Operators 
225 Work list complete
3/08/2020 9:09:41 PM,GETXML
3/08/2020 9:09:41 PM,Binary data 4200 bytes
3/08/2020 9:09:41 PM,GOT Operators 4152 1C8F75B1
3/08/2020 9:09:41 PM,250 Download OK
3/08/2020 9:09:42 PM,EVENT 54386 1596488973 -310128093/1219229756/733/14/0 INPUT 8 1 0 v:120
3/08/2020 9:09:42 PM,252 Event OK
3/08/2020 9:09:42 PM,EVENT 54387 1596488973 -310128091/1219229755/734/14/0 INPUT 7 0 200 v:121
3/08/2020 9:09:42 PM,252 Event OK
3/08/2020 9:09:42 PM,QUIT
3/08/2020 9:09:42 PM,221 Session ended - goodbye
3/08/2020 9:09:51 PM,UNIT 10604
3/08/2020 9:09:51 PM,333 CHAL 49BAD406
3/08/2020 9:09:52 PM,RESP 7B2CC565
3/08/2020 9:09:52 PM,230 Auth OK
3/08/2020 9:09:52 PM,TIME
3/08/2020 9:09:52 PM,211 TIME 1596488992
3/08/2020 9:09:53 PM,EVCOUNT 2
3/08/2020 9:09:53 PM,252 Event OK
3/08/2020 9:09:53 PM,TODO
3/08/2020 9:09:53 PM,226 Nothing to do
3/08/2020 9:09:54 PM,EVENT 54388 1596488983 -310128042/1219229799/747/14/0 SIGNON 2533 03edf114 OK 26 90775 0 v:121
3/08/2020 9:09:54 PM,252 Event OK
3/08/2020 9:09:55 PM,EVENT 54389 1596488989 -310128022/1219229819/750/14/0 INPUT 4 1 0 v:122
3/08/2020 9:09:55 PM,252 Event OK
3/08/2020 9:09:56 PM,EVENT 54390 1596488991 -310128017/1219229832/752/14/0 INPUT 4 0 3 v:121
3/08/2020 9:09:56 PM,252 Event OK
3/08/2020 9:09:56 PM,QUIT
3/08/2020 9:09:56 PM,221 Session ended - goodbye
3/08/2020 9:10:07 PM,UNIT 10604
3/08/2020 9:10:07 PM,333 CHAL 20B72576
3/08/2020 9:10:07 PM,RESP CA763D05
3/08/2020 9:10:07 PM,230 Auth OK
3/08/2020 9:10:08 PM,TIME
3/08/2020 9:10:08 PM,211 TIME 1596489008
3/08/2020 9:10:08 PM,EVCOUNT 14
3/08/2020 9:10:08 PM,252 Event OK
3/08/2020 9:10:09 PM,TODO
3/08/2020 9:10:09 PM,226 Nothing to do
3/08/2020 9:10:10 PM,EVENT 54391 1596489001 -310128005/1219229853/743/14/0 INPUT 7 1 0 v:121
3/08/2020 9:10:10 PM,252 Event OK
3/08/2020 9:10:10 PM,EVENT 54392 1596489001 -310128005/1219229853/743/14/0 INPUT 8 0 28 v:121
3/08/2020 9:10:10 PM,252 Event OK
3/08/2020 9:10:11 PM,EVENT 54393 1596489002 -310128003/1219229852/742/14/0 INPUT 8 1 0 v:121
3/08/2020 9:10:11 PM,252 Event OK
3/08/2020 9:10:12 PM,EVENT 54394 1596489002 -310128002/1219229851/741/14/0 INPUT 7 0 1 v:121
3/08/2020 9:10:12 PM,252 Event OK
3/08/2020 9:10:13 PM,EVENT 54395 1596489003 -310127999/1219229850/740/14/0 INPUT 7 1 0 v:121
3/08/2020 9:10:13 PM,252 Event OK
3/08/2020 9:10:14 PM,EVENT 54396 1596489003 -310127999/1219229850/740/14/0 INPUT 8 0 1 v:121
3/08/2020 9:10:14 PM,252 Event OK
3/08/2020 9:10:14 PM,EVENT 54397 1596489003 -310127996/1219229848/739/14/0 INPUT 8 1 0 v:121
3/08/2020 9:10:14 PM,252 Event OK
3/08/2020 9:10:15 PM,EVENT 54398 1596489003 -310127993/1219229847/738/14/0 INPUT 7 0 1 v:121
3/08/2020 9:10:15 PM,252 Event OK
3/08/2020 9:10:16 PM,EVENT 54399 1596489004 -310127990/1219229844/737/14/0 INPUT 7 1 0 v:121
3/08/2020 9:10:16 PM,252 Event OK
3/08/2020 9:10:17 PM,EVENT 54400 1596489004 -310127990/1219229844/737/14/0 INPUT 8 0 1 v:121
3/08/2020 9:10:17 PM,252 Event OK
3/08/2020 9:10:18 PM,EVENT 54401 1596489004 -310127990/1219229844/737/14/0 INPUT 8 1 0 v:121
3/08/2020 9:10:18 PM,252 Event OK
3/08/2020 9:10:18 PM,EVENT 54402 1596489004 -310127986/1219229841/735/14/0 INPUT 7 0 1 v:121
3/08/2020 9:10:18 PM,252 Event OK
3/08/2020 9:10:19 PM,EVENT 54403 1596489005 -310127981/1219229837/734/14/0 INPUT 7 1 0 v:121
3/08/2020 9:10:19 PM,252 Event OK
3/08/2020 9:10:20 PM,EVENT 54404 1596489005 -310127981/1219229837/734/14/0 INPUT 8 0 2 v:121
3/08/2020 9:10:20 PM,252 Event OK
3/08/2020 9:10:21 PM,EVENT 54405 1596489005 -310127981/1219229837/734/14/0 INPUT 8 1 0 v:121
3/08/2020 9:10:21 PM,252 Event OK
3/08/2020 9:10:22 PM,EVENT 54406 1596489006 -310127979/1219229835/733/14/0 INPUT 7 0 1 v:121
3/08/2020 9:10:22 PM,252 Event OK
3/08/2020 9:10:22 PM,EVENT 54407 1596489017 -310127988/1219229818/741/14/0 INPUT 4 1 0 v:122
3/08/2020 9:10:22 PM,252 Event OK
3/08/2020 9:10:23 PM,EVENT 54408 1596489018 -310127992/1219229817/742/14/0 INPUT 1 0 245 v:122
3/08/2020 9:10:23 PM,252 Event OK
3/08/2020 9:10:24 PM,QUIT
3/08/2020 9:10:24 PM,221 Session ended - goodbye
3/08/2020 9:11:16 PM,UNIT 10604
3/08/2020 9:11:16 PM,333 CHAL 48346C61
3/08/2020 9:11:17 PM,RESP 2E26CE7E
3/08/2020 9:11:17 PM,230 Auth OK
3/08/2020 9:11:18 PM,TIME
3/08/2020 9:11:18 PM,211 TIME 1596489078
3/08/2020 9:11:18 PM,EVCOUNT 1
3/08/2020 9:11:18 PM,252 Event OK
3/08/2020 9:11:19 PM,TODO
3/08/2020 9:11:19 PM,226 Nothing to do
3/08/2020 9:11:20 PM,EVENT 54409 1596489071 -310128560/1219230031/690/14/3 INPUT 3 1 0 v:121
3/08/2020 9:11:20 PM,252 Event OK
3/08/2020 9:11:20 PM,QUIT
3/08/2020 9:11:20 PM,221 Session ended - goodbye
3/08/2020 9:11:34 PM,UNIT 10604
3/08/2020 9:11:34 PM,333 CHAL 75BF0D41
3/08/2020 9:11:35 PM,RESP 83A7B9D5
3/08/2020 9:11:35 PM,230 Auth OK
3/08/2020 9:11:35 PM,TIME
3/08/2020 9:11:35 PM,211 TIME 1596489095
3/08/2020 9:11:36 PM,EVCOUNT 5
3/08/2020 9:11:36 PM,252 Event OK
3/08/2020 9:11:36 PM,TODO
3/08/2020 9:11:36 PM,226 Nothing to do
3/08/2020 9:11:37 PM,EVENT 54410 1596489088 -310121969/1219233709/702/11/12 INPUT 3 0 17 v:121
3/08/2020 9:11:37 PM,252 Event OK
3/08/2020 9:11:38 PM,EVENT 54411 1596489091 -310121638/1219233433/768/11/3 INPUT 7 1 0 v:121
3/08/2020 9:11:38 PM,252 Event OK
3/08/2020 9:11:39 PM,EVENT 54412 1596489091 -310121638/1219233433/768/11/3 INPUT 8 0 85 v:121
3/08/2020 9:11:39 PM,252 Event OK
3/08/2020 9:11:40 PM,EVENT 54413 1596489092 -310121652/1219233447/794/11/2 INPUT 1 1 0 v:121
3/08/2020 9:11:40 PM,252 Event OK
3/08/2020 9:11:41 PM,EVENT 54414 1596489092 -310121656/1219233448/802/11/1 INPUT 4 0 76 v:121
3/08/2020 9:11:41 PM,252 Event OK
3/08/2020 9:11:41 PM,EVENT 54415 1596489095 -310121640/1219233412/856/11/0 TRIP 54388 17 62 34 25 113 v:120
3/08/2020 9:11:41 PM,252 Event OK
3/08/2020 9:11:42 PM,QUIT
3/08/2020 9:11:42 PM,221 Session ended - goodbye
4/08/2020 3:30:41 AM,UNIT 10604
4/08/2020 3:30:41 AM,333 CHAL 4E452C50
4/08/2020 3:30:41 AM,RESP 0754534E
4/08/2020 3:30:41 AM,230 Auth OK
4/08/2020 3:30:41 AM,TIME
4/08/2020 3:30:41 AM,211 TIME 1596511841
4/08/2020 3:30:41 AM,EVCOUNT 11
4/08/2020 3:30:41 AM,252 Event OK
4/08/2020 3:30:42 AM,TODO
4/08/2020 3:30:42 AM,226 Nothing to do
4/08/2020 3:30:42 AM,EVENT 54416 1596511800 0/0/0/0/0 SWSTART OpusFC 5.0.58.515 R v:121
4/08/2020 3:30:42 AM,252 Event OK
4/08/2020 3:30:42 AM,EVENT 54417 1596489095 0/0/0/0/0 POWERDOWN v:121
4/08/2020 3:30:42 AM,252 Event OK
4/08/2020 3:30:43 AM,EVENT 54418 1596511800 0/0/0/0/0 INPUT 1 1 0 v:121
4/08/2020 3:30:43 AM,252 Event OK
4/08/2020 3:30:43 AM,EVENT 54419 1596511800 0/0/0/0/0 INPUT 2 0 0 v:121
4/08/2020 3:30:43 AM,252 Event OK
4/08/2020 3:30:43 AM,EVENT 54420 1596511800 0/0/0/0/0 INPUT 3 0 0 v:121
4/08/2020 3:30:43 AM,252 Event OK
4/08/2020 3:30:43 AM,EVENT 54421 1596511800 0/0/0/0/0 INPUT 4 0 0 v:121
4/08/2020 3:30:43 AM,252 Event OK
4/08/2020 3:30:44 AM,EVENT 54422 1596511800 0/0/0/0/0 INPUT 7 0 0 v:121
4/08/2020 3:30:44 AM,252 Event OK
4/08/2020 3:30:44 AM,EVENT 54423 1596511800 0/0/0/0/0 INPUT 8 1 0 v:121
4/08/2020 3:30:44 AM,252 Event OK
4/08/2020 3:30:44 AM,EVENT 54424 1596511802 0/0/0/0/0 ZONE_OK 2 100 FW=NO VERSION v:121
4/08/2020 3:30:44 AM,252 Event OK
4/08/2020 3:30:44 AM,EVENT 54425 1596511812 0/0/0/0/0 SIGNON 2494 03edef18 OK_CL 26 90873 0 v:121
4/08/2020 3:30:44 AM,252 Event OK
4/08/2020 3:30:45 AM,EVENT 54426 1596511833 -310121772/1219233165/2046/11/2 CHECKLIST 54425 OK 0 21 432 F v:121
4/08/2020 3:30:45 AM,252 Event OK
4/08/2020 3:30:45 AM,EVENT 54427 1596511841 -310121831/1219233211/1505/11/0 INPUT 7 1 0 v:122
4/08/2020 3:30:45 AM,252 Event OK
4/08/2020 3:30:45 AM,EVENT 54428 1596511842 -310121837/1219233214/1458/11/0 INPUT 4 1 0 v:122
4/08/2020 3:30:45 AM,252 Event OK
4/08/2020 3:30:45 AM,QUIT
4/08/2020 3:30:45 AM,221 Session ended - goodbye
4/08/2020 3:30:56 AM,UNIT 10604
4/08/2020 3:30:56 AM,333 CHAL 7EDF9A74
4/08/2020 3:30:56 AM,RESP 83F90702
4/08/2020 3:30:56 AM,230 Auth OK
4/08/2020 3:30:57 AM,TIME
4/08/2020 3:30:57 AM,211 TIME 1596511857
4/08/2020 3:30:57 AM,EVCOUNT 3
4/08/2020 3:30:57 AM,252 Event OK
4/08/2020 3:30:58 AM,TODO
4/08/2020 3:30:58 AM,226 Nothing to do
4/08/2020 3:30:59 AM,EVENT 54429 1596511843 -310121840/1219233211/1387/11/0 INPUT 7 0 3 v:122
4/08/2020 3:30:59 AM,252 Event OK
4/08/2020 3:31:00 AM,EVENT 54430 1596511844 -310121841/1219233206/1341/11/0 INPUT 1 0 44 v:122
4/08/2020 3:31:00 AM,252 Event OK
4/08/2020 3:31:01 AM,EVENT 54431 1596511845 -310121842/1219233202/1302/11/0 LOWCOOLANT 54425 3 v:121
4/08/2020 3:31:01 AM,252 Event OK
4/08/2020 3:31:01 AM,QUIT
4/08/2020 3:31:01 AM,221 Session ended - goodbye
4/08/2020 3:31:24 AM,UNIT 10604
4/08/2020 3:31:24 AM,333 CHAL 3A1C35B6
4/08/2020 3:31:24 AM,RESP 87EA764E
4/08/2020 3:31:24 AM,230 Auth OK
4/08/2020 3:31:25 AM,TIME
4/08/2020 3:31:25 AM,211 TIME 1596511885
4/08/2020 3:31:26 AM,EVCOUNT 4
4/08/2020 3:31:26 AM,252 Event OK
4/08/2020 3:31:26 AM,TODO
4/08/2020 3:31:26 AM,226 Nothing to do
4/08/2020 3:31:27 AM,EVENT 54432 1596511878 -310121862/1219233217/884/11/0 INPUT 4 0 37 v:121
4/08/2020 3:31:27 AM,252 Event OK
4/08/2020 3:31:28 AM,EVENT 54433 1596511878 -310121862/1219233217/884/11/0 INPUT 4 1 0 v:121
4/08/2020 3:31:28 AM,252 Event OK
4/08/2020 3:31:29 AM,EVENT 54434 1596511882 -310121960/1219233318/835/11/0 INPUT 4 0 4 v:121
4/08/2020 3:31:29 AM,252 Event OK
4/08/2020 3:31:30 AM,EVENT 54435 1596511882 -310121960/1219233318/835/11/0 INPUT 4 1 0 v:121
4/08/2020 3:31:30 AM,252 Event OK
4/08/2020 3:31:30 AM,QUIT
4/08/2020 3:31:30 AM,221 Session ended - goodbye
4/08/2020 3:31:41 AM,UNIT 10604
4/08/2020 3:31:41 AM,333 CHAL 1357A093
4/08/2020 3:31:41 AM,RESP 5BC7EDDA
4/08/2020 3:31:41 AM,230 Auth OK
4/08/2020 3:31:42 AM,TIME
4/08/2020 3:31:42 AM,211 TIME 1596511902
4/08/2020 3:31:42 AM,EVCOUNT 2
4/08/2020 3:31:42 AM,252 Event OK
4/08/2020 3:31:43 AM,TODO
4/08/2020 3:31:43 AM,226 Nothing to do
4/08/2020 3:31:44 AM,EVENT 54436 1596511891 -310122280/1219233487/762/10/0 INPUT 4 0 9 v:121
4/08/2020 3:31:44 AM,252 Event OK
4/08/2020 3:31:45 AM,EVENT 54437 1596511892 -310122280/1219233487/762/10/0 INPUT 4 1 0 v:121
4/08/2020 3:31:45 AM,252 Event OK
4/08/2020 3:31:45 AM,QUIT
4/08/2020 3:31:45 AM,221 Session ended - goodbye
4/08/2020 3:31:56 AM,UNIT 10604
4/08/2020 3:31:56 AM,333 CHAL 7F457475
4/08/2020 3:31:57 AM,RESP 492E3164
4/08/2020 3:31:57 AM,230 Auth OK
4/08/2020 3:31:57 AM,TIME
4/08/2020 3:31:57 AM,211 TIME 1596511917
4/08/2020 3:31:58 AM,EVCOUNT 1
4/08/2020 3:31:58 AM,252 Event OK
4/08/2020 3:31:59 AM,TODO
4/08/2020 3:31:59 AM,226 Nothing to do
4/08/2020 3:32:00 AM,EVENT 54438 1596511911 -310123055/1219232400/703/10/8 INPUT 3 1 0 v:121
4/08/2020 3:32:00 AM,252 Event OK
4/08/2020 3:32:00 AM,QUIT
4/08/2020 3:32:00 AM,221 Session ended - goodbye
4/08/2020 3:32:19 AM,UNIT 10604
4/08/2020 3:32:19 AM,333 CHAL 78ACD3D
4/08/2020 3:32:20 AM,RESP CFDF0219
4/08/2020 3:32:20 AM,230 Auth OK
4/08/2020 3:32:20 AM,TIME
4/08/2020 3:32:20 AM,211 TIME 1596511940
4/08/2020 3:32:21 AM,EVCOUNT 1
4/08/2020 3:32:21 AM,252 Event OK
4/08/2020 3:32:22 AM,TODO
4/08/2020 3:32:22 AM,226 Nothing to do
4/08/2020 3:32:23 AM,EVENT 54439 1596511933 -310127826/1219230648/658/9/9 INPUT 3 0 23 v:121
4/08/2020 3:32:23 AM,252 Event OK
4/08/2020 3:32:24 AM,QUIT
4/08/2020 3:32:24 AM,221 Session ended - goodbye
4/08/2020 3:32:37 AM,UNIT 10604
4/08/2020 3:32:37 AM,333 CHAL 3B5C44AB
4/08/2020 3:32:37 AM,RESP F2F8728E
4/08/2020 3:32:37 AM,230 Auth OK
4/08/2020 3:32:38 AM,TIME
4/08/2020 3:32:38 AM,211 TIME 1596511958
4/08/2020 3:32:39 AM,EVCOUNT 2
4/08/2020 3:32:39 AM,252 Event OK
4/08/2020 3:32:39 AM,TODO
4/08/2020 3:32:39 AM,226 Nothing to do
4/08/2020 3:32:40 AM,EVENT 54440 1596511951 -310128339/1219229754/693/1/0 INPUT 4 0 60 v:121
4/08/2020 3:32:40 AM,252 Event OK
4/08/2020 3:32:41 AM,EVENT 54441 1596511951 -310128339/1219229754/693/1/0 INPUT 4 1 0 v:121
4/08/2020 3:32:41 AM,252 Event OK
4/08/2020 3:32:42 AM,QUIT
4/08/2020 3:32:42 AM,221 Session ended - goodbye
4/08/2020 3:32:52 AM,UNIT 10604
4/08/2020 3:32:52 AM,333 CHAL C11BF8D
4/08/2020 3:32:53 AM,RESP A19784E1
4/08/2020 3:32:53 AM,230 Auth OK
4/08/2020 3:32:53 AM,TIME
4/08/2020 3:32:53 AM,211 TIME 1596511973
4/08/2020 3:32:54 AM,EVCOUNT 2
4/08/2020 3:32:54 AM,252 Event OK
4/08/2020 3:32:54 AM,TODO
4/08/2020 3:32:54 AM,226 Nothing to do
4/08/2020 3:32:55 AM,EVENT 54442 1596511963 -310128181/1219229687/715/1/0 INPUT 4 0 12 v:121
4/08/2020 3:32:55 AM,252 Event OK
4/08/2020 3:32:56 AM,EVENT 54443 1596511964 -310128176/1219229684/717/1/0 INPUT 4 1 0 v:121
4/08/2020 3:32:56 AM,252 Event OK
4/08/2020 3:32:56 AM,QUIT
4/08/2020 3:32:56 AM,221 Session ended - goodbye
4/08/2020 3:33:07 AM,UNIT 10604
4/08/2020 3:33:07 AM,333 CHAL 2826DE33
4/08/2020 3:33:07 AM,RESP BFB53180
4/08/2020 3:33:07 AM,230 Auth OK
4/08/2020 3:33:08 AM,TIME
4/08/2020 3:33:08 AM,211 TIME 1596511988
4/08/2020 3:33:08 AM,EVCOUNT 7
4/08/2020 3:33:08 AM,252 Event OK
4/08/2020 3:33:09 AM,TODO
4/08/2020 3:33:09 AM,226 Nothing to do
4/08/2020 3:33:10 AM,EVENT 54444 1596511977 -310127784/1219229481/689/1/0 INPUT 7 1 0 v:121
4/08/2020 3:33:10 AM,252 Event OK
4/08/2020 3:33:11 AM,EVENT 54445 1596511977 -310127784/1219229481/689/1/0 INPUT 8 0 176 v:121
4/08/2020 3:33:11 AM,252 Event OK
4/08/2020 3:33:12 AM,EVENT 54446 1596511978 -310127780/1219229473/687/1/0 INPUT 1 1 0 v:121
4/08/2020 3:33:12 AM,252 Event OK
4/08/2020 3:33:13 AM,EVENT 54447 1596511979 -310127776/1219229465/684/11/0 INPUT 4 0 16 v:121
4/08/2020 3:33:13 AM,252 Event OK
4/08/2020 3:33:13 AM,EVENT 54448 1596511981 -310127768/1219229450/680/11/0 TRIP 54425 23 115 12 10 150 v:121
4/08/2020 3:33:13 AM,252 Event OK
4/08/2020 3:33:14 AM,EVENT 54449 1596511981 -310127768/1219229450/680/11/0 TRIPSUMMARY 54425 v:121
4/08/2020 3:33:14 AM,252 Event OK
4/08/2020 3:33:15 AM,EVENT 54450 1596511985 -310127757/1219229428/673/11/0 REPORT * 0 89 v:121
4/08/2020 3:33:15 AM,252 Event OK
4/08/2020 3:33:15 AM,QUIT
4/08/2020 3:33:15 AM,221 Session ended - goodbye
4/08/2020 3:44:06 AM,UNIT 10604
4/08/2020 3:44:06 AM,333 CHAL EB3BCA8
4/08/2020 3:44:07 AM,RESP 233A0377
4/08/2020 3:44:07 AM,230 Auth OK
4/08/2020 3:44:07 AM,TIME
4/08/2020 3:44:07 AM,211 TIME 1596512647
4/08/2020 3:44:08 AM,EVCOUNT 2
4/08/2020 3:44:08 AM,252 Event OK
4/08/2020 3:44:08 AM,TODO
4/08/2020 3:44:08 AM,226 Nothing to do
4/08/2020 3:44:09 AM,EVENT 54451 1596512640 -310127735/1219229431/785/11/0 INPUT 8 1 0 v:121
4/08/2020 3:44:09 AM,252 Event OK
4/08/2020 3:44:10 AM,EVENT 54452 1596512640 -310127735/1219229430/785/11/0 INPUT 7 0 664 v:121
4/08/2020 3:44:10 AM,252 Event OK
4/08/2020 3:44:11 AM,EVENT 54453 1596512647 -310127764/1219229406/741/11/0 SIGNON * 0 NOCARD 26 0 000000 v:121
4/08/2020 3:44:11 AM,252 Event OK
4/08/2020 3:44:12 AM,QUIT
4/08/2020 3:44:12 AM,221 Session ended - goodbye
4/08/2020 3:44:24 AM,UNIT 10604
4/08/2020 3:44:24 AM,333 CHAL 274CDB15
4/08/2020 3:44:24 AM,RESP F9C5EC60
4/08/2020 3:44:24 AM,230 Auth OK
4/08/2020 3:44:25 AM,TIME
4/08/2020 3:44:25 AM,211 TIME 1596512665
4/08/2020 3:44:25 AM,EVCOUNT 1
4/08/2020 3:44:25 AM,252 Event OK
4/08/2020 3:44:26 AM,TODO
4/08/2020 3:44:26 AM,125 TODO GETXML 2000 Operators 
225 Work list complete
4/08/2020 3:44:26 AM,GETXML
4/08/2020 3:44:26 AM,Binary data 4200 bytes
4/08/2020 3:44:28 AM,GOT Operators 4152 1C8F75B1
4/08/2020 3:44:28 AM,250 Download OK
4/08/2020 3:44:29 AM,EVENT 54454 1596512658 -310127736/1219229369/722/11/0 SIGNON 2494 03edef18 OK 26 90873 0 v:121
4/08/2020 3:44:29 AM,252 Event OK
4/08/2020 3:44:30 AM,EVENT 54455 1596512666 -310127721/1219229349/714/10/0 INPUT 7 1 0 v:122
4/08/2020 3:44:30 AM,252 Event OK
4/08/2020 3:44:31 AM,EVENT 54456 1596512667 -310127720/1219229349/716/10/0 INPUT 4 1 0 v:122
4/08/2020 3:44:31 AM,252 Event OK
4/08/2020 3:44:32 AM,EVENT 54457 1596512667 -310127720/1219229349/716/10/0 INPUT 7 0 1 v:122
4/08/2020 3:44:32 AM,252 Event OK
4/08/2020 3:44:32 AM,EVENT 54458 1596512667 -310127720/1219229349/716/10/0 INPUT 1 0 689 v:122
4/08/2020 3:44:32 AM,252 Event OK
4/08/2020 3:44:33 AM,QUIT
4/08/2020 3:44:33 AM,221 Session ended - goodbye
4/08/2020 3:45:42 AM,UNIT 10604
4/08/2020 3:45:42 AM,333 CHAL 5D51F19A
4/08/2020 3:45:43 AM,RESP D0AE99F9
4/08/2020 3:45:43 AM,230 Auth OK
4/08/2020 3:45:43 AM,TIME
4/08/2020 3:45:43 AM,211 TIME 1596512744
4/08/2020 3:45:44 AM,EVCOUNT 4
4/08/2020 3:45:44 AM,252 Event OK
4/08/2020 3:45:44 AM,TODO
4/08/2020 3:45:44 AM,226 Nothing to do
4/08/2020 3:45:45 AM,EVENT 54459 1596512736 -310128127/1219229626/691/9/0 INPUT 4 0 70 v:121
4/08/2020 3:45:45 AM,252 Event OK
4/08/2020 3:45:46 AM,EVENT 54460 1596512737 -310128141/1219229634/688/9/0 INPUT 4 1 0 v:121
4/08/2020 3:45:46 AM,252 Event OK
4/08/2020 3:45:47 AM,EVENT 54461 1596512740 -310128193/1219229662/685/9/0 INPUT 4 0 4 v:121
4/08/2020 3:45:47 AM,252 Event OK
4/08/2020 3:45:48 AM,EVENT 54462 1596512740 -310128193/1219229662/685/9/0 INPUT 4 1 0 v:121
4/08/2020 3:45:48 AM,252 Event OK
4/08/2020 3:45:49 AM,QUIT
4/08/2020 3:45:49 AM,221 Session ended - goodbye
4/08/2020 3:46:00 AM,UNIT 10604
4/08/2020 3:46:00 AM,333 CHAL 5F2BC87E
4/08/2020 3:46:01 AM,RESP B56A76C7
4/08/2020 3:46:01 AM,230 Auth OK
4/08/2020 3:46:02 AM,TIME
4/08/2020 3:46:02 AM,211 TIME 1596512762
4/08/2020 3:46:02 AM,EVCOUNT 2
4/08/2020 3:46:02 AM,252 Event OK
4/08/2020 3:46:03 AM,TODO
4/08/2020 3:46:03 AM,226 Nothing to do
4/08/2020 3:46:04 AM,EVENT 54463 1596512748 -310128327/1219229705/712/9/0 INPUT 4 0 8 v:121
4/08/2020 3:46:04 AM,252 Event OK
4/08/2020 3:46:04 AM,EVENT 54464 1596512748 -310128331/1219229703/726/9/0 INPUT 4 1 0 v:121
4/08/2020 3:46:04 AM,252 Event OK
4/08/2020 3:46:05 AM,QUIT
4/08/2020 3:46:05 AM,221 Session ended - goodbye
4/08/2020 3:46:16 AM,UNIT 10604
4/08/2020 3:46:16 AM,333 CHAL 717B7FAC
4/08/2020 3:46:16 AM,RESP F604549F
4/08/2020 3:46:16 AM,230 Auth OK
4/08/2020 3:46:17 AM,TIME
4/08/2020 3:46:17 AM,211 TIME 1596512777
4/08/2020 3:46:18 AM,EVCOUNT 1
4/08/2020 3:46:18 AM,252 Event OK
4/08/2020 3:46:18 AM,TODO
4/08/2020 3:46:18 AM,226 Nothing to do
4/08/2020 3:46:19 AM,EVENT 54465 1596512765 -310127685/1219230683/732/0/8 INPUT 3 1 0 v:122
4/08/2020 3:46:19 AM,252 Event OK
4/08/2020 3:46:20 AM,QUIT
4/08/2020 3:46:20 AM,221 Session ended - goodbye
4/08/2020 3:46:35 AM,UNIT 10604
4/08/2020 3:46:35 AM,333 CHAL 10CA384E
4/08/2020 3:46:35 AM,RESP 398BCD60
4/08/2020 3:46:35 AM,230 Auth OK
4/08/2020 3:46:36 AM,TIME
4/08/2020 3:46:36 AM,211 TIME 1596512796
4/08/2020 3:46:37 AM,EVCOUNT 1
4/08/2020 3:46:37 AM,252 Event OK
4/08/2020 3:46:37 AM,TODO
4/08/2020 3:46:37 AM,226 Nothing to do
4/08/2020 3:46:38 AM,EVENT 54466 1596512789 -310122123/1219233050/680/9/10 INPUT 3 0 24 v:122
4/08/2020 3:46:38 AM,252 Event OK
4/08/2020 3:46:39 AM,QUIT
4/08/2020 3:46:39 AM,221 Session ended - goodbye
4/08/2020 3:46:52 AM,UNIT 10604
4/08/2020 3:46:52 AM,333 CHAL 40229E44
4/08/2020 3:46:52 AM,RESP 2EC4E32A
4/08/2020 3:46:52 AM,230 Auth OK
4/08/2020 3:46:53 AM,TIME
4/08/2020 3:46:53 AM,211 TIME 1596512813
4/08/2020 3:46:54 AM,EVCOUNT 6
4/08/2020 3:46:54 AM,252 Event OK
4/08/2020 3:46:55 AM,TODO
4/08/2020 3:46:55 AM,226 Nothing to do
4/08/2020 3:46:56 AM,EVENT 54467 1596512805 -310121341/1219232044/2467/9/0 INPUT 4 0 57 v:121
4/08/2020 3:46:56 AM,252 Event OK
4/08/2020 3:46:57 AM,EVENT 54468 1596512806 -310121342/1219232020/2544/9/0 INPUT 4 1 0 v:121
4/08/2020 3:46:57 AM,252 Event OK
4/08/2020 3:46:58 AM,EVENT 54469 1596512809 -310121437/1219231862/2930/9/0 INPUT 7 1 0 v:121
4/08/2020 3:46:58 AM,252 Event OK
4/08/2020 3:46:59 AM,EVENT 54470 1596512809 -310121437/1219231862/2930/9/0 INPUT 8 0 169 v:121
4/08/2020 3:46:59 AM,252 Event OK
4/08/2020 3:47:00 AM,EVENT 54471 1596512810 -310121456/1219231844/3150/9/0 INPUT 1 1 0 v:121
4/08/2020 3:47:00 AM,252 Event OK
4/08/2020 3:47:00 AM,EVENT 54472 1596512810 -310121458/1219231844/3280/9/0 INPUT 4 0 5 v:121
4/08/2020 3:47:00 AM,252 Event OK
4/08/2020 3:47:01 AM,EVENT 54473 1596512813 -310121582/1219231999/3192/9/0 TRIP 54454 24 120 12 9 156 v:121
4/08/2020 3:47:01 AM,252 Event OK
4/08/2020 3:47:02 AM,QUIT
4/08/2020 3:47:02 AM,221 Session ended - goodbye
4/08/2020 4:08:40 AM,UNIT 10604
4/08/2020 4:08:40 AM,333 CHAL 1819FE1D
4/08/2020 4:08:41 AM,RESP 66232F88
4/08/2020 4:08:41 AM,230 Auth OK
4/08/2020 4:08:42 AM,TIME
4/08/2020 4:08:42 AM,211 TIME 1596514122
4/08/2020 4:08:42 AM,EVCOUNT 2
4/08/2020 4:08:42 AM,252 Event OK
4/08/2020 4:08:43 AM,TODO
4/08/2020 4:08:43 AM,226 Nothing to do
4/08/2020 4:08:44 AM,EVENT 54474 1596514114 -310123826/1219234193/2085/7/0 INPUT 8 1 0 v:121
4/08/2020 4:08:44 AM,252 Event OK
4/08/2020 4:08:45 AM,EVENT 54475 1596514114 -310123826/1219234193/2085/7/0 INPUT 7 0 1306 v:121
4/08/2020 4:08:45 AM,252 Event OK
4/08/2020 4:08:45 AM,QUIT
4/08/2020 4:08:45 AM,221 Session ended - goodbye
4/08/2020 4:08:56 AM,UNIT 10604
4/08/2020 4:08:56 AM,333 CHAL 3D1EAF02
4/08/2020 4:08:56 AM,RESP A8356C01
4/08/2020 4:08:56 AM,230 Auth OK
4/08/2020 4:08:57 AM,TIME
4/08/2020 4:08:57 AM,211 TIME 1596514137
4/08/2020 4:08:58 AM,EVCOUNT 5
4/08/2020 4:08:58 AM,252 Event OK
4/08/2020 4:08:58 AM,TODO
4/08/2020 4:08:58 AM,226 Nothing to do
4/08/2020 4:08:59 AM,EVENT 54476 1596514125 -310123729/1219234257/2230/7/0 SIGNON 2494 03edef18 OK 26 90873 0 v:121
4/08/2020 4:08:59 AM,252 Event OK
4/08/2020 4:09:00 AM,EVENT 54477 1596514129 -310123685/1219234246/2258/7/0 REPORT 54476 0 17 v:121
4/08/2020 4:09:00 AM,252 Event OK
4/08/2020 4:09:01 AM,EVENT 54478 1596514132 -310123680/1219234275/2244/7/0 INPUT 7 1 0 v:122
4/08/2020 4:09:01 AM,252 Event OK
4/08/2020 4:09:02 AM,EVENT 54479 1596514132 -310123680/1219234275/2244/7/0 INPUT 4 1 0 v:122
4/08/2020 4:09:02 AM,252 Event OK
4/08/2020 4:09:03 AM,EVENT 54480 1596514134 -310123682/1219234326/2229/7/0 INPUT 1 0 1324 v:122
4/08/2020 4:09:03 AM,252 Event OK
4/08/2020 4:09:04 AM,EVENT 54481 1596514136 -310123680/1219234383/2194/7/0 INPUT 7 0 4 v:122
4/08/2020 4:09:04 AM,252 Event OK
4/08/2020 4:09:05 AM,EVENT 54482 1596514137 -310123675/1219234422/2170/7/0 LOWCOOLANT 54476 4 v:122
4/08/2020 4:09:05 AM,252 Event OK
4/08/2020 4:09:05 AM,QUIT
4/08/2020 4:09:05 AM,221 Session ended - goodbye
4/08/2020 4:09:22 AM,UNIT 10604
4/08/2020 4:09:22 AM,333 CHAL 6FD55A48
4/08/2020 4:09:22 AM,RESP ED84A7BB
4/08/2020 4:09:22 AM,230 Auth OK
4/08/2020 4:09:23 AM,TIME
4/08/2020 4:09:23 AM,211 TIME 1596514163
4/08/2020 4:09:23 AM,EVCOUNT 4
4/08/2020 4:09:23 AM,252 Event OK
4/08/2020 4:09:24 AM,TODO
4/08/2020 4:09:24 AM,226 Nothing to do
4/08/2020 4:09:25 AM,EVENT 54483 1596514157 -310123641/1219234711/2084/7/0 INPUT 7 1 0 v:121
4/08/2020 4:09:25 AM,252 Event OK
4/08/2020 4:09:26 AM,EVENT 54484 1596514157 -310123641/1219234711/2084/7/0 INPUT 8 0 43 v:121
4/08/2020 4:09:26 AM,252 Event OK
4/08/2020 4:09:27 AM,EVENT 54485 1596514158 -310123652/1219234684/2075/7/0 INPUT 1 1 0 v:121
4/08/2020 4:09:27 AM,252 Event OK
4/08/2020 4:09:27 AM,EVENT 54486 1596514159 -310123665/1219234641/2056/7/0 INPUT 4 0 28 v:121
4/08/2020 4:09:27 AM,252 Event OK
4/08/2020 4:09:29 AM,EVENT 54487 1596514161 -310123700/1219234579/2027/7/0 TRIP 54476 0 28 9 7 37 v:122
4/08/2020 4:09:29 AM,252 Event OK
4/08/2020 4:09:30 AM,EVENT 54488 1596514161 -310123714/1219234564/2018/7/0 TRIPSUMMARY 54476 v:122
4/08/2020 4:09:30 AM,252 Event OK
4/08/2020 4:09:30 AM,QUIT
4/08/2020 4:09:30 AM,221 Session ended - goodbye
4/08/2020 8:13:01 AM,UNIT 10604
4/08/2020 8:13:01 AM,333 CHAL 590C443
4/08/2020 8:13:01 AM,RESP 5405756F
4/08/2020 8:13:01 AM,230 Auth OK
4/08/2020 8:13:01 AM,TIME
4/08/2020 8:13:01 AM,211 TIME 1596528781
4/08/2020 8:13:01 AM,EVCOUNT 16
4/08/2020 8:13:01 AM,252 Event OK
4/08/2020 8:13:01 AM,TODO
4/08/2020 8:13:01 AM,226 Nothing to do
4/08/2020 8:13:02 AM,EVENT 54489 1596528714 -310123714/1219234564/2018/0/0 SWSTART OpusFC 5.0.58.515 R v:121
4/08/2020 8:13:02 AM,252 Event OK
4/08/2020 8:13:02 AM,EVENT 54490 1596514161 0/0/0/0/0 POWERDOWN v:122
4/08/2020 8:13:02 AM,252 Event OK
4/08/2020 8:13:03 AM,EVENT 54491 1596528714 0/0/0/0/0 INPUT 1 1 0 v:121
4/08/2020 8:13:03 AM,252 Event OK
4/08/2020 8:13:03 AM,EVENT 54492 1596528714 0/0/0/0/0 INPUT 2 0 0 v:120
4/08/2020 8:13:03 AM,252 Event OK
4/08/2020 8:13:03 AM,EVENT 54493 1596528714 0/0/0/0/0 INPUT 3 0 0 v:121
4/08/2020 8:13:03 AM,252 Event OK
4/08/2020 8:13:03 AM,EVENT 54494 1596528714 0/0/0/0/0 INPUT 4 0 0 v:121
4/08/2020 8:13:03 AM,252 Event OK
4/08/2020 8:13:04 AM,EVENT 54495 1596528714 0/0/0/0/0 INPUT 7 0 0 v:121
4/08/2020 8:13:04 AM,252 Event OK
4/08/2020 8:13:04 AM,EVENT 54496 1596528714 0/0/0/0/0 INPUT 8 1 0 v:121
4/08/2020 8:13:04 AM,252 Event OK
4/08/2020 8:13:04 AM,EVENT 54497 1596528716 0/0/0/0/0 ZONE_OK 2 100 FW=NO VERSION v:121
4/08/2020 8:13:04 AM,252 Event OK
4/08/2020 8:13:04 AM,EVENT 54498 1596528725 0/0/0/0/0 SIGNON * 0 NOCARD 26 0 090800 v:121
4/08/2020 8:13:04 AM,252 Event OK
4/08/2020 8:13:05 AM,EVENT 54499 1596528736 0/0/0/6/0 SIGNON 2494 03edef18 OK 26 90873 0 v:121
4/08/2020 8:13:05 AM,252 Event OK
4/08/2020 8:13:05 AM,EVENT 54500 1596528743 0/0/0/6/0 INPUT 7 1 0 v:121
4/08/2020 8:13:05 AM,252 Event OK
4/08/2020 8:13:05 AM,EVENT 54501 1596528743 0/0/0/6/0 INPUT 4 1 0 v:121
4/08/2020 8:13:05 AM,252 Event OK
4/08/2020 8:13:05 AM,EVENT 54502 1596528745 0/0/0/6/0 INPUT 7 0 3 v:122
4/08/2020 8:13:05 AM,252 Event OK
4/08/2020 8:13:06 AM,EVENT 54503 1596528747 0/0/0/6/0 INPUT 1 0 32 v:122
4/08/2020 8:13:06 AM,252 Event OK
4/08/2020 8:13:06 AM,EVENT 54504 1596528747 0/0/0/6/0 LOWCOOLANT 54499 3 v:121
4/08/2020 8:13:06 AM,252 Event OK
4/08/2020 8:13:06 AM,QUIT
4/08/2020 8:13:06 AM,221 Session ended - goodbye
4/08/2020 8:18:53 AM,UNIT 10604
4/08/2020 8:18:53 AM,333 CHAL 127D2823
4/08/2020 8:18:54 AM,RESP 21645987
4/08/2020 8:18:54 AM,230 Auth OK
4/08/2020 8:18:55 AM,TIME
4/08/2020 8:18:55 AM,211 TIME 1596529135
4/08/2020 8:18:56 AM,EVCOUNT 6
4/08/2020 8:18:56 AM,252 Event OK
4/08/2020 8:18:57 AM,TODO
4/08/2020 8:18:57 AM,125 TODO GETXML 2000 Operators 
225 Work list complete
4/08/2020 8:18:58 AM,GETXML
4/08/2020 8:18:58 AM,Binary data 4200 bytes
4/08/2020 8:18:59 AM,GOT Operators 4152 1C8F75B1
4/08/2020 8:18:59 AM,250 Download OK
4/08/2020 8:19:00 AM,EVENT 54505 1596529127 -310124160/1219234308/2656/10/0 INPUT 7 1 0 v:121
4/08/2020 8:19:00 AM,252 Event OK
4/08/2020 8:19:00 AM,EVENT 54506 1596529127 -310124160/1219234308/2656/10/0 INPUT 8 0 413 v:121
4/08/2020 8:19:00 AM,252 Event OK
4/08/2020 8:19:00 AM,EVENT 54507 1596529128 -310124143/1219234288/2656/10/0 INPUT 1 1 0 v:121
4/08/2020 8:19:00 AM,252 Event OK
4/08/2020 8:19:00 AM,EVENT 54508 1596529129 -310124124/1219234268/2657/10/0 INPUT 4 0 386 v:121
4/08/2020 8:19:00 AM,252 Event OK
4/08/2020 8:19:01 AM,EVENT 54509 1596529132 -310124071/1219234218/2666/10/0 TRIP 54499 0 386 11 8 397 v:121
4/08/2020 8:19:01 AM,252 Event OK
4/08/2020 8:19:01 AM,EVENT 54510 1596529132 -310124071/1219234218/2666/10/0 TRIPSUMMARY 54499 v:121
4/08/2020 8:19:01 AM,252 Event OK
4/08/2020 8:19:01 AM,QUIT
4/08/2020 8:19:01 AM,221 Session ended - goodbye
4/08/2020 8:19:11 AM,UNIT 10604
4/08/2020 8:19:11 AM,333 CHAL 7AEEFBCC
4/08/2020 8:19:11 AM,RESP FE36CC07
4/08/2020 8:19:11 AM,230 Auth OK
4/08/2020 8:19:12 AM,TIME
4/08/2020 8:19:12 AM,211 TIME 1596529152
4/08/2020 8:19:13 AM,EVCOUNT 1
4/08/2020 8:19:13 AM,252 Event OK
4/08/2020 8:19:14 AM,TODO
4/08/2020 8:19:14 AM,226 Nothing to do
4/08/2020 8:19:15 AM,EVENT 54511 1596529143 -310123916/1219234089/2738/11/0 REPORT * 0 149 v:121
4/08/2020 8:19:15 AM,252 Event OK
4/08/2020 8:19:15 AM,QUIT
4/08/2020 8:19:15 AM,221 Session ended - goodbye
4/08/2020 8:48:46 AM,UNIT 10604
4/08/2020 8:48:46 AM,333 CHAL 429622CF
4/08/2020 8:48:47 AM,RESP 80D9EA63
4/08/2020 8:48:47 AM,230 Auth OK
4/08/2020 8:48:47 AM,TIME
4/08/2020 8:48:47 AM,211 TIME 1596530927
4/08/2020 8:48:48 AM,EVCOUNT 2
4/08/2020 8:48:48 AM,252 Event OK
4/08/2020 8:48:49 AM,TODO
4/08/2020 8:48:49 AM,226 Nothing to do
4/08/2020 8:48:50 AM,EVENT 54512 1596530919 -310121390/1219232328/1654/10/0 INPUT 8 1 0 v:121
4/08/2020 8:48:50 AM,252 Event OK
4/08/2020 8:48:51 AM,EVENT 54513 1596530920 -310121383/1219232322/1655/10/0 INPUT 7 0 1792 v:121
4/08/2020 8:48:51 AM,252 Event OK
4/08/2020 8:48:52 AM,QUIT
4/08/2020 8:48:52 AM,221 Session ended - goodbye
4/08/2020 8:49:02 AM,UNIT 10604
4/08/2020 8:49:02 AM,333 CHAL 2215D389
4/08/2020 8:49:03 AM,RESP 8BDA6629
4/08/2020 8:49:03 AM,230 Auth OK
4/08/2020 8:49:04 AM,TIME
4/08/2020 8:49:04 AM,211 TIME 1596530944
4/08/2020 8:49:05 AM,EVCOUNT 1
4/08/2020 8:49:05 AM,252 Event OK
4/08/2020 8:49:05 AM,TODO
4/08/2020 8:49:05 AM,226 Nothing to do
4/08/2020 8:49:07 AM,EVENT 54514 1596530934 -310121314/1219232302/1597/10/0 SIGNON 2494 03edef18 OK 26 90873 0 v:121
4/08/2020 8:49:07 AM,252 Event OK
4/08/2020 8:49:08 AM,EVENT 54515 1596530942 -310121322/1219232286/1614/10/0 INPUT 4 1 0 v:122
4/08/2020 8:49:08 AM,252 Event OK
4/08/2020 8:49:09 AM,EVENT 54516 1596530942 -310121322/1219232286/1614/10/0 INPUT 7 1 0 v:122
4/08/2020 8:49:09 AM,252 Event OK
4/08/2020 8:49:10 AM,EVENT 54517 1596530943 -310121328/1219232285/1602/10/0 INPUT 1 0 1816 v:122
4/08/2020 8:49:10 AM,252 Event OK
4/08/2020 8:49:11 AM,EVENT 54518 1596530944 -310121333/1219232285/1596/10/0 INPUT 7 0 1 v:122
4/08/2020 8:49:11 AM,252 Event OK
4/08/2020 8:49:12 AM,EVENT 54519 1596530945 -310121329/1219232276/1588/10/0 LOWCOOLANT 54514 2 v:121
4/08/2020 8:49:12 AM,252 Event OK
4/08/2020 8:49:12 AM,QUIT
4/08/2020 8:49:12 AM,221 Session ended - goodbye
4/08/2020 8:49:37 AM,UNIT 10604
4/08/2020 8:49:37 AM,333 CHAL 5F4A0097
4/08/2020 8:49:38 AM,RESP B4CE65A6
4/08/2020 8:49:38 AM,230 Auth OK
4/08/2020 8:49:38 AM,TIME
4/08/2020 8:49:38 AM,211 TIME 1596530979
4/08/2020 8:49:39 AM,EVCOUNT 1
4/08/2020 8:49:39 AM,252 Event OK
4/08/2020 8:49:40 AM,TODO
4/08/2020 8:49:40 AM,226 Nothing to do
4/08/2020 8:49:41 AM,EVENT 54520 1596530973 -310121871/1219232972/1150/10/0 REPORT 54514 2 142 v:121
4/08/2020 8:49:41 AM,252 Event OK
4/08/2020 8:49:41 AM,QUIT
4/08/2020 8:49:41 AM,221 Session ended - goodbye
4/08/2020 8:49:52 AM,UNIT 10604
4/08/2020 8:49:52 AM,333 CHAL 1B7A2BFB
4/08/2020 8:49:52 AM,RESP F1CFA7AB
4/08/2020 8:49:52 AM,230 Auth OK
4/08/2020 8:49:53 AM,TIME
4/08/2020 8:49:53 AM,211 TIME 1596530993
4/08/2020 8:49:54 AM,EVCOUNT 1
4/08/2020 8:49:54 AM,252 Event OK
4/08/2020 8:49:54 AM,TODO
4/08/2020 8:49:54 AM,226 Nothing to do
4/08/2020 8:49:55 AM,EVENT 54521 1596530985 -310122243/1219232436/942/10/5 INPUT 3 1 0 v:121
4/08/2020 8:49:55 AM,252 Event OK
4/08/2020 8:49:56 AM,QUIT
4/08/2020 8:49:56 AM,221 Session ended - goodbye
4/08/2020 8:51:17 AM,UNIT 10604
4/08/2020 8:51:17 AM,333 CHAL 3EF41580
4/08/2020 8:51:18 AM,RESP 141ED5D7
4/08/2020 8:51:18 AM,230 Auth OK
4/08/2020 8:51:19 AM,TIME
4/08/2020 8:51:19 AM,211 TIME 1596531079
4/08/2020 8:51:19 AM,EVCOUNT 3
4/08/2020 8:51:19 AM,252 Event OK
4/08/2020 8:51:20 AM,TODO
4/08/2020 8:51:20 AM,226 Nothing to do
4/08/2020 8:51:21 AM,EVENT 54522 1596531072 -310143462/1219230582/609/4/11 INPUT 3 0 87 v:121
4/08/2020 8:51:21 AM,252 Event OK
4/08/2020 8:51:22 AM,EVENT 54523 1596531074 -310143648/1219230584/619/4/4 INPUT 4 0 132 v:121
4/08/2020 8:51:22 AM,252 Event OK
4/08/2020 8:51:23 AM,EVENT 54524 1596531075 -310143685/1219230584/622/4/2 INPUT 4 1 0 v:121
4/08/2020 8:51:23 AM,252 Event OK
4/08/2020 8:51:24 AM,QUIT
4/08/2020 8:51:24 AM,221 Session ended - goodbye
4/08/2020 8:51:35 AM,UNIT 10604
4/08/2020 8:51:35 AM,333 CHAL 429BB17A
4/08/2020 8:51:36 AM,RESP E6366BBF
4/08/2020 8:51:36 AM,230 Auth OK
4/08/2020 8:51:36 AM,TIME
4/08/2020 8:51:36 AM,211 TIME 1596531096
4/08/2020 8:51:37 AM,EVCOUNT 6
4/08/2020 8:51:37 AM,252 Event OK
4/08/2020 8:51:37 AM,TODO
4/08/2020 8:51:37 AM,226 Nothing to do
4/08/2020 8:51:38 AM,EVENT 54525 1596531089 -310143706/1219230630/648/4/0 INPUT 7 1 0 v:121
4/08/2020 8:51:38 AM,252 Event OK
4/08/2020 8:51:39 AM,EVENT 54526 1596531089 -310143706/1219230630/648/4/0 INPUT 8 0 169 v:122
4/08/2020 8:51:39 AM,252 Event OK
4/08/2020 8:51:40 AM,EVENT 54527 1596531089 -310143705/1219230633/648/4/0 INPUT 1 1 0 v:122
4/08/2020 8:51:40 AM,252 Event OK
4/08/2020 8:51:41 AM,EVENT 54528 1596531091 -310143700/1219230638/648/4/0 INPUT 4 0 17 v:121
4/08/2020 8:51:41 AM,252 Event OK
4/08/2020 8:51:42 AM,EVENT 54529 1596531093 -310143696/1219230647/649/4/0 TRIP 54514 87 62 11 9 160 v:121
4/08/2020 8:51:42 AM,252 Event OK
4/08/2020 8:51:43 AM,EVENT 54530 1596531093 -310143696/1219230647/649/4/0 TRIPSUMMARY 54514 v:121
4/08/2020 8:51:43 AM,252 Event OK
4/08/2020 8:51:44 AM,QUIT
4/08/2020 8:51:44 AM,221 Session ended - goodbye
4/08/2020 10:08:50 AM,UNIT 10604
4/08/2020 10:08:50 AM,333 CHAL 66AA69E
4/08/2020 10:08:50 AM,RESP 06905747
4/08/2020 10:08:50 AM,230 Auth OK
4/08/2020 10:08:50 AM,TIME
4/08/2020 10:08:50 AM,211 TIME 1596535730
4/08/2020 10:08:50 AM,EVCOUNT 15
4/08/2020 10:08:50 AM,252 Event OK
4/08/2020 10:08:51 AM,TODO
4/08/2020 10:08:51 AM,125 TODO GET 1363390 user.tar.gz_5.0.58.517 
225 Work list complete
4/08/2020 10:08:51 AM,GET
4/08/2020 10:08:51 AM,Binary data 1363454 bytes
4/08/2020 10:09:16 AM,GOT user.tar.gz_5.0.58.517 1363390 3DB27A55
4/08/2020 10:09:16 AM,250 Download OK
4/08/2020 10:09:17 AM,EVENT 54531 1596535704 -310143696/1219230647/649/0/0 SWSTART OpusFC 5.0.58.515 R v:120
4/08/2020 10:09:17 AM,252 Event OK
4/08/2020 10:09:17 AM,EVENT 54532 1596531093 0/0/0/0/0 POWERDOWN v:121
4/08/2020 10:09:17 AM,252 Event OK
4/08/2020 10:09:18 AM,EVENT 54533 1596535704 0/0/0/0/0 INPUT 1 1 0 v:121
4/08/2020 10:09:18 AM,252 Event OK
4/08/2020 10:09:18 AM,EVENT 54534 1596535704 0/0/0/0/0 INPUT 2 0 0 v:121
4/08/2020 10:09:18 AM,252 Event OK
4/08/2020 10:09:18 AM,EVENT 54535 1596535704 0/0/0/0/0 INPUT 3 0 0 v:121
4/08/2020 10:09:18 AM,252 Event OK
4/08/2020 10:09:18 AM,EVENT 54536 1596535704 0/0/0/0/0 INPUT 4 0 0 v:121
4/08/2020 10:09:18 AM,252 Event OK
4/08/2020 10:09:18 AM,EVENT 54537 1596535704 0/0/0/0/0 INPUT 7 0 0 v:121
4/08/2020 10:09:18 AM,252 Event OK
4/08/2020 10:09:19 AM,EVENT 54538 1596535704 0/0/0/0/0 INPUT 8 1 0 v:121
4/08/2020 10:09:19 AM,252 Event OK
4/08/2020 10:09:19 AM,EVENT 54539 1596535706 0/0/0/0/0 ZONE_OK 2 100 FW=NO VERSION v:121
4/08/2020 10:09:19 AM,252 Event OK
4/08/2020 10:09:19 AM,EVENT 54540 1596535714 -310143790/1219231679/7367/0/0 SIGNON 2521 03cffbfc OK_CL 26 180201 0 v:121
4/08/2020 10:09:19 AM,252 Event OK
4/08/2020 10:09:20 AM,EVENT 54541 1596535718 -310143735/1219231063/3501/0/2 CHECKLIST 54540 OK 0 5 432 F v:122
4/08/2020 10:09:20 AM,252 Event OK
4/08/2020 10:09:20 AM,EVENT 54542 1596535724 -310143749/1219230841/2717/7/0 INPUT 4 1 0 v:121
4/08/2020 10:09:20 AM,252 Event OK
4/08/2020 10:09:20 AM,EVENT 54543 1596535724 -310143749/1219230841/2717/7/0 INPUT 7 1 0 v:121
4/08/2020 10:09:20 AM,252 Event OK
4/08/2020 10:09:20 AM,EVENT 54544 1596535725 -310143747/1219230827/2643/7/0 INPUT 7 0 1 v:121
4/08/2020 10:09:20 AM,252 Event OK
4/08/2020 10:09:21 AM,EVENT 54545 1596535725 -310143745/1219230819/2613/7/0 INPUT 1 0 21 v:121
4/08/2020 10:09:21 AM,252 Event OK
4/08/2020 10:09:21 AM,EVENT 54546 1596535729 -310143697/1219230709/2092/6/0 INPUT 4 0 6 v:121
4/08/2020 10:09:21 AM,252 Event OK
4/08/2020 10:09:22 AM,EVENT 54547 1596535729 -310143697/1219230709/2092/6/0 INPUT 4 1 0 v:121
4/08/2020 10:09:22 AM,252 Event OK
4/08/2020 10:09:22 AM,EVENT 54548 1596535749 -310142625/1219230894/1037/6/6 INPUT 3 1 0 v:121
4/08/2020 10:09:22 AM,252 Event OK
4/08/2020 10:09:22 AM,TODO
4/08/2020 10:09:22 AM,125 TODO LOADDISP_user.tar.gz_1596535756
225 Work list complete
4/08/2020 10:09:22 AM,QUIT
4/08/2020 10:09:22 AM,221 Session ended - goodbye
4/08/2020 10:10:31 AM,UNIT 10604
4/08/2020 10:10:31 AM,333 CHAL 5E8BDCCA
4/08/2020 10:10:32 AM,RESP 8685F034
4/08/2020 10:10:32 AM,230 Auth OK
4/08/2020 10:10:32 AM,TIME
4/08/2020 10:10:32 AM,211 TIME 1596535833
4/08/2020 10:10:33 AM,EVCOUNT 1
4/08/2020 10:10:33 AM,252 Event OK
4/08/2020 10:10:34 AM,TODO
4/08/2020 10:10:34 AM,226 Nothing to do
4/08/2020 10:10:34 AM,EVENT 54549 1596535826 -310123342/1219234504/718/12/10 INPUT 3 0 77 v:121
4/08/2020 10:10:34 AM,252 Event OK
4/08/2020 10:10:35 AM,QUIT
4/08/2020 10:10:35 AM,221 Session ended - goodbye
4/08/2020 10:10:48 AM,UNIT 10604
4/08/2020 10:10:48 AM,333 CHAL 42F0D1F1
4/08/2020 10:10:49 AM,RESP E88B6CFC
4/08/2020 10:10:49 AM,230 Auth OK
4/08/2020 10:10:50 AM,TIME
4/08/2020 10:10:50 AM,211 TIME 1596535850
4/08/2020 10:10:50 AM,EVCOUNT 1
4/08/2020 10:10:50 AM,252 Event OK
4/08/2020 10:10:51 AM,TODO
4/08/2020 10:10:51 AM,226 Nothing to do
4/08/2020 10:10:52 AM,EVENT 54550 1596535844 -310123643/1219234945/779/12/6 INPUT 3 1 0 v:121
4/08/2020 10:10:52 AM,252 Event OK
4/08/2020 10:10:53 AM,QUIT
4/08/2020 10:10:53 AM,221 Session ended - goodbye
4/08/2020 10:11:54 AM,UNIT 10604
4/08/2020 10:11:54 AM,333 CHAL 3E2C7096
4/08/2020 10:11:55 AM,RESP A3C91D32
4/08/2020 10:11:55 AM,230 Auth OK
4/08/2020 10:11:56 AM,TIME
4/08/2020 10:11:56 AM,211 TIME 1596535916
4/08/2020 10:11:56 AM,EVCOUNT 1
4/08/2020 10:11:56 AM,252 Event OK
4/08/2020 10:11:57 AM,TODO
4/08/2020 10:11:57 AM,226 Nothing to do
4/08/2020 10:11:57 AM,EVENT 54551 1596535910 -310143218/1219231973/808/7/10 INPUT 3 0 66 v:121
4/08/2020 10:11:57 AM,252 Event OK
4/08/2020 10:11:59 AM,EVENT 54552 1596535914 -310143750/1219231851/827/9/4 INPUT 7 1 0 v:121
4/08/2020 10:11:59 AM,252 Event OK
4/08/2020 10:11:59 AM,EVENT 54553 1596535915 -310143750/1219231851/827/9/4 INPUT 8 0 210 v:121
4/08/2020 10:11:59 AM,252 Event OK
4/08/2020 10:12:00 AM,EVENT 54554 1596535915 -310143757/1219231861/828/9/1 INPUT 1 1 0 v:121
4/08/2020 10:12:00 AM,252 Event OK
4/08/2020 10:12:01 AM,EVENT 54555 1596535916 -310143763/1219231868/830/9/0 INPUT 4 0 187 v:121
4/08/2020 10:12:01 AM,252 Event OK
4/08/2020 10:12:02 AM,QUIT
4/08/2020 10:12:02 AM,221 Session ended - goodbye
4/08/2020 10:12:12 AM,UNIT 10604
4/08/2020 10:12:12 AM,333 CHAL 23F5888F
4/08/2020 10:12:13 AM,RESP D5C1C6FB
4/08/2020 10:12:13 AM,230 Auth OK
4/08/2020 10:12:14 AM,TIME
4/08/2020 10:12:14 AM,211 TIME 1596535934
4/08/2020 10:12:14 AM,EVCOUNT 1
4/08/2020 10:12:14 AM,252 Event OK
4/08/2020 10:12:15 AM,TODO
4/08/2020 10:12:15 AM,226 Nothing to do
4/08/2020 10:12:16 AM,EVENT 54556 1596535919 -310143780/1219231895/831/9/0 TRIP 54540 142 51 10 7 203 v:121
4/08/2020 10:12:16 AM,252 Event OK
4/08/2020 10:12:16 AM,QUIT
4/08/2020 10:12:16 AM,221 Session ended - goodbye
4/08/2020 10:13:29 AM,UNIT 10604
4/08/2020 10:13:29 AM,333 CHAL 61EFB0C5
4/08/2020 10:13:29 AM,RESP BD66F40E
4/08/2020 10:13:29 AM,230 Auth OK
4/08/2020 10:13:29 AM,TIME
4/08/2020 10:13:29 AM,211 TIME 1596536009
4/08/2020 10:13:29 AM,EVCOUNT 11
4/08/2020 10:13:29 AM,252 Event OK
4/08/2020 10:13:30 AM,TODO
4/08/2020 10:13:30 AM,226 Nothing to do
4/08/2020 10:13:30 AM,EVENT 54557 1596535953 0/0/0/0/0 INPUT 1 1 0 v:120
4/08/2020 10:13:30 AM,252 Event OK
4/08/2020 10:13:30 AM,EVENT 54558 1596535953 0/0/0/0/0 INPUT 2 0 0 v:120
4/08/2020 10:13:30 AM,252 Event OK
4/08/2020 10:13:30 AM,EVENT 54559 1596535953 0/0/0/0/0 INPUT 3 0 0 v:120
4/08/2020 10:13:30 AM,252 Event OK
4/08/2020 10:13:31 AM,EVENT 54560 1596535953 0/0/0/0/0 INPUT 4 0 0 v:120
4/08/2020 10:13:31 AM,252 Event OK
4/08/2020 10:13:31 AM,EVENT 54561 1596535953 0/0/0/0/0 INPUT 7 1 0 v:120
4/08/2020 10:13:31 AM,252 Event OK
4/08/2020 10:13:31 AM,EVENT 54562 1596535953 0/0/0/0/0 INPUT 8 0 0 v:120
4/08/2020 10:13:31 AM,252 Event OK
4/08/2020 10:13:32 AM,EVENT 54563 1596535953 0/0/0/0/0 SWSTART OpusFC 5.0.58.517 R v:120
4/08/2020 10:13:32 AM,252 Event OK
4/08/2020 10:13:32 AM,EVENT 54564 1596535919 0/0/0/0/0 POWERDOWN v:121
4/08/2020 10:13:32 AM,252 Event OK
4/08/2020 10:13:33 AM,EVENT 54565 1596535953 0/0/0/0/0 LOADDISP OK OpusFc 5.0.58.517 R v:120
4/08/2020 10:13:33 AM,252 Event OK
4/08/2020 10:13:33 AM,EVENT 54566 1596535955 0/0/0/0/0 ZONE_OK 2 100 FW=NO VERSION v:120
4/08/2020 10:13:33 AM,252 Event OK
4/08/2020 10:13:33 AM,EVENT 54567 1596535955 0/0/0/0/0 REPORT * 0 0 v:120
4/08/2020 10:13:33 AM,252 Event OK
4/08/2020 10:13:33 AM,QUIT
4/08/2020 10:13:33 AM,221 Session ended - goodbye
4/08/2020 10:13:55 AM,UNIT 10604
4/08/2020 10:13:55 AM,333 CHAL 7BAA8BC6
4/08/2020 10:13:55 AM,RESP 3371832F
4/08/2020 10:13:55 AM,230 Auth OK
4/08/2020 10:13:56 AM,TIME
4/08/2020 10:13:56 AM,211 TIME 1596536036
4/08/2020 10:13:56 AM,EVCOUNT 3
4/08/2020 10:13:56 AM,252 Event OK
4/08/2020 10:13:57 AM,TODO
4/08/2020 10:13:57 AM,226 Nothing to do
4/08/2020 10:13:58 AM,EVENT 54568 1596536030 -310143684/1219232049/735/9/1 INPUT 7 0 77 v:120
4/08/2020 10:13:58 AM,252 Event OK
4/08/2020 10:13:59 AM,EVENT 54569 1596536030 -310143684/1219232049/735/9/1 INPUT 8 1 0 v:120
4/08/2020 10:13:59 AM,252 Event OK
4/08/2020 10:14:00 AM,EVENT 54570 1596536031 -310143686/1219232047/737/9/0 DEBUG Time(BAD):1596536031->4294967295 v:120
4/08/2020 10:14:00 AM,252 Event OK
4/08/2020 10:14:00 AM,QUIT
4/08/2020 10:14:00 AM,221 Session ended - goodbye
4/08/2020 10:14:12 AM,UNIT 10604
4/08/2020 10:14:12 AM,333 CHAL 1B62E6AC
4/08/2020 10:14:13 AM,RESP DDE4E182
4/08/2020 10:14:13 AM,230 Auth OK
4/08/2020 10:14:13 AM,TIME
4/08/2020 10:14:13 AM,211 TIME 1596536053
4/08/2020 10:14:14 AM,EVCOUNT 5
4/08/2020 10:14:14 AM,252 Event OK
4/08/2020 10:14:14 AM,TODO
4/08/2020 10:14:14 AM,226 Nothing to do
4/08/2020 10:14:15 AM,EVENT 54571 1596536039 -310143692/1219232009/757/9/1 SIGNON 2521 03cffbfc OK 26 180201 0 v:120
4/08/2020 10:14:15 AM,252 Event OK
4/08/2020 10:14:16 AM,EVENT 54572 1596536044 -310143692/1219231979/768/9/0 INPUT 7 1 0 v:121
4/08/2020 10:14:16 AM,252 Event OK
4/08/2020 10:14:17 AM,EVENT 54573 1596536044 -310143692/1219231976/769/9/0 INPUT 7 0 1 v:121
4/08/2020 10:14:17 AM,252 Event OK
4/08/2020 10:14:18 AM,EVENT 54574 1596536044 -310143692/1219231976/769/9/0 INPUT 4 1 0 v:122
4/08/2020 10:14:18 AM,252 Event OK
4/08/2020 10:14:19 AM,EVENT 54575 1596536045 -310143692/1219231973/770/9/0 INPUT 1 0 92 v:122
4/08/2020 10:14:19 AM,252 Event OK
4/08/2020 10:14:20 AM,EVENT 54576 1596536055 -310143360/1219231964/789/9/2 INPUT 4 0 11 v:121
4/08/2020 10:14:20 AM,252 Event OK
4/08/2020 10:14:21 AM,EVENT 54577 1596536055 -310143360/1219231964/789/9/2 INPUT 4 1 0 v:121
4/08/2020 10:14:21 AM,252 Event OK
4/08/2020 10:14:21 AM,QUIT
4/08/2020 10:14:21 AM,221 Session ended - goodbye
4/08/2020 10:14:32 AM,UNIT 10604
4/08/2020 10:14:32 AM,333 CHAL 20DD691E
4/08/2020 10:14:32 AM,RESP 72CB32DF
4/08/2020 10:14:32 AM,230 Auth OK
4/08/2020 10:14:33 AM,TIME
4/08/2020 10:14:33 AM,211 TIME 1596536073
4/08/2020 10:14:33 AM,EVCOUNT 1
4/08/2020 10:14:33 AM,252 Event OK
4/08/2020 10:14:34 AM,TODO
4/08/2020 10:14:34 AM,226 Nothing to do
4/08/2020 10:14:35 AM,EVENT 54578 1596536064 -310143096/1219231993/817/9/6 INPUT 3 1 0 v:121
4/08/2020 10:14:35 AM,252 Event OK
4/08/2020 10:14:35 AM,QUIT
4/08/2020 10:14:35 AM,221 Session ended - goodbye
4/08/2020 10:15:01 AM,UNIT 10604
4/08/2020 10:15:01 AM,333 CHAL 32A5C31F
4/08/2020 10:15:01 AM,RESP E574A19B
4/08/2020 10:15:01 AM,230 Auth OK
4/08/2020 10:15:02 AM,TIME
4/08/2020 10:15:02 AM,211 TIME 1596536102
4/08/2020 10:15:02 AM,EVCOUNT 5
4/08/2020 10:15:02 AM,252 Event OK
4/08/2020 10:15:03 AM,TODO
4/08/2020 10:15:03 AM,226 Nothing to do
4/08/2020 10:15:04 AM,EVENT 54579 1596536095 -310147737/1219241300/789/7/10 INPUT 3 0 31 v:121
4/08/2020 10:15:04 AM,252 Event OK
4/08/2020 10:15:05 AM,EVENT 54580 1596536097 -310147943/1219241430/777/7/5 INPUT 7 1 0 v:121
4/08/2020 10:15:05 AM,252 Event OK
4/08/2020 10:15:06 AM,EVENT 54581 1596536097 -310147943/1219241430/777/7/5 INPUT 8 0 68 v:121
4/08/2020 10:15:06 AM,252 Event OK
4/08/2020 10:15:06 AM,EVENT 54582 1596536098 -310147948/1219241432/769/7/3 INPUT 1 1 0 v:121
4/08/2020 10:15:06 AM,252 Event OK
4/08/2020 10:15:07 AM,EVENT 54583 1596536099 -310147952/1219241436/762/7/1 INPUT 4 0 44 v:121
4/08/2020 10:15:07 AM,252 Event OK
4/08/2020 10:15:08 AM,EVENT 54584 1596536102 -310147960/1219241448/751/12/0 TRIP 54571 31 24 9 6 64 v:121
4/08/2020 10:15:08 AM,252 Event OK
4/08/2020 10:15:09 AM,QUIT
4/08/2020 10:15:09 AM,221 Session ended - goodbye
4/08/2020 10:19:08 AM,UNIT 10604
4/08/2020 10:19:08 AM,333 CHAL 194676B9
4/08/2020 10:19:08 AM,RESP AA0E6991
4/08/2020 10:19:08 AM,230 Auth OK
4/08/2020 10:19:09 AM,TIME
4/08/2020 10:19:09 AM,211 TIME 1596536349
4/08/2020 10:19:09 AM,EVCOUNT 2
4/08/2020 10:19:09 AM,252 Event OK
4/08/2020 10:19:10 AM,TODO
4/08/2020 10:19:10 AM,226 Nothing to do
4/08/2020 10:19:11 AM,EVENT 54585 1596536343 -310148038/1219241384/661/12/0 INPUT 8 1 0 v:121
4/08/2020 10:19:11 AM,252 Event OK
4/08/2020 10:19:12 AM,EVENT 54586 1596536343 -310148038/1219241384/661/12/0 INPUT 7 0 245 v:121
4/08/2020 10:19:12 AM,252 Event OK
4/08/2020 10:19:12 AM,QUIT
4/08/2020 10:19:12 AM,221 Session ended - goodbye
4/08/2020 10:19:23 AM,UNIT 10604
4/08/2020 10:19:23 AM,333 CHAL 3C0E9EE2
4/08/2020 10:19:23 AM,RESP 592F3514
4/08/2020 10:19:23 AM,230 Auth OK
4/08/2020 10:19:24 AM,TIME
4/08/2020 10:19:24 AM,211 TIME 1596536364
4/08/2020 10:19:24 AM,EVCOUNT 7
4/08/2020 10:19:24 AM,252 Event OK
4/08/2020 10:19:25 AM,TODO
4/08/2020 10:19:25 AM,226 Nothing to do
4/08/2020 10:19:26 AM,EVENT 54587 1596536351 -310148033/1219241355/652/12/0 SIGNON 2521 03cffbfc OK 26 180201 0 v:121
4/08/2020 10:19:26 AM,252 Event OK
4/08/2020 10:19:27 AM,EVENT 54588 1596536356 -310148040/1219241349/647/12/0 INPUT 7 1 0 v:121
4/08/2020 10:19:27 AM,252 Event OK
4/08/2020 10:19:28 AM,EVENT 54589 1596536356 -310148040/1219241349/647/12/0 INPUT 4 1 0 v:121
4/08/2020 10:19:28 AM,252 Event OK
4/08/2020 10:19:28 AM,EVENT 54590 1596536356 -310148042/1219241349/646/12/0 INPUT 7 0 1 v:122
4/08/2020 10:19:28 AM,252 Event OK
4/08/2020 10:19:29 AM,EVENT 54591 1596536357 -310148043/1219241348/644/12/0 INPUT 1 0 258 v:122
4/08/2020 10:19:29 AM,252 Event OK
4/08/2020 10:19:30 AM,EVENT 54592 1596536358 -310148049/1219241347/639/12/0 INPUT 4 0 3 v:121
4/08/2020 10:19:30 AM,252 Event OK
4/08/2020 10:19:31 AM,EVENT 54593 1596536359 -310148072/1219241356/637/12/0 INPUT 4 1 0 v:121
4/08/2020 10:19:31 AM,252 Event OK
4/08/2020 10:19:32 AM,EVENT 54594 1596536363 -310148613/1219241164/649/12/8 INPUT 3 1 0 v:121
4/08/2020 10:19:32 AM,252 Event OK
4/08/2020 10:19:33 AM,EVENT 54595 1596536364 -310148714/1219240956/652/12/8 INPUT 3 0 1 v:121
4/08/2020 10:19:33 AM,252 Event OK
4/08/2020 10:19:34 AM,EVENT 54596 1596536365 -310148753/1219240731/654/12/8 INPUT 3 1 0 v:121
4/08/2020 10:19:34 AM,252 Event OK
4/08/2020 10:19:34 AM,QUIT
4/08/2020 10:19:34 AM,221 Session ended - goodbye
4/08/2020 10:20:40 AM,UNIT 10604
4/08/2020 10:20:40 AM,333 CHAL 7528A40D
4/08/2020 10:20:41 AM,RESP 4DB150EB
4/08/2020 10:20:41 AM,230 Auth OK
4/08/2020 10:20:41 AM,TIME
4/08/2020 10:20:41 AM,211 TIME 1596536441
4/08/2020 10:20:42 AM,EVCOUNT 1
4/08/2020 10:20:42 AM,252 Event OK
4/08/2020 10:20:42 AM,TODO
4/08/2020 10:20:42 AM,226 Nothing to do
4/08/2020 10:20:43 AM,EVENT 54597 1596536435 -310122707/1219237072/724/10/12 INPUT 3 0 70 v:121
4/08/2020 10:20:43 AM,252 Event OK
4/08/2020 10:20:44 AM,QUIT
4/08/2020 10:20:44 AM,221 Session ended - goodbye
4/08/2020 10:21:08 AM,UNIT 10604
4/08/2020 10:21:08 AM,333 CHAL 330B6A4F
4/08/2020 10:21:08 AM,RESP F13F066B
4/08/2020 10:21:08 AM,230 Auth OK
4/08/2020 10:21:09 AM,TIME
4/08/2020 10:21:09 AM,211 TIME 1596536469
4/08/2020 10:21:09 AM,EVCOUNT 2
4/08/2020 10:21:09 AM,252 Event OK
4/08/2020 10:21:10 AM,TODO
4/08/2020 10:21:10 AM,226 Nothing to do
4/08/2020 10:21:11 AM,EVENT 54598 1596536462 -310122266/1219236766/729/8/0 INPUT 4 0 104 v:121
4/08/2020 10:21:11 AM,252 Event OK
4/08/2020 10:21:12 AM,EVENT 54599 1596536462 -310122266/1219236766/729/8/0 INPUT 4 1 0 v:121
4/08/2020 10:21:12 AM,252 Event OK
4/08/2020 10:21:12 AM,QUIT
4/08/2020 10:21:12 AM,221 Session ended - goodbye
4/08/2020 10:22:46 AM,UNIT 10604
4/08/2020 10:22:46 AM,333 CHAL 30FDA57D
4/08/2020 10:22:46 AM,RESP 0C0016E2
4/08/2020 10:22:46 AM,230 Auth OK
4/08/2020 10:22:47 AM,TIME
4/08/2020 10:22:47 AM,211 TIME 1596536567
4/08/2020 10:22:48 AM,EVCOUNT 2
4/08/2020 10:22:48 AM,252 Event OK
4/08/2020 10:22:48 AM,TODO
4/08/2020 10:22:48 AM,226 Nothing to do
4/08/2020 10:22:49 AM,EVENT 54600 1596536560 -310122052/1219236484/705/10/0 INPUT 4 0 98 v:121
4/08/2020 10:22:49 AM,252 Event OK
4/08/2020 10:22:50 AM,EVENT 54601 1596536560 -310122052/1219236484/705/10/0 INPUT 4 1 0 v:121
4/08/2020 10:22:50 AM,252 Event OK
4/08/2020 10:22:51 AM,EVENT 54602 1596536566 -310121400/1219236059/704/9/5 INPUT 7 1 0 v:121
4/08/2020 10:22:51 AM,252 Event OK
4/08/2020 10:22:51 AM,EVENT 54603 1596536566 -310121400/1219236059/704/9/5 INPUT 8 0 224 v:121
4/08/2020 10:22:51 AM,252 Event OK
4/08/2020 10:22:52 AM,EVENT 54604 1596536567 -310121393/1219236048/703/9/5 INPUT 1 1 0 v:121
4/08/2020 10:22:52 AM,252 Event OK
4/08/2020 10:22:53 AM,EVENT 54605 1596536568 -310121393/1219236040/704/9/1 INPUT 4 0 8 v:121
4/08/2020 10:22:53 AM,252 Event OK
4/08/2020 10:22:54 AM,EVENT 54606 1596536570 -310121396/1219236038/707/9/0 TRIP 54587 71 142 7 5 220 v:121
4/08/2020 10:22:54 AM,252 Event OK
4/08/2020 10:22:55 AM,QUIT
4/08/2020 10:22:55 AM,221 Session ended - goodbye
4/08/2020 10:23:48 AM,UNIT 10604
4/08/2020 10:23:48 AM,333 CHAL 390E78DE
4/08/2020 10:23:49 AM,RESP FC76BA71
4/08/2020 10:23:49 AM,230 Auth OK
4/08/2020 10:23:49 AM,TIME
4/08/2020 10:23:49 AM,211 TIME 1596536629
4/08/2020 10:23:50 AM,EVCOUNT 2
4/08/2020 10:23:50 AM,252 Event OK
4/08/2020 10:23:50 AM,TODO
4/08/2020 10:23:50 AM,226 Nothing to do
4/08/2020 10:23:51 AM,EVENT 54607 1596536623 -310121350/1219236173/753/10/0 INPUT 8 1 0 v:121
4/08/2020 10:23:51 AM,252 Event OK
4/08/2020 10:23:52 AM,EVENT 54608 1596536623 -310121352/1219236173/753/10/0 INPUT 7 0 57 v:121
4/08/2020 10:23:52 AM,252 Event OK
4/08/2020 10:23:52 AM,QUIT
4/08/2020 10:23:52 AM,221 Session ended - goodbye
4/08/2020 10:24:03 AM,UNIT 10604
4/08/2020 10:24:03 AM,333 CHAL 6A1519F7
4/08/2020 10:24:03 AM,RESP 4D1FC6A9
4/08/2020 10:24:03 AM,230 Auth OK
4/08/2020 10:24:04 AM,TIME
4/08/2020 10:24:04 AM,211 TIME 1596536644
4/08/2020 10:24:04 AM,EVCOUNT 7
4/08/2020 10:24:04 AM,252 Event OK
4/08/2020 10:24:05 AM,TODO
4/08/2020 10:24:05 AM,226 Nothing to do
4/08/2020 10:24:06 AM,EVENT 54609 1596536631 -310121362/1219236183/747/10/0 SIGNON 2521 03cffbfc OK 26 180201 0 v:121
4/08/2020 10:24:06 AM,252 Event OK
4/08/2020 10:24:07 AM,EVENT 54610 1596536636 -310121381/1219236181/744/10/0 INPUT 7 1 0 v:121
4/08/2020 10:24:07 AM,252 Event OK
4/08/2020 10:24:08 AM,EVENT 54611 1596536637 -310121384/1219236180/744/10/0 INPUT 7 0 0 v:121
4/08/2020 10:24:08 AM,252 Event OK
4/08/2020 10:24:09 AM,EVENT 54612 1596536637 -310121384/1219236180/744/10/0 INPUT 1 0 70 v:121
4/08/2020 10:24:09 AM,252 Event OK
4/08/2020 10:24:09 AM,EVENT 54613 1596536637 -310121384/1219236180/744/10/0 INPUT 4 1 0 v:121
4/08/2020 10:24:09 AM,252 Event OK
4/08/2020 10:24:10 AM,EVENT 54614 1596536639 -310121366/1219236167/738/10/0 INPUT 4 0 3 v:121
4/08/2020 10:24:10 AM,252 Event OK
4/08/2020 10:24:11 AM,EVENT 54615 1596536640 -310121349/1219236155/736/10/0 INPUT 4 1 0 v:121
4/08/2020 10:24:11 AM,252 Event OK
4/08/2020 10:24:12 AM,EVENT 54616 1596536643 -310121035/1219235919/738/10/6 INPUT 3 1 0 v:121
4/08/2020 10:24:12 AM,252 Event OK
4/08/2020 10:24:12 AM,QUIT
4/08/2020 10:24:12 AM,221 Session ended - goodbye
4/08/2020 10:24:32 AM,UNIT 10604
4/08/2020 10:24:32 AM,333 CHAL 72157BCF
4/08/2020 10:24:32 AM,RESP F19ABC2C
4/08/2020 10:24:32 AM,230 Auth OK
4/08/2020 10:24:33 AM,TIME
4/08/2020 10:24:33 AM,211 TIME 1596536673
4/08/2020 10:24:33 AM,EVCOUNT 1
4/08/2020 10:24:33 AM,252 Event OK
4/08/2020 10:24:34 AM,TODO
4/08/2020 10:24:34 AM,226 Nothing to do
4/08/2020 10:24:35 AM,EVENT 54617 1596536667 -310121669/1219229279/746/5/12 INPUT 3 0 24 v:121
4/08/2020 10:24:35 AM,252 Event OK
4/08/2020 10:24:35 AM,QUIT
4/08/2020 10:24:35 AM,221 Session ended - goodbye
4/08/2020 10:25:55 AM,UNIT 10604
4/08/2020 10:25:55 AM,333 CHAL 15F90799
4/08/2020 10:25:56 AM,RESP 3075BD92
4/08/2020 10:25:56 AM,230 Auth OK
4/08/2020 10:25:57 AM,TIME
4/08/2020 10:25:57 AM,211 TIME 1596536757
4/08/2020 10:25:58 AM,EVCOUNT 1
4/08/2020 10:25:58 AM,252 Event OK
4/08/2020 10:25:58 AM,TODO
4/08/2020 10:25:58 AM,226 Nothing to do
4/08/2020 10:25:59 AM,EVENT 54618 1596536750 -310122106/1219228474/648/0/7 INPUT 3 1 0 v:121
4/08/2020 10:25:59 AM,252 Event OK
4/08/2020 10:26:00 AM,QUIT
4/08/2020 10:26:00 AM,221 Session ended - goodbye
4/08/2020 4:07:30 PM,UNIT 10604
4/08/2020 4:07:30 PM,333 CHAL 37B747BB
4/08/2020 4:07:31 PM,RESP 8F62BE1A
4/08/2020 4:07:31 PM,230 Auth OK
4/08/2020 4:07:31 PM,TIME
4/08/2020 4:07:31 PM,211 TIME 1596557251
4/08/2020 4:07:31 PM,EVCOUNT 682
4/08/2020 4:07:31 PM,252 Event OK
4/08/2020 4:07:31 PM,TODO
4/08/2020 4:07:31 PM,226 Nothing to do
4/08/2020 4:07:32 PM,EVENT 54619 1596537276 0/0/0/0/9 INPUT 3 0 525 v:121
4/08/2020 4:07:32 PM,252 Event OK
4/08/2020 4:07:32 PM,EVENT 54620 1596537311 0/0/0/0/8 INPUT 3 1 0 v:121
4/08/2020 4:07:32 PM,252 Event OK
4/08/2020 4:07:32 PM,EVENT 54621 1596537631 0/0/0/0/21 ENGINEOVERSPEED 54609 10 3394 v:121
4/08/2020 4:07:32 PM,252 Event OK
4/08/2020 4:07:32 PM,EVENT 54622 1596537785 0/0/0/0/21 REPORT 54609 0 0 v:121
4/08/2020 4:07:32 PM,252 Event OK
4/08/2020 4:07:33 PM,EVENT 54623 1596537804 0/0/0/0/10 INPUT 3 0 492 v:121
4/08/2020 4:07:33 PM,252 Event OK
4/08/2020 4:07:33 PM,EVENT 54624 1596537807 0/0/0/0/1 INPUT 7 1 0 v:121
4/08/2020 4:07:33 PM,252 Event OK
4/08/2020 4:07:33 PM,EVENT 54625 1596537807 0/0/0/0/1 INPUT 8 0 1184 v:121
4/08/2020 4:07:33 PM,252 Event OK
4/08/2020 4:07:33 PM,EVENT 54626 1596537808 0/0/0/0/0 INPUT 1 1 0 v:121
4/08/2020 4:07:33 PM,252 Event OK
4/08/2020 4:07:34 PM,EVENT 54627 1596537809 0/0/0/0/0 INPUT 4 0 1170 v:121
4/08/2020 4:07:34 PM,252 Event OK
4/08/2020 4:07:34 PM,EVENT 54628 1596537811 0/0/0/0/0 TRIP 54609 1041 132 8 6 1181 v:121
4/08/2020 4:07:34 PM,252 Event OK
4/08/2020 4:07:34 PM,EVENT 54629 1596537811 0/0/0/0/0 TRIPSUMMARY 54609 v:121
4/08/2020 4:07:34 PM,252 Event OK
4/08/2020 4:07:34 PM,EVENT 54630 1596537957 0/0/0/0/0 INPUT 8 1 0 v:121
4/08/2020 4:07:34 PM,252 Event OK
4/08/2020 4:07:34 PM,EVENT 54631 1596537957 0/0/0/0/0 INPUT 7 0 150 v:121
4/08/2020 4:07:34 PM,252 Event OK
4/08/2020 4:07:35 PM,EVENT 54632 1596537965 0/0/0/0/0 SIGNON 2521 03cffbfc OK 26 180201 0 v:121
4/08/2020 4:07:35 PM,252 Event OK
4/08/2020 4:07:35 PM,EVENT 54633 1596537970 0/0/0/0/0 INPUT 7 1 0 v:122
4/08/2020 4:07:35 PM,252 Event OK
4/08/2020 4:07:35 PM,EVENT 54634 1596537970 0/0/0/0/0 INPUT 7 0 1 v:122
4/08/2020 4:07:35 PM,252 Event OK
4/08/2020 4:07:36 PM,EVENT 54635 1596537971 0/0/0/0/0 INPUT 1 0 163 v:122
4/08/2020 4:07:36 PM,252 Event OK
4/08/2020 4:07:36 PM,EVENT 54636 1596537971 0/0/0/0/0 INPUT 4 1 0 v:122
4/08/2020 4:07:36 PM,252 Event OK
4/08/2020 4:07:36 PM,EVENT 54637 1596537978 0/0/0/0/8 INPUT 3 1 0 v:122
4/08/2020 4:07:36 PM,252 Event OK
4/08/2020 4:07:36 PM,EVENT 54638 1596538013 0/0/0/0/12 INPUT 3 0 35 v:121
4/08/2020 4:07:36 PM,252 Event OK
4/08/2020 4:07:36 PM,EVENT 54639 1596538014 0/0/0/0/8 INPUT 4 0 43 v:122
4/08/2020 4:07:36 PM,252 Event OK
4/08/2020 4:07:37 PM,EVENT 54640 1596538014 0/0/0/0/7 INPUT 4 1 0 v:122
4/08/2020 4:07:37 PM,252 Event OK
4/08/2020 4:07:37 PM,EVENT 54641 1596538016 0/0/0/0/0 INPUT 7 1 0 v:121
4/08/2020 4:07:37 PM,252 Event OK
4/08/2020 4:07:37 PM,EVENT 54642 1596538016 0/0/0/0/0 INPUT 8 0 59 v:121
4/08/2020 4:07:37 PM,252 Event OK
4/08/2020 4:07:37 PM,EVENT 54643 1596538017 0/0/0/0/0 INPUT 1 1 0 v:121
4/08/2020 4:07:37 PM,252 Event OK
4/08/2020 4:07:37 PM,EVENT 54644 1596538018 0/0/0/0/0 INPUT 4 0 4 v:121
4/08/2020 4:07:37 PM,252 Event OK
4/08/2020 4:07:38 PM,EVENT 54645 1596538020 0/0/0/0/0 TRIP 54632 35 12 9 7 56 v:121
4/08/2020 4:07:38 PM,252 Event OK
4/08/2020 4:07:38 PM,EVENT 54646 1596538874 0/0/0/0/0 INPUT 8 1 0 v:121
4/08/2020 4:07:38 PM,252 Event OK
4/08/2020 4:07:38 PM,EVENT 54647 1596538874 0/0/0/0/0 INPUT 7 0 858 v:121
4/08/2020 4:07:38 PM,252 Event OK
4/08/2020 4:07:38 PM,EVENT 54648 1596538882 0/0/0/0/0 SIGNON 2521 03cffbfc OK 26 180201 0 v:121
4/08/2020 4:07:38 PM,252 Event OK
4/08/2020 4:07:39 PM,EVENT 54649 1596538888 0/0/0/0/0 INPUT 7 1 0 v:122
4/08/2020 4:07:39 PM,252 Event OK
4/08/2020 4:07:39 PM,EVENT 54650 1596538888 0/0/0/0/0 INPUT 7 0 0 v:122
4/08/2020 4:07:39 PM,252 Event OK
4/08/2020 4:07:39 PM,EVENT 54651 1596538888 0/0/0/0/0 INPUT 4 1 0 v:122
4/08/2020 4:07:39 PM,252 Event OK
4/08/2020 4:07:39 PM,EVENT 54652 1596538889 0/0/0/0/0 INPUT 1 0 872 v:122
4/08/2020 4:07:39 PM,252 Event OK
4/08/2020 4:07:40 PM,EVENT 54653 1596538906 0/0/0/0/6 INPUT 3 1 0 v:122
4/08/2020 4:07:40 PM,252 Event OK
4/08/2020 4:07:40 PM,EVENT 54654 1596538907 0/0/0/0/9 INPUT 3 0 1 v:122
4/08/2020 4:07:40 PM,252 Event OK
4/08/2020 4:07:40 PM,EVENT 54655 1596538908 0/0/0/0/6 INPUT 7 1 0 v:121
4/08/2020 4:07:40 PM,252 Event OK
4/08/2020 4:07:40 PM,EVENT 54656 1596538908 0/0/0/0/6 INPUT 8 0 34 v:121
4/08/2020 4:07:40 PM,252 Event OK
4/08/2020 4:07:40 PM,EVENT 54657 1596538908 0/0/0/0/4 INPUT 1 1 0 v:121
4/08/2020 4:07:40 PM,252 Event OK
4/08/2020 4:07:41 PM,EVENT 54658 1596538909 0/0/0/0/1 INPUT 4 0 22 v:121
4/08/2020 4:07:41 PM,252 Event OK
4/08/2020 4:07:41 PM,EVENT 54659 1596538912 0/0/0/0/0 TRIP 54648 1 21 8 5 30 v:121
4/08/2020 4:07:41 PM,252 Event OK
4/08/2020 4:07:41 PM,EVENT 54660 1596538961 0/0/0/0/0 INPUT 8 1 0 v:121
4/08/2020 4:07:41 PM,252 Event OK
4/08/2020 4:07:41 PM,EVENT 54661 1596538961 0/0/0/0/0 INPUT 7 0 53 v:121
4/08/2020 4:07:41 PM,252 Event OK
4/08/2020 4:07:41 PM,EVENT 54662 1596538969 0/0/0/0/0 SIGNON 2521 03cffbfc OK 26 180201 0 v:121
4/08/2020 4:07:41 PM,252 Event OK
4/08/2020 4:07:42 PM,EVENT 54663 1596538974 0/0/0/0/0 INPUT 7 1 0 v:122
4/08/2020 4:07:42 PM,252 Event OK
4/08/2020 4:07:42 PM,EVENT 54664 1596538974 0/0/0/0/0 INPUT 4 1 0 v:122
4/08/2020 4:07:42 PM,252 Event OK
4/08/2020 4:07:42 PM,EVENT 54665 1596538974 0/0/0/0/0 INPUT 7 0 1 v:122
4/08/2020 4:07:42 PM,252 Event OK
4/08/2020 4:07:42 PM,EVENT 54666 1596538975 0/0/0/0/0 INPUT 1 0 66 v:122
4/08/2020 4:07:42 PM,252 Event OK
4/08/2020 4:07:43 PM,EVENT 54667 1596538988 0/0/0/0/3 INPUT 4 0 14 v:122
4/08/2020 4:07:43 PM,252 Event OK
4/08/2020 4:07:43 PM,EVENT 54668 1596538988 0/0/0/0/3 INPUT 4 1 0 v:122
4/08/2020 4:07:43 PM,252 Event OK
4/08/2020 4:07:43 PM,EVENT 54669 1596539000 0/0/0/0/2 INPUT 3 1 0 v:122
4/08/2020 4:07:43 PM,252 Event OK
4/08/2020 4:07:43 PM,EVENT 54670 1596539018 0/0/0/0/11 INPUT 3 0 18 v:122
4/08/2020 4:07:43 PM,252 Event OK
4/08/2020 4:07:44 PM,EVENT 54671 1596539020 0/0/0/0/6 INPUT 7 1 0 v:122
4/08/2020 4:07:44 PM,252 Event OK
4/08/2020 4:07:44 PM,EVENT 54672 1596539020 0/0/0/0/6 INPUT 8 0 59 v:122
4/08/2020 4:07:44 PM,252 Event OK
4/08/2020 4:07:44 PM,EVENT 54673 1596539020 0/0/0/0/4 INPUT 1 1 0 v:122
4/08/2020 4:07:44 PM,252 Event OK
4/08/2020 4:07:44 PM,EVENT 54674 1596539021 0/0/0/0/1 INPUT 4 0 33 v:121
4/08/2020 4:07:44 PM,252 Event OK
4/08/2020 4:07:45 PM,EVENT 54675 1596539024 0/0/0/0/0 TRIP 54662 18 29 9 6 56 v:121
4/08/2020 4:07:45 PM,252 Event OK
4/08/2020 4:07:45 PM,EVENT 54676 1596539551 0/0/0/0/0 INPUT 8 1 0 v:121
4/08/2020 4:07:45 PM,252 Event OK
4/08/2020 4:07:45 PM,EVENT 54677 1596539552 0/0/0/0/0 INPUT 7 0 532 v:121
4/08/2020 4:07:45 PM,252 Event OK
4/08/2020 4:07:45 PM,EVENT 54678 1596539560 0/0/0/0/0 SIGNON 2521 03cffbfc OK 26 180201 0 v:121
4/08/2020 4:07:45 PM,252 Event OK
4/08/2020 4:07:46 PM,EVENT 54679 1596539565 0/0/0/0/0 INPUT 7 1 0 v:122
4/08/2020 4:07:46 PM,252 Event OK
4/08/2020 4:07:46 PM,EVENT 54680 1596539565 0/0/0/0/0 INPUT 4 1 0 v:122
4/08/2020 4:07:46 PM,252 Event OK
4/08/2020 4:07:46 PM,EVENT 54681 1596539565 0/0/0/0/0 INPUT 7 0 1 v:122
4/08/2020 4:07:46 PM,252 Event OK
4/08/2020 4:07:46 PM,EVENT 54682 1596539566 0/0/0/0/0 INPUT 1 0 546 v:122
4/08/2020 4:07:46 PM,252 Event OK
4/08/2020 4:07:46 PM,EVENT 54683 1596539567 0/0/0/0/0 INPUT 4 0 3 v:122
4/08/2020 4:07:46 PM,252 Event OK
4/08/2020 4:07:47 PM,EVENT 54684 1596539567 0/0/0/0/0 INPUT 4 1 0 v:122
4/08/2020 4:07:47 PM,252 Event OK
4/08/2020 4:07:47 PM,EVENT 54685 1596539587 0/0/0/0/7 INPUT 3 1 0 v:122
4/08/2020 4:07:47 PM,252 Event OK
4/08/2020 4:07:47 PM,EVENT 54686 1596539604 0/0/0/0/10 INPUT 3 0 17 v:122
4/08/2020 4:07:47 PM,252 Event OK
4/08/2020 4:07:47 PM,EVENT 54687 1596539606 0/0/0/0/6 INPUT 7 1 0 v:122
4/08/2020 4:07:47 PM,252 Event OK
4/08/2020 4:07:47 PM,EVENT 54688 1596539606 0/0/0/0/6 INPUT 8 0 55 v:122
4/08/2020 4:07:47 PM,252 Event OK
4/08/2020 4:07:48 PM,EVENT 54689 1596539607 0/0/0/0/4 INPUT 1 1 0 v:122
4/08/2020 4:07:48 PM,252 Event OK
4/08/2020 4:07:48 PM,EVENT 54690 1596539607 0/0/0/0/2 INPUT 4 0 40 v:121
4/08/2020 4:07:48 PM,252 Event OK
4/08/2020 4:07:48 PM,EVENT 54691 1596539611 0/0/0/0/0 TRIP 54678 17 26 9 5 52 v:121
4/08/2020 4:07:48 PM,252 Event OK
4/08/2020 4:07:48 PM,EVENT 54692 1596539921 0/0/0/0/0 INPUT 8 1 0 v:121
4/08/2020 4:07:48 PM,252 Event OK
4/08/2020 4:07:48 PM,EVENT 54693 1596539921 0/0/0/0/0 INPUT 7 0 315 v:121
4/08/2020 4:07:48 PM,252 Event OK
4/08/2020 4:07:49 PM,EVENT 54694 1596539928 0/0/0/0/0 SIGNON 2521 03cffbfc OK 26 180201 0 v:121
4/08/2020 4:07:49 PM,252 Event OK
4/08/2020 4:07:49 PM,EVENT 54695 1596539932 0/0/0/0/0 REPORT 54694 0 0 v:122
4/08/2020 4:07:49 PM,252 Event OK
4/08/2020 4:07:49 PM,EVENT 54696 1596539934 0/0/0/0/0 INPUT 7 1 0 v:122
4/08/2020 4:07:49 PM,252 Event OK
4/08/2020 4:07:49 PM,EVENT 54697 1596539934 0/0/0/0/0 INPUT 4 1 0 v:122
4/08/2020 4:07:49 PM,252 Event OK
4/08/2020 4:07:50 PM,EVENT 54698 1596539934 0/0/0/0/0 INPUT 7 0 0 v:122
4/08/2020 4:07:50 PM,252 Event OK
4/08/2020 4:07:50 PM,EVENT 54699 1596539935 0/0/0/0/0 INPUT 1 0 328 v:122
4/08/2020 4:07:50 PM,252 Event OK
4/08/2020 4:07:50 PM,EVENT 54700 1596539948 0/0/0/0/2 INPUT 3 1 0 v:122
4/08/2020 4:07:50 PM,252 Event OK
4/08/2020 4:07:50 PM,EVENT 54701 1596540081 0/0/0/0/23 ENGINEOVERSPEED 54694 113 3949 v:122
4/08/2020 4:07:50 PM,252 Event OK
4/08/2020 4:07:50 PM,EVENT 54702 1596540117 0/0/0/0/22 IMPACT 54694 9 0 0 0 9 0 - v:121
4/08/2020 4:07:50 PM,252 Event OK
4/08/2020 4:07:51 PM,EVENT 54703 1596540203 0/0/0/0/10 INPUT 3 0 256 v:122
4/08/2020 4:07:51 PM,252 Event OK
4/08/2020 4:07:51 PM,EVENT 54704 1596540206 0/0/0/0/6 INPUT 3 1 0 v:122
4/08/2020 4:07:51 PM,252 Event OK
4/08/2020 4:07:51 PM,EVENT 54705 1596540207 0/0/0/0/10 INPUT 3 0 1 v:122
4/08/2020 4:07:51 PM,252 Event OK
4/08/2020 4:07:51 PM,EVENT 54706 1596540213 0/0/0/0/7 INPUT 3 1 0 v:122
4/08/2020 4:07:51 PM,252 Event OK
4/08/2020 4:07:52 PM,EVENT 54707 1596540215 0/0/0/0/9 INPUT 3 0 1 v:122
4/08/2020 4:07:52 PM,252 Event OK
4/08/2020 4:07:52 PM,EVENT 54708 1596540226 0/0/0/0/8 INPUT 3 1 0 v:122
4/08/2020 4:07:52 PM,252 Event OK
4/08/2020 4:07:52 PM,EVENT 54709 1596540227 0/0/0/0/8 INPUT 3 0 0 v:122
4/08/2020 4:07:52 PM,252 Event OK
4/08/2020 4:07:52 PM,EVENT 54710 1596540229 0/0/0/0/8 INPUT 3 1 0 v:122
4/08/2020 4:07:52 PM,252 Event OK
4/08/2020 4:07:52 PM,EVENT 54711 1596540230 0/0/0/0/9 INPUT 3 0 1 v:122
4/08/2020 4:07:52 PM,252 Event OK
4/08/2020 4:07:53 PM,EVENT 54712 1596540243 0/0/0/0/6 INPUT 3 1 0 v:122
4/08/2020 4:07:53 PM,252 Event OK
4/08/2020 4:07:53 PM,EVENT 54713 1596540352 0/0/0/0/23 ENGINEOVERSPEED 54694 7 4657 v:122
4/08/2020 4:07:53 PM,252 Event OK
4/08/2020 4:07:53 PM,EVENT 54714 1596540426 0/0/0/0/12 INPUT 3 0 182 v:122
4/08/2020 4:07:53 PM,252 Event OK
4/08/2020 4:07:53 PM,EVENT 54715 1596540441 0/0/0/0/2 INPUT 4 0 508 v:122
4/08/2020 4:07:53 PM,252 Event OK
4/08/2020 4:07:53 PM,EVENT 54716 1596540441 0/0/0/0/1 INPUT 4 1 0 v:122
4/08/2020 4:07:53 PM,252 Event OK
4/08/2020 4:07:54 PM,EVENT 54717 1596540443 0/0/0/0/5 INPUT 3 1 0 v:122
4/08/2020 4:07:54 PM,252 Event OK
4/08/2020 4:07:54 PM,EVENT 54718 1596540520 0/0/0/0/10 INPUT 3 0 77 v:122
4/08/2020 4:07:54 PM,252 Event OK
4/08/2020 4:07:54 PM,EVENT 54719 1596540542 0/0/0/0/1 INPUT 4 0 101 v:122
4/08/2020 4:07:54 PM,252 Event OK
4/08/2020 4:07:54 PM,EVENT 54720 1596540743 0/0/0/0/6 INPUT 3 1 0 v:122
4/08/2020 4:07:54 PM,252 Event OK
4/08/2020 4:07:55 PM,EVENT 54721 1596540745 0/0/0/0/10 INPUT 4 1 0 v:122
4/08/2020 4:07:55 PM,252 Event OK
4/08/2020 4:07:55 PM,EVENT 54722 1596540746 0/0/0/0/11 INPUT 3 0 3 v:122
4/08/2020 4:07:55 PM,252 Event OK
4/08/2020 4:07:55 PM,EVENT 54723 1596540803 0/0/0/99/0 INPUT 4 0 59 v:122
4/08/2020 4:07:55 PM,252 Event OK
4/08/2020 4:07:55 PM,EVENT 54724 1596540803 0/0/0/99/0 INPUT 4 1 0 v:122
4/08/2020 4:07:55 PM,252 Event OK
4/08/2020 4:07:55 PM,EVENT 54725 1596540807 0/0/0/99/7 INPUT 3 1 0 v:121
4/08/2020 4:07:55 PM,252 Event OK
4/08/2020 4:07:56 PM,EVENT 54726 1596540815 0/0/0/99/9 INPUT 3 0 9 v:122
4/08/2020 4:07:56 PM,252 Event OK
4/08/2020 4:07:56 PM,EVENT 54727 1596540834 0/0/0/0/0 INPUT 4 0 31 v:122
4/08/2020 4:07:56 PM,252 Event OK
4/08/2020 4:07:56 PM,EVENT 54728 1596540968 0/0/0/0/5 INPUT 3 1 0 v:122
4/08/2020 4:07:56 PM,252 Event OK
4/08/2020 4:07:56 PM,EVENT 54729 1596540968 0/0/0/0/5 INPUT 4 1 0 v:122
4/08/2020 4:07:56 PM,252 Event OK
4/08/2020 4:07:57 PM,EVENT 54730 1596541085 0/0/0/0/12 INPUT 3 0 118 v:121
4/08/2020 4:07:57 PM,252 Event OK
4/08/2020 4:07:57 PM,EVENT 54731 1596541095 0/0/0/0/0 INPUT 4 0 128 v:121
4/08/2020 4:07:57 PM,252 Event OK
4/08/2020 4:07:57 PM,EVENT 54732 1596541095 0/0/0/0/0 INPUT 4 1 0 v:122
4/08/2020 4:07:57 PM,252 Event OK
4/08/2020 4:07:57 PM,EVENT 54733 1596541101 0/0/0/0/5 INPUT 4 0 6 v:122
4/08/2020 4:07:57 PM,252 Event OK
4/08/2020 4:07:57 PM,EVENT 54734 1596541108 0/0/0/0/0 INPUT 7 1 0 v:121
4/08/2020 4:07:57 PM,252 Event OK
4/08/2020 4:07:58 PM,EVENT 54735 1596541108 0/0/0/0/0 INPUT 8 0 1188 v:121
4/08/2020 4:07:58 PM,252 Event OK
4/08/2020 4:07:58 PM,EVENT 54736 1596541109 0/0/0/0/0 INPUT 1 1 0 v:121
4/08/2020 4:07:58 PM,252 Event OK
4/08/2020 4:07:58 PM,EVENT 54737 1596541113 0/0/0/0/0 TRIP 54694 648 187 350 200 1185 v:121
4/08/2020 4:07:58 PM,252 Event OK
4/08/2020 4:07:58 PM,EVENT 54738 1596541113 0/0/0/0/0 TRIPSUMMARY 54694 v:121
4/08/2020 4:07:58 PM,252 Event OK
4/08/2020 4:07:58 PM,EVENT 54739 1596541624 0/0/0/0/0 INPUT 8 1 0 v:121
4/08/2020 4:07:58 PM,252 Event OK
4/08/2020 4:07:59 PM,EVENT 54740 1596541625 0/0/0/0/0 INPUT 7 0 516 v:121
4/08/2020 4:07:59 PM,252 Event OK
4/08/2020 4:07:59 PM,EVENT 54741 1596541633 0/0/0/0/0 SIGNON 2521 03cffbfc OK 26 180201 0 v:122
4/08/2020 4:07:59 PM,252 Event OK
4/08/2020 4:07:59 PM,EVENT 54742 1596541641 0/0/0/0/0 INPUT 7 1 0 v:122
4/08/2020 4:07:59 PM,252 Event OK
4/08/2020 4:07:59 PM,EVENT 54743 1596541642 0/0/0/0/0 INPUT 7 0 1 v:122
4/08/2020 4:07:59 PM,252 Event OK
4/08/2020 4:08:00 PM,EVENT 54744 1596541642 0/0/0/0/0 INPUT 4 1 0 v:122
4/08/2020 4:08:00 PM,252 Event OK
4/08/2020 4:08:00 PM,EVENT 54745 1596541643 0/0/0/0/0 INPUT 1 0 535 v:122
4/08/2020 4:08:00 PM,252 Event OK
4/08/2020 4:08:00 PM,EVENT 54746 1596541654 0/0/0/0/5 INPUT 4 0 12 v:121
4/08/2020 4:08:00 PM,252 Event OK
4/08/2020 4:08:00 PM,EVENT 54747 1596541655 0/0/0/0/4 INPUT 4 1 0 v:121
4/08/2020 4:08:00 PM,252 Event OK
4/08/2020 4:08:00 PM,EVENT 54748 1596541661 0/0/0/0/5 INPUT 3 1 0 v:121
4/08/2020 4:08:00 PM,252 Event OK
4/08/2020 4:08:01 PM,EVENT 54749 1596541685 0/0/0/0/12 INPUT 3 0 25 v:122
4/08/2020 4:08:01 PM,252 Event OK
4/08/2020 4:08:01 PM,EVENT 54750 1596541738 0/0/0/0/0 INPUT 4 0 84 v:122
4/08/2020 4:08:01 PM,252 Event OK
4/08/2020 4:08:02 PM,EVENT 54751 1596541738 0/0/0/0/0 INPUT 4 1 0 v:122
4/08/2020 4:08:02 PM,252 Event OK
4/08/2020 4:08:02 PM,EVENT 54752 1596541762 0/0/0/0/0 REPORT 54741 0 0 v:122
4/08/2020 4:08:02 PM,252 Event OK
4/08/2020 4:08:02 PM,EVENT 54753 1596541814 0/0/0/99/0 INPUT 4 0 76 v:122
4/08/2020 4:08:02 PM,252 Event OK
4/08/2020 4:08:02 PM,EVENT 54754 1596541815 0/0/0/99/0 INPUT 4 1 0 v:122
4/08/2020 4:08:02 PM,252 Event OK
4/08/2020 4:08:02 PM,EVENT 54755 1596542107 0/0/0/0/0 INPUT 4 0 293 v:121
4/08/2020 4:08:02 PM,252 Event OK
4/08/2020 4:08:03 PM,EVENT 54756 1596542184 0/0/0/0/6 INPUT 3 1 0 v:121
4/08/2020 4:08:03 PM,252 Event OK
4/08/2020 4:08:03 PM,EVENT 54757 1596542185 0/0/0/0/10 INPUT 4 1 0 v:121
4/08/2020 4:08:03 PM,252 Event OK
4/08/2020 4:08:03 PM,EVENT 54758 1596542198 0/0/0/0/10 INPUT 3 0 14 v:121
4/08/2020 4:08:03 PM,252 Event OK
4/08/2020 4:08:03 PM,EVENT 54759 1596542225 0/0/0/0/4 INPUT 1 1 0 v:121
4/08/2020 4:08:03 PM,252 Event OK
4/08/2020 4:08:04 PM,EVENT 54760 1596542226 0/0/0/0/1 INPUT 4 0 42 v:121
4/08/2020 4:08:04 PM,252 Event OK
4/08/2020 4:08:04 PM,EVENT 54761 1596542232 0/0/0/0/0 INPUT 1 0 7 v:122
4/08/2020 4:08:04 PM,252 Event OK
4/08/2020 4:08:04 PM,EVENT 54762 1596542233 0/0/0/0/0 INPUT 4 1 0 v:122
4/08/2020 4:08:04 PM,252 Event OK
4/08/2020 4:08:04 PM,EVENT 54763 1596542237 0/0/0/0/6 INPUT 3 1 0 v:121
4/08/2020 4:08:04 PM,252 Event OK
4/08/2020 4:08:05 PM,EVENT 54764 1596542242 0/0/0/0/9 INPUT 3 0 6 v:121
4/08/2020 4:08:05 PM,252 Event OK
4/08/2020 4:08:05 PM,EVENT 54765 1596542310 0/0/0/0/7 INPUT 3 1 0 v:121
4/08/2020 4:08:05 PM,252 Event OK
4/08/2020 4:08:05 PM,EVENT 54766 1596542345 0/0/0/0/26 ENGINEOVERSPEED 54741 23 13268 v:121
4/08/2020 4:08:05 PM,252 Event OK
4/08/2020 4:08:05 PM,EVENT 54767 1596542356 0/0/0/0/25 INPUT 4 0 124 v:121
4/08/2020 4:08:05 PM,252 Event OK
4/08/2020 4:08:06 PM,EVENT 54768 1596542363 0/0/0/0/22 INPUT 3 0 54 v:121
4/08/2020 4:08:06 PM,252 Event OK
4/08/2020 4:08:06 PM,EVENT 54769 1596542363 0/0/0/0/20 INPUT 3 1 0 v:121
4/08/2020 4:08:06 PM,252 Event OK
4/08/2020 4:08:06 PM,EVENT 54770 1596542365 0/0/0/0/22 INPUT 4 1 0 v:121
4/08/2020 4:08:06 PM,252 Event OK
4/08/2020 4:08:06 PM,EVENT 54771 1596542373 0/0/0/0/14 INPUT 4 0 9 v:121
4/08/2020 4:08:06 PM,252 Event OK
4/08/2020 4:08:06 PM,EVENT 54772 1596542375 0/0/0/0/14 INPUT 3 0 11 v:121
4/08/2020 4:08:06 PM,252 Event OK
4/08/2020 4:08:07 PM,EVENT 54773 1596542376 0/0/0/0/8 INPUT 3 1 0 v:121
4/08/2020 4:08:07 PM,252 Event OK
4/08/2020 4:08:07 PM,EVENT 54774 1596542376 0/0/0/0/8 INPUT 4 1 0 v:121
4/08/2020 4:08:07 PM,252 Event OK
4/08/2020 4:08:07 PM,EVENT 54775 1596542382 0/0/0/0/11 INPUT 3 0 6 v:121
4/08/2020 4:08:07 PM,252 Event OK
4/08/2020 4:08:07 PM,EVENT 54776 1596542709 0/0/0/0/3 INPUT 3 1 0 v:122
4/08/2020 4:08:07 PM,252 Event OK
4/08/2020 4:08:08 PM,EVENT 54777 1596542717 0/0/0/0/20 INPUT 4 0 342 v:122
4/08/2020 4:08:08 PM,252 Event OK
4/08/2020 4:08:08 PM,EVENT 54778 1596542729 0/0/0/0/17 INPUT 4 1 0 v:122
4/08/2020 4:08:08 PM,252 Event OK
4/08/2020 4:08:08 PM,EVENT 54779 1596543275 0/0/0/0/12 INPUT 3 0 565 v:121
4/08/2020 4:08:08 PM,252 Event OK
4/08/2020 4:08:08 PM,EVENT 54780 1596543296 0/0/0/0/2 INPUT 4 0 568 v:122
4/08/2020 4:08:08 PM,252 Event OK
4/08/2020 4:08:09 PM,EVENT 54781 1596543297 0/0/0/0/1 INPUT 4 1 0 v:122
4/08/2020 4:08:09 PM,252 Event OK
4/08/2020 4:08:09 PM,EVENT 54782 1596543314 0/0/0/0/0 INPUT 4 0 18 v:122
4/08/2020 4:08:09 PM,252 Event OK
4/08/2020 4:08:09 PM,EVENT 54783 1596543333 0/0/0/0/0 INPUT 4 1 0 v:122
4/08/2020 4:08:09 PM,252 Event OK
4/08/2020 4:08:09 PM,EVENT 54784 1596543335 0/0/0/0/0 INPUT 4 0 3 v:122
4/08/2020 4:08:09 PM,252 Event OK
4/08/2020 4:08:10 PM,EVENT 54785 1596543353 0/0/0/0/0 INPUT 4 1 0 v:122
4/08/2020 4:08:10 PM,252 Event OK
4/08/2020 4:08:10 PM,EVENT 54786 1596543354 0/0/0/0/0 INPUT 4 0 2 v:122
4/08/2020 4:08:10 PM,252 Event OK
4/08/2020 4:08:10 PM,EVENT 54787 1596543363 0/0/0/0/0 INPUT 4 1 0 v:122
4/08/2020 4:08:10 PM,252 Event OK
4/08/2020 4:08:10 PM,EVENT 54788 1596543364 0/0/0/0/0 INPUT 4 0 2 v:122
4/08/2020 4:08:10 PM,252 Event OK
4/08/2020 4:08:10 PM,EVENT 54789 1596543592 0/0/0/0/0 REPORT 54741 0 0 v:122
4/08/2020 4:08:10 PM,252 Event OK
4/08/2020 4:08:11 PM,EVENT 54790 1596543660 0/0/0/0/2 INPUT 4 1 0 v:121
4/08/2020 4:08:11 PM,252 Event OK
4/08/2020 4:08:11 PM,EVENT 54791 1596543661 0/0/0/0/6 INPUT 3 1 0 v:121
4/08/2020 4:08:11 PM,252 Event OK
4/08/2020 4:08:11 PM,EVENT 54792 1596543662 0/0/0/0/11 INPUT 4 0 2 v:122
4/08/2020 4:08:11 PM,252 Event OK
4/08/2020 4:08:11 PM,EVENT 54793 1596543665 0/0/0/0/10 INPUT 3 0 5 v:121
4/08/2020 4:08:11 PM,252 Event OK
4/08/2020 4:08:11 PM,EVENT 54794 1596543665 0/0/0/0/9 INPUT 3 1 0 v:121
4/08/2020 4:08:11 PM,252 Event OK
4/08/2020 4:08:12 PM,EVENT 54795 1596543666 0/0/0/0/9 INPUT 4 1 0 v:121
4/08/2020 4:08:12 PM,252 Event OK
4/08/2020 4:08:12 PM,EVENT 54796 1596543672 0/0/0/0/18 INPUT 4 0 7 v:121
4/08/2020 4:08:12 PM,252 Event OK
4/08/2020 4:08:12 PM,EVENT 54797 1596543675 0/0/0/0/20 INPUT 4 1 0 v:121
4/08/2020 4:08:12 PM,252 Event OK
4/08/2020 4:08:12 PM,EVENT 54798 1596543690 0/0/0/0/20 INPUT 4 0 16 v:121
4/08/2020 4:08:12 PM,252 Event OK
4/08/2020 4:08:13 PM,EVENT 54799 1596543695 0/0/0/0/17 INPUT 3 0 29 v:121
4/08/2020 4:08:13 PM,252 Event OK
4/08/2020 4:08:13 PM,EVENT 54800 1596543697 0/0/0/0/5 INPUT 4 1 0 v:122
4/08/2020 4:08:13 PM,252 Event OK
4/08/2020 4:08:13 PM,EVENT 54801 1596543700 0/0/0/0/8 INPUT 3 1 0 v:122
4/08/2020 4:08:13 PM,252 Event OK
4/08/2020 4:08:13 PM,EVENT 54802 1596543701 0/0/0/0/8 INPUT 3 0 1 v:122
4/08/2020 4:08:13 PM,252 Event OK
4/08/2020 4:08:14 PM,EVENT 54803 1596543711 0/0/0/0/5 INPUT 4 0 14 v:122
4/08/2020 4:08:14 PM,252 Event OK
4/08/2020 4:08:14 PM,EVENT 54804 1596543848 0/0/0/0/7 INPUT 3 1 0 v:122
4/08/2020 4:08:14 PM,252 Event OK
4/08/2020 4:08:14 PM,EVENT 54805 1596543858 0/0/0/0/20 INPUT 4 1 0 v:122
4/08/2020 4:08:14 PM,252 Event OK
4/08/2020 4:08:14 PM,EVENT 54806 1596543861 0/0/0/0/20 INPUT 4 0 3 v:121
4/08/2020 4:08:14 PM,252 Event OK
4/08/2020 4:08:15 PM,EVENT 54807 1596543861 0/0/0/0/20 INPUT 4 1 0 v:121
4/08/2020 4:08:15 PM,252 Event OK
4/08/2020 4:08:15 PM,EVENT 54808 1596543883 0/0/0/0/20 INPUT 4 0 22 v:121
4/08/2020 4:08:15 PM,252 Event OK
4/08/2020 4:08:15 PM,EVENT 54809 1596543883 0/0/0/0/20 INPUT 4 1 0 v:121
4/08/2020 4:08:15 PM,252 Event OK
4/08/2020 4:08:16 PM,EVENT 54810 1596543891 0/0/0/0/19 INPUT 4 0 8 v:121
4/08/2020 4:08:16 PM,252 Event OK
4/08/2020 4:08:16 PM,EVENT 54811 1596543892 0/0/0/0/20 INPUT 4 1 0 v:121
4/08/2020 4:08:16 PM,252 Event OK
4/08/2020 4:08:16 PM,EVENT 54812 1596544081 0/0/0/0/18 INPUT 4 0 190 v:121
4/08/2020 4:08:16 PM,252 Event OK
4/08/2020 4:08:16 PM,EVENT 54813 1596544084 0/0/0/0/18 INPUT 4 1 0 v:121
4/08/2020 4:08:16 PM,252 Event OK
4/08/2020 4:08:16 PM,EVENT 54814 1596544118 0/0/0/0/10 INPUT 3 0 271 v:121
4/08/2020 4:08:16 PM,252 Event OK
4/08/2020 4:08:17 PM,EVENT 54815 1596544237 0/0/0/0/0 INPUT 4 0 154 v:121
4/08/2020 4:08:17 PM,252 Event OK
4/08/2020 4:08:17 PM,EVENT 54816 1596544242 0/0/0/0/3 INPUT 4 1 0 v:121
4/08/2020 4:08:17 PM,252 Event OK
4/08/2020 4:08:17 PM,EVENT 54817 1596544243 0/0/0/0/3 INPUT 4 0 2 v:121
4/08/2020 4:08:17 PM,252 Event OK
4/08/2020 4:08:17 PM,EVENT 54818 1596544268 0/0/0/0/5 INPUT 4 1 0 v:121
4/08/2020 4:08:17 PM,252 Event OK
4/08/2020 4:08:18 PM,EVENT 54819 1596544274 0/0/0/0/0 INPUT 4 0 6 v:121
4/08/2020 4:08:18 PM,252 Event OK
4/08/2020 4:08:18 PM,EVENT 54820 1596544276 0/0/0/0/0 INPUT 4 1 0 v:121
4/08/2020 4:08:18 PM,252 Event OK
4/08/2020 4:08:18 PM,EVENT 54821 1596544277 0/0/0/0/0 INPUT 4 0 2 v:121
4/08/2020 4:08:18 PM,252 Event OK
4/08/2020 4:08:19 PM,EVENT 54822 1596544278 0/0/0/0/0 INPUT 4 1 0 v:121
4/08/2020 4:08:19 PM,252 Event OK
4/08/2020 4:08:19 PM,EVENT 54823 1596544407 0/0/0/0/0 INPUT 4 0 129 v:121
4/08/2020 4:08:19 PM,252 Event OK
4/08/2020 4:08:19 PM,EVENT 54824 1596544707 0/0/0/0/0 XSIDLESTART 54741 v:121
4/08/2020 4:08:19 PM,252 Event OK
4/08/2020 4:08:19 PM,EVENT 54825 1596544723 0/0/0/0/0 XSIDLE 54741 315 v:121
4/08/2020 4:08:19 PM,252 Event OK
4/08/2020 4:08:19 PM,EVENT 54826 1596544723 0/0/0/0/0 INPUT 4 1 0 v:122
4/08/2020 4:08:19 PM,252 Event OK
4/08/2020 4:08:20 PM,EVENT 54827 1596544734 0/0/0/0/3 INPUT 4 0 12 v:121
4/08/2020 4:08:20 PM,252 Event OK
4/08/2020 4:08:20 PM,EVENT 54828 1596544747 0/0/0/0/1 INPUT 4 1 0 v:121
4/08/2020 4:08:20 PM,252 Event OK
4/08/2020 4:08:20 PM,EVENT 54829 1596544751 0/0/0/0/3 INPUT 4 0 4 v:121
4/08/2020 4:08:20 PM,252 Event OK
4/08/2020 4:08:20 PM,EVENT 54830 1596544751 0/0/0/0/3 INPUT 4 1 0 v:121
4/08/2020 4:08:20 PM,252 Event OK
4/08/2020 4:08:20 PM,EVENT 54831 1596544755 0/0/0/0/0 INPUT 4 0 4 v:121
4/08/2020 4:08:20 PM,252 Event OK
4/08/2020 4:08:21 PM,EVENT 54832 1596544758 0/0/0/0/0 INPUT 4 1 0 v:121
4/08/2020 4:08:21 PM,252 Event OK
4/08/2020 4:08:21 PM,EVENT 54833 1596544759 0/0/0/0/0 INPUT 4 0 2 v:121
4/08/2020 4:08:21 PM,252 Event OK
4/08/2020 4:08:21 PM,EVENT 54834 1596544768 0/0/0/0/5 INPUT 4 1 0 v:122
4/08/2020 4:08:21 PM,252 Event OK
4/08/2020 4:08:21 PM,EVENT 54835 1596544779 0/0/0/0/6 INPUT 3 1 0 v:122
4/08/2020 4:08:21 PM,252 Event OK
4/08/2020 4:08:22 PM,EVENT 54836 1596544784 0/0/0/0/10 INPUT 3 0 5 v:122
4/08/2020 4:08:22 PM,252 Event OK
4/08/2020 4:08:22 PM,EVENT 54837 1596544835 0/0/0/0/2 INPUT 3 1 0 v:122
4/08/2020 4:08:22 PM,252 Event OK
4/08/2020 4:08:22 PM,EVENT 54838 1596544886 0/0/0/0/14 INPUT 3 0 51 v:121
4/08/2020 4:08:22 PM,252 Event OK
4/08/2020 4:08:22 PM,EVENT 54839 1596544918 0/0/0/0/2 INPUT 3 1 0 v:121
4/08/2020 4:08:22 PM,252 Event OK
4/08/2020 4:08:22 PM,EVENT 54840 1596544924 0/0/0/0/20 INPUT 4 0 156 v:121
4/08/2020 4:08:22 PM,252 Event OK
4/08/2020 4:08:23 PM,EVENT 54841 1596544925 0/0/0/0/20 INPUT 4 1 0 v:121
4/08/2020 4:08:23 PM,252 Event OK
4/08/2020 4:08:23 PM,EVENT 54842 1596544956 0/0/0/0/20 INPUT 4 0 32 v:121
4/08/2020 4:08:23 PM,252 Event OK
4/08/2020 4:08:23 PM,EVENT 54843 1596544961 0/0/0/0/23 INPUT 4 1 0 v:121
4/08/2020 4:08:23 PM,252 Event OK
4/08/2020 4:08:23 PM,EVENT 54844 1596544964 0/0/0/0/23 INPUT 4 0 3 v:121
4/08/2020 4:08:23 PM,252 Event OK
4/08/2020 4:08:24 PM,EVENT 54845 1596544965 0/0/0/0/23 INPUT 4 1 0 v:121
4/08/2020 4:08:24 PM,252 Event OK
4/08/2020 4:08:24 PM,EVENT 54846 1596545047 0/0/0/0/25 INPUT 4 0 83 v:121
4/08/2020 4:08:24 PM,252 Event OK
4/08/2020 4:08:24 PM,EVENT 54847 1596545050 0/0/0/0/25 INPUT 4 1 0 v:121
4/08/2020 4:08:24 PM,252 Event OK
4/08/2020 4:08:24 PM,EVENT 54848 1596545053 0/0/0/0/23 INPUT 4 0 3 v:121
4/08/2020 4:08:24 PM,252 Event OK
4/08/2020 4:08:24 PM,EVENT 54849 1596545065 0/0/0/0/24 INPUT 4 1 0 v:121
4/08/2020 4:08:24 PM,252 Event OK
4/08/2020 4:08:25 PM,EVENT 54850 1596545070 0/0/0/0/23 INPUT 4 0 6 v:121
4/08/2020 4:08:25 PM,252 Event OK
4/08/2020 4:08:25 PM,EVENT 54851 1596545074 0/0/0/0/25 INPUT 4 1 0 v:121
4/08/2020 4:08:25 PM,252 Event OK
4/08/2020 4:08:25 PM,EVENT 54852 1596545099 0/0/0/0/22 INPUT 4 0 26 v:121
4/08/2020 4:08:25 PM,252 Event OK
4/08/2020 4:08:25 PM,EVENT 54853 1596545133 0/0/0/0/21 INPUT 4 1 0 v:121
4/08/2020 4:08:25 PM,252 Event OK
4/08/2020 4:08:26 PM,EVENT 54854 1596545138 0/0/0/0/16 INPUT 4 0 5 v:121
4/08/2020 4:08:26 PM,252 Event OK
4/08/2020 4:08:26 PM,EVENT 54855 1596545139 0/0/0/0/16 INPUT 4 1 0 v:121
4/08/2020 4:08:26 PM,252 Event OK
4/08/2020 4:08:26 PM,EVENT 54856 1596545141 0/0/0/0/9 INPUT 3 0 224 v:121
4/08/2020 4:08:26 PM,252 Event OK
4/08/2020 4:08:26 PM,EVENT 54857 1596545142 0/0/0/0/3 INPUT 4 0 4 v:122
4/08/2020 4:08:26 PM,252 Event OK
4/08/2020 4:08:26 PM,EVENT 54858 1596545152 0/0/0/0/3 INPUT 4 1 0 v:121
4/08/2020 4:08:26 PM,252 Event OK
4/08/2020 4:08:27 PM,EVENT 54859 1596545164 0/0/0/0/3 INPUT 7 1 0 v:122
4/08/2020 4:08:27 PM,252 Event OK
4/08/2020 4:08:27 PM,EVENT 54860 1596545164 0/0/0/0/3 INPUT 8 0 3539 v:122
4/08/2020 4:08:27 PM,252 Event OK
4/08/2020 4:08:27 PM,EVENT 54861 1596545165 0/0/0/0/3 INPUT 1 1 0 v:122
4/08/2020 4:08:27 PM,252 Event OK
4/08/2020 4:08:27 PM,EVENT 54862 1596545167 0/0/0/0/0 INPUT 4 0 15 v:121
4/08/2020 4:08:27 PM,252 Event OK
4/08/2020 4:08:27 PM,EVENT 54863 1596545168 0/0/0/0/0 TRIP 54741 1267 1319 950 315 3536 v:122
4/08/2020 4:08:27 PM,252 Event OK
4/08/2020 4:08:28 PM,EVENT 54864 1596545168 0/0/0/0/0 TRIPSUMMARY 54741 v:122
4/08/2020 4:08:28 PM,252 Event OK
4/08/2020 4:08:28 PM,EVENT 54865 1596545363 0/0/0/0/0 INPUT 8 1 0 v:122
4/08/2020 4:08:28 PM,252 Event OK
4/08/2020 4:08:28 PM,EVENT 54866 1596545364 0/0/0/0/0 INPUT 7 0 200 v:122
4/08/2020 4:08:28 PM,252 Event OK
4/08/2020 4:08:28 PM,EVENT 54867 1596545373 0/0/0/0/0 SIGNON 2521 03cffbfc OK 26 180201 0 v:122
4/08/2020 4:08:28 PM,252 Event OK
4/08/2020 4:08:29 PM,EVENT 54868 1596545382 0/0/0/0/0 INPUT 4 1 0 v:122
4/08/2020 4:08:29 PM,252 Event OK
4/08/2020 4:08:29 PM,EVENT 54869 1596545382 0/0/0/0/0 INPUT 1 0 217 v:122
4/08/2020 4:08:29 PM,252 Event OK
4/08/2020 4:08:29 PM,EVENT 54870 1596545387 0/0/0/0/8 INPUT 3 1 0 v:122
4/08/2020 4:08:29 PM,252 Event OK
4/08/2020 4:08:29 PM,EVENT 54871 1596545388 0/0/0/0/9 INPUT 3 0 2 v:122
4/08/2020 4:08:29 PM,252 Event OK
4/08/2020 4:08:30 PM,EVENT 54872 1596545422 0/0/0/0/0 REPORT 54867 0 0 v:121
4/08/2020 4:08:30 PM,252 Event OK
4/08/2020 4:08:30 PM,EVENT 54873 1596545484 0/0/0/0/2 INPUT 3 1 0 v:121
4/08/2020 4:08:30 PM,252 Event OK
4/08/2020 4:08:30 PM,EVENT 54874 1596545505 0/0/0/0/12 INPUT 3 0 21 v:122
4/08/2020 4:08:30 PM,252 Event OK
4/08/2020 4:08:30 PM,EVENT 54875 1596545506 0/0/0/0/7 INPUT 7 1 0 v:122
4/08/2020 4:08:30 PM,252 Event OK
4/08/2020 4:08:30 PM,EVENT 54876 1596545506 0/0/0/0/7 INPUT 8 0 143 v:122
4/08/2020 4:08:30 PM,252 Event OK
4/08/2020 4:08:31 PM,EVENT 54877 1596545506 0/0/0/0/4 INPUT 1 1 0 v:122
4/08/2020 4:08:31 PM,252 Event OK
4/08/2020 4:08:31 PM,EVENT 54878 1596545508 0/0/0/0/0 INPUT 4 0 127 v:121
4/08/2020 4:08:31 PM,252 Event OK
4/08/2020 4:08:31 PM,EVENT 54879 1596545510 0/0/0/0/0 ENGINEOVERSPEED 54867 7 13390 v:121
4/08/2020 4:08:31 PM,252 Event OK
4/08/2020 4:08:31 PM,EVENT 54880 1596545511 0/0/0/0/0 TRIP 54867 23 104 12 9 139 v:121
4/08/2020 4:08:31 PM,252 Event OK
4/08/2020 4:08:32 PM,EVENT 54881 1596545511 0/0/0/0/0 TRIPSUMMARY 54867 v:122
4/08/2020 4:08:32 PM,252 Event OK
4/08/2020 4:08:32 PM,EVENT 54882 1596545604 0/0/0/0/0 INPUT 8 1 0 v:122
4/08/2020 4:08:32 PM,252 Event OK
4/08/2020 4:08:32 PM,EVENT 54883 1596545605 0/0/0/0/0 INPUT 7 0 98 v:122
4/08/2020 4:08:32 PM,252 Event OK
4/08/2020 4:08:32 PM,EVENT 54884 1596545612 0/0/0/0/0 SIGNON 2521 03cffbfc OK 26 180201 0 v:122
4/08/2020 4:08:32 PM,252 Event OK
4/08/2020 4:08:33 PM,EVENT 54885 1596545618 0/0/0/0/0 INPUT 4 1 0 v:122
4/08/2020 4:08:33 PM,252 Event OK
4/08/2020 4:08:33 PM,EVENT 54886 1596545619 0/0/0/0/0 INPUT 1 0 113 v:122
4/08/2020 4:08:33 PM,252 Event OK
4/08/2020 4:08:33 PM,EVENT 54887 1596545622 0/0/0/0/4 INPUT 3 1 0 v:122
4/08/2020 4:08:33 PM,252 Event OK
4/08/2020 4:08:33 PM,EVENT 54888 1596545676 0/0/0/0/9 INPUT 3 0 54 v:121
4/08/2020 4:08:33 PM,252 Event OK
4/08/2020 4:08:34 PM,EVENT 54889 1596545677 0/0/0/0/5 INPUT 4 0 60 v:121
4/08/2020 4:08:34 PM,252 Event OK
4/08/2020 4:08:34 PM,EVENT 54890 1596545680 0/0/0/0/0 INPUT 7 1 0 v:121
4/08/2020 4:08:34 PM,252 Event OK
4/08/2020 4:08:34 PM,EVENT 54891 1596545680 0/0/0/0/0 INPUT 8 0 75 v:121
4/08/2020 4:08:34 PM,252 Event OK
4/08/2020 4:08:34 PM,EVENT 54892 1596545680 0/0/0/0/0 INPUT 1 1 0 v:121
4/08/2020 4:08:34 PM,252 Event OK
4/08/2020 4:08:35 PM,EVENT 54893 1596545684 0/0/0/0/0 TRIP 54884 54 6 12 7 72 v:121
4/08/2020 4:08:35 PM,252 Event OK
4/08/2020 4:08:35 PM,EVENT 54894 1596545904 0/0/0/0/0 INPUT 8 1 0 v:121
4/08/2020 4:08:35 PM,252 Event OK
4/08/2020 4:08:35 PM,EVENT 54895 1596545905 0/0/0/0/0 INPUT 7 0 225 v:121
4/08/2020 4:08:35 PM,252 Event OK
4/08/2020 4:08:35 PM,EVENT 54896 1596545913 0/0/0/0/0 SIGNON 2521 03cffbfc OK 26 180201 0 v:122
4/08/2020 4:08:35 PM,252 Event OK
4/08/2020 4:08:35 PM,EVENT 54897 1596545918 0/0/0/0/0 INPUT 7 1 0 v:122
4/08/2020 4:08:35 PM,252 Event OK
4/08/2020 4:08:36 PM,EVENT 54898 1596545918 0/0/0/0/0 INPUT 4 1 0 v:122
4/08/2020 4:08:36 PM,252 Event OK
4/08/2020 4:08:36 PM,EVENT 54899 1596545919 0/0/0/0/0 INPUT 7 0 1 v:122
4/08/2020 4:08:36 PM,252 Event OK
4/08/2020 4:08:36 PM,EVENT 54900 1596545920 0/0/0/0/0 INPUT 1 0 240 v:122
4/08/2020 4:08:36 PM,252 Event OK
4/08/2020 4:08:36 PM,EVENT 54901 1596545946 0/0/0/0/8 INPUT 3 1 0 v:122
4/08/2020 4:08:36 PM,252 Event OK
4/08/2020 4:08:36 PM,EVENT 54902 1596545967 0/0/0/0/12 INPUT 3 0 21 v:121
4/08/2020 4:08:36 PM,252 Event OK
4/08/2020 4:08:37 PM,EVENT 54903 1596545994 0/0/0/0/3 INPUT 3 1 0 v:121
4/08/2020 4:08:37 PM,252 Event OK
4/08/2020 4:08:37 PM,EVENT 54904 1596546050 0/0/0/0/23 ENGINEOVERSPEED 54896 43 15000 v:121
4/08/2020 4:08:37 PM,252 Event OK
4/08/2020 4:08:37 PM,EVENT 54905 1596546132 0/0/0/0/20 INPUT 4 0 214 v:121
4/08/2020 4:08:37 PM,252 Event OK
4/08/2020 4:08:37 PM,EVENT 54906 1596546139 0/0/0/0/22 INPUT 3 0 146 v:121
4/08/2020 4:08:37 PM,252 Event OK
4/08/2020 4:08:38 PM,EVENT 54907 1596546139 0/0/0/0/19 INPUT 3 1 0 v:121
4/08/2020 4:08:38 PM,252 Event OK
4/08/2020 4:08:38 PM,EVENT 54908 1596546148 0/0/0/0/23 INPUT 4 1 0 v:121
4/08/2020 4:08:38 PM,252 Event OK
4/08/2020 4:08:38 PM,EVENT 54909 1596546151 0/0/0/0/23 INPUT 4 0 3 v:121
4/08/2020 4:08:38 PM,252 Event OK
4/08/2020 4:08:38 PM,EVENT 54910 1596546157 0/0/0/0/22 INPUT 3 0 18 v:121
4/08/2020 4:08:38 PM,252 Event OK
4/08/2020 4:08:39 PM,EVENT 54911 1596546157 0/0/0/0/20 INPUT 3 1 0 v:121
4/08/2020 4:08:39 PM,252 Event OK
4/08/2020 4:08:39 PM,EVENT 54912 1596546166 0/0/0/0/25 INPUT 4 1 0 v:121
4/08/2020 4:08:39 PM,252 Event OK
4/08/2020 4:08:39 PM,EVENT 54913 1596546185 0/0/0/0/22 INPUT 4 0 20 v:121
4/08/2020 4:08:39 PM,252 Event OK
4/08/2020 4:08:39 PM,EVENT 54914 1596546197 0/0/0/99/22 INPUT 4 1 0 v:121
4/08/2020 4:08:39 PM,252 Event OK
4/08/2020 4:08:39 PM,EVENT 54915 1596546204 0/0/0/0/22 INPUT 4 0 8 v:121
4/08/2020 4:08:39 PM,252 Event OK
4/08/2020 4:08:40 PM,EVENT 54916 1596546216 0/0/0/0/23 INPUT 4 1 0 v:121
4/08/2020 4:08:40 PM,252 Event OK
4/08/2020 4:08:40 PM,EVENT 54917 1596546223 0/0/0/0/23 INPUT 4 0 8 v:121
4/08/2020 4:08:40 PM,252 Event OK
4/08/2020 4:08:40 PM,EVENT 54918 1596546232 0/0/0/0/23 INPUT 4 1 0 v:121
4/08/2020 4:08:40 PM,252 Event OK
4/08/2020 4:08:40 PM,EVENT 54919 1596546236 0/0/0/0/22 INPUT 4 0 4 v:121
4/08/2020 4:08:40 PM,252 Event OK
4/08/2020 4:08:41 PM,EVENT 54920 1596546240 0/0/0/0/23 INPUT 4 1 0 v:121
4/08/2020 4:08:41 PM,252 Event OK
4/08/2020 4:08:41 PM,EVENT 54921 1596546247 0/0/0/0/22 INPUT 4 0 8 v:121
4/08/2020 4:08:41 PM,252 Event OK
4/08/2020 4:08:41 PM,EVENT 54922 1596546255 0/0/0/0/23 INPUT 4 1 0 v:121
4/08/2020 4:08:41 PM,252 Event OK
4/08/2020 4:08:41 PM,EVENT 54923 1596546284 0/0/0/0/22 INPUT 4 0 30 v:121
4/08/2020 4:08:41 PM,252 Event OK
4/08/2020 4:08:42 PM,EVENT 54924 1596546284 0/0/0/0/22 INPUT 4 1 0 v:121
4/08/2020 4:08:42 PM,252 Event OK
4/08/2020 4:08:42 PM,EVENT 54925 1596546339 0/0/0/0/22 INPUT 4 0 55 v:121
4/08/2020 4:08:42 PM,252 Event OK
4/08/2020 4:08:42 PM,EVENT 54926 1596546341 0/0/0/0/22 INPUT 4 1 0 v:121
4/08/2020 4:08:42 PM,252 Event OK
4/08/2020 4:08:42 PM,EVENT 54927 1596546366 0/0/0/0/22 INPUT 4 0 26 v:121
4/08/2020 4:08:42 PM,252 Event OK
4/08/2020 4:08:43 PM,EVENT 54928 1596546374 0/0/0/0/22 INPUT 4 1 0 v:121
4/08/2020 4:08:43 PM,252 Event OK
4/08/2020 4:08:43 PM,EVENT 54929 1596546482 0/0/0/0/18 INPUT 4 0 109 v:121
4/08/2020 4:08:43 PM,252 Event OK
4/08/2020 4:08:43 PM,EVENT 54930 1596546486 0/0/0/0/14 INPUT 4 1 0 v:121
4/08/2020 4:08:43 PM,252 Event OK
4/08/2020 4:08:43 PM,EVENT 54931 1596546555 0/0/0/0/23 ENGINEOVERSPEED 54896 16 5272 v:121
4/08/2020 4:08:43 PM,252 Event OK
4/08/2020 4:08:44 PM,EVENT 54932 1596546650 0/0/0/0/11 INPUT 3 0 493 v:121
4/08/2020 4:08:44 PM,252 Event OK
4/08/2020 4:08:44 PM,EVENT 54933 1596546651 0/0/0/0/10 INPUT 4 0 165 v:121
4/08/2020 4:08:44 PM,252 Event OK
4/08/2020 4:08:44 PM,EVENT 54934 1596546653 0/0/0/0/3 INPUT 7 1 0 v:121
4/08/2020 4:08:44 PM,252 Event OK
4/08/2020 4:08:44 PM,EVENT 54935 1596546653 0/0/0/0/3 INPUT 8 0 749 v:121
4/08/2020 4:08:44 PM,252 Event OK
4/08/2020 4:08:44 PM,EVENT 54936 1596546653 0/0/0/0/3 INPUT 1 1 0 v:121
4/08/2020 4:08:44 PM,252 Event OK
4/08/2020 4:08:45 PM,EVENT 54937 1596546657 0/0/0/0/0 TRIP 54896 678 54 13 7 745 v:121
4/08/2020 4:08:45 PM,252 Event OK
4/08/2020 4:08:45 PM,EVENT 54938 1596546657 0/0/0/0/0 TRIPSUMMARY 54896 v:121
4/08/2020 4:08:45 PM,252 Event OK
4/08/2020 4:08:45 PM,EVENT 54939 1596547361 0/0/0/99/0 INPUT 8 1 0 v:121
4/08/2020 4:08:45 PM,252 Event OK
4/08/2020 4:08:46 PM,EVENT 54940 1596547361 0/0/0/99/0 INPUT 7 0 709 v:121
4/08/2020 4:08:46 PM,252 Event OK
4/08/2020 4:08:46 PM,EVENT 54941 1596547371 0/0/0/99/0 SIGNON 2521 03cffbfc OK 26 180201 0 v:121
4/08/2020 4:08:46 PM,252 Event OK
4/08/2020 4:08:46 PM,EVENT 54942 1596547376 0/0/0/99/0 INPUT 7 1 0 v:122
4/08/2020 4:08:46 PM,252 Event OK
4/08/2020 4:08:46 PM,EVENT 54943 1596547377 0/0/0/99/0 INPUT 4 1 0 v:122
4/08/2020 4:08:46 PM,252 Event OK
4/08/2020 4:08:47 PM,EVENT 54944 1596547377 0/0/0/99/0 INPUT 7 0 0 v:122
4/08/2020 4:08:47 PM,252 Event OK
4/08/2020 4:08:47 PM,EVENT 54945 1596547378 0/0/0/99/0 INPUT 1 0 724 v:122
4/08/2020 4:08:47 PM,252 Event OK
4/08/2020 4:08:47 PM,EVENT 54946 1596547381 0/0/0/99/4 REPORT 54941 0 0 v:122
4/08/2020 4:08:47 PM,252 Event OK
4/08/2020 4:08:47 PM,EVENT 54947 1596547396 0/0/0/99/3 INPUT 4 0 20 v:121
4/08/2020 4:08:47 PM,252 Event OK
4/08/2020 4:08:47 PM,EVENT 54948 1596547396 0/0/0/99/3 INPUT 4 1 0 v:121
4/08/2020 4:08:47 PM,252 Event OK
4/08/2020 4:08:48 PM,EVENT 54949 1596547399 0/0/0/99/3 INPUT 4 0 3 v:121
4/08/2020 4:08:48 PM,252 Event OK
4/08/2020 4:08:48 PM,EVENT 54950 1596547399 0/0/0/99/3 INPUT 4 1 0 v:121
4/08/2020 4:08:48 PM,252 Event OK
4/08/2020 4:08:48 PM,EVENT 54951 1596547405 0/0/0/99/4 INPUT 3 1 0 v:122
4/08/2020 4:08:48 PM,252 Event OK
4/08/2020 4:08:48 PM,EVENT 54952 1596547458 0/0/0/99/11 ENGINEOVERSPEED 54941 15 5455 v:121
4/08/2020 4:08:48 PM,252 Event OK
4/08/2020 4:08:48 PM,EVENT 54953 1596547464 0/0/0/99/11 INPUT 3 0 59 v:121
4/08/2020 4:08:48 PM,252 Event OK
4/08/2020 4:08:49 PM,EVENT 54954 1596547480 0/0/0/99/3 INPUT 7 1 0 v:121
4/08/2020 4:08:49 PM,252 Event OK
4/08/2020 4:08:49 PM,EVENT 54955 1596547480 0/0/0/99/3 INPUT 8 0 119 v:121
4/08/2020 4:08:49 PM,252 Event OK
4/08/2020 4:08:49 PM,EVENT 54956 1596547480 0/0/0/99/3 INPUT 1 1 0 v:121
4/08/2020 4:08:49 PM,252 Event OK
4/08/2020 4:08:49 PM,EVENT 54957 1596547481 0/0/0/99/1 INPUT 4 0 82 v:121
4/08/2020 4:08:49 PM,252 Event OK
4/08/2020 4:08:50 PM,EVENT 54958 1596547484 0/0/0/99/0 TRIP 54941 59 46 8 5 113 v:121
4/08/2020 4:08:50 PM,252 Event OK
4/08/2020 4:08:50 PM,EVENT 54959 1596547484 0/0/0/99/0 TRIPSUMMARY 54941 v:121
4/08/2020 4:08:50 PM,252 Event OK
4/08/2020 4:08:50 PM,EVENT 54960 1596547569 0/0/0/99/0 INPUT 8 1 0 v:121
4/08/2020 4:08:50 PM,252 Event OK
4/08/2020 4:08:50 PM,EVENT 54961 1596547570 0/0/0/99/0 INPUT 7 0 90 v:121
4/08/2020 4:08:50 PM,252 Event OK
4/08/2020 4:08:50 PM,EVENT 54962 1596547577 0/0/0/0/0 SIGNON 2521 03cffbfc OK 26 180201 0 v:121
4/08/2020 4:08:50 PM,252 Event OK
4/08/2020 4:08:51 PM,EVENT 54963 1596547582 0/0/0/0/0 INPUT 7 1 0 v:122
4/08/2020 4:08:51 PM,252 Event OK
4/08/2020 4:08:51 PM,EVENT 54964 1596547582 0/0/0/0/0 INPUT 4 1 0 v:122
4/08/2020 4:08:51 PM,252 Event OK
4/08/2020 4:08:51 PM,EVENT 54965 1596547582 0/0/0/0/0 INPUT 7 0 0 v:122
4/08/2020 4:08:51 PM,252 Event OK
4/08/2020 4:08:51 PM,EVENT 54966 1596547583 0/0/0/0/0 INPUT 1 0 103 v:122
4/08/2020 4:08:51 PM,252 Event OK
4/08/2020 4:08:51 PM,EVENT 54967 1596547587 0/0/0/0/0 INPUT 4 0 6 v:122
4/08/2020 4:08:51 PM,252 Event OK
4/08/2020 4:08:52 PM,EVENT 54968 1596547587 0/0/0/0/0 INPUT 4 1 0 v:122
4/08/2020 4:08:52 PM,252 Event OK
4/08/2020 4:08:52 PM,EVENT 54969 1596547594 0/0/0/0/8 INPUT 3 1 0 v:122
4/08/2020 4:08:52 PM,252 Event OK
4/08/2020 4:08:52 PM,EVENT 54970 1596547596 0/0/0/0/9 INPUT 3 0 2 v:122
4/08/2020 4:08:52 PM,252 Event OK
4/08/2020 4:08:52 PM,EVENT 54971 1596547598 0/0/0/0/5 INPUT 3 1 0 v:122
4/08/2020 4:08:52 PM,252 Event OK
4/08/2020 4:08:52 PM,EVENT 54972 1596547647 0/0/0/0/11 INPUT 3 0 50 v:121
4/08/2020 4:08:52 PM,252 Event OK
4/08/2020 4:08:53 PM,EVENT 54973 1596547650 0/0/0/0/0 INPUT 4 0 63 v:121
4/08/2020 4:08:53 PM,252 Event OK
4/08/2020 4:08:53 PM,EVENT 54974 1596547650 0/0/0/0/0 INPUT 4 1 0 v:121
4/08/2020 4:08:53 PM,252 Event OK
4/08/2020 4:08:53 PM,EVENT 54975 1596547658 0/0/0/0/5 INPUT 4 0 8 v:122
4/08/2020 4:08:53 PM,252 Event OK
4/08/2020 4:08:53 PM,EVENT 54976 1596547658 0/0/0/0/4 INPUT 4 1 0 v:122
4/08/2020 4:08:53 PM,252 Event OK
4/08/2020 4:08:54 PM,EVENT 54977 1596547661 0/0/0/0/5 INPUT 7 1 0 v:121
4/08/2020 4:08:54 PM,252 Event OK
4/08/2020 4:08:54 PM,EVENT 54978 1596547661 0/0/0/0/5 INPUT 8 0 92 v:121
4/08/2020 4:08:54 PM,252 Event OK
4/08/2020 4:08:54 PM,EVENT 54979 1596547661 0/0/0/0/5 INPUT 1 1 0 v:121
4/08/2020 4:08:54 PM,252 Event OK
4/08/2020 4:08:54 PM,EVENT 54980 1596547663 0/0/0/0/1 INPUT 4 0 5 v:121
4/08/2020 4:08:54 PM,252 Event OK
4/08/2020 4:08:54 PM,EVENT 54981 1596547665 0/0/0/0/0 TRIP 54962 52 30 7 5 89 v:121
4/08/2020 4:08:54 PM,252 Event OK
4/08/2020 4:08:55 PM,EVENT 54982 1596548596 0/0/0/0/0 INPUT 8 1 0 v:121
4/08/2020 4:08:55 PM,252 Event OK
4/08/2020 4:08:55 PM,EVENT 54983 1596548596 0/0/0/0/0 INPUT 7 0 935 v:121
4/08/2020 4:08:55 PM,252 Event OK
4/08/2020 4:08:55 PM,EVENT 54984 1596548604 0/0/0/0/0 SIGNON 2521 03cffbfc OK 26 180201 0 v:121
4/08/2020 4:08:55 PM,252 Event OK
4/08/2020 4:08:55 PM,EVENT 54985 1596548684 0/0/0/0/0 INPUT 7 1 0 v:122
4/08/2020 4:08:55 PM,252 Event OK
4/08/2020 4:08:56 PM,EVENT 54986 1596548684 0/0/0/0/0 INPUT 8 0 88 v:122
4/08/2020 4:08:56 PM,252 Event OK
4/08/2020 4:08:56 PM,EVENT 54987 1596548688 0/0/0/0/0 TRIP 54984 0 0 84 84 84 v:121
4/08/2020 4:08:56 PM,252 Event OK
4/08/2020 4:08:56 PM,EVENT 54988 1596549114 0/0/0/0/0 INPUT 8 1 0 v:121
4/08/2020 4:08:56 PM,252 Event OK
4/08/2020 4:08:56 PM,EVENT 54989 1596549114 0/0/0/0/0 INPUT 7 0 430 v:121
4/08/2020 4:08:56 PM,252 Event OK
4/08/2020 4:08:56 PM,EVENT 54990 1596549127 0/0/0/0/0 SIGNON 2521 03cffbfc OK 26 180201 0 v:121
4/08/2020 4:08:56 PM,252 Event OK
4/08/2020 4:08:57 PM,EVENT 54991 1596549159 0/0/0/0/0 INPUT 7 1 0 v:122
4/08/2020 4:08:57 PM,252 Event OK
4/08/2020 4:08:57 PM,EVENT 54992 1596549160 0/0/0/0/0 INPUT 4 1 0 v:122
4/08/2020 4:08:57 PM,252 Event OK
4/08/2020 4:08:57 PM,EVENT 54993 1596549160 0/0/0/0/0 INPUT 7 0 1 v:122
4/08/2020 4:08:57 PM,252 Event OK
4/08/2020 4:08:57 PM,EVENT 54994 1596549162 0/0/0/0/0 INPUT 1 0 1500 v:122
4/08/2020 4:08:57 PM,252 Event OK
4/08/2020 4:08:58 PM,EVENT 54995 1596549186 0/0/0/0/3 INPUT 4 0 27 v:122
4/08/2020 4:08:58 PM,252 Event OK
4/08/2020 4:08:58 PM,EVENT 54996 1596549187 0/0/0/0/2 INPUT 4 1 0 v:122
4/08/2020 4:08:58 PM,252 Event OK
4/08/2020 4:08:58 PM,EVENT 54997 1596549190 0/0/0/0/4 INPUT 1 1 0 v:121
4/08/2020 4:08:58 PM,252 Event OK
4/08/2020 4:08:58 PM,EVENT 54998 1596549192 0/0/0/0/1 INPUT 4 0 6 v:122
4/08/2020 4:08:58 PM,252 Event OK
4/08/2020 4:08:59 PM,EVENT 54999 1596549198 0/0/0/0/0 INPUT 7 1 0 v:122
4/08/2020 4:08:59 PM,252 Event OK
4/08/2020 4:08:59 PM,EVENT 55000 1596549198 0/0/0/0/0 INPUT 4 1 0 v:122
4/08/2020 4:08:59 PM,252 Event OK
4/08/2020 4:08:59 PM,EVENT 55001 1596549199 0/0/0/0/0 INPUT 7 0 0 v:122
4/08/2020 4:08:59 PM,252 Event OK
4/08/2020 4:08:59 PM,EVENT 55002 1596549199 0/0/0/0/0 INPUT 1 0 8 v:122
4/08/2020 4:08:59 PM,252 Event OK
4/08/2020 4:08:59 PM,EVENT 55003 1596549206 0/0/0/0/7 IMPACT 54990 10 0 0 0 10 0 W v:122
4/08/2020 4:08:59 PM,252 Event OK
4/08/2020 4:09:00 PM,EVENT 55004 1596549206 0/0/0/0/7 INPUT 3 1 0 v:122
4/08/2020 4:09:00 PM,252 Event OK
4/08/2020 4:09:00 PM,EVENT 55005 1596549218 0/0/0/0/21 REPORT 54990 0 0 v:121
4/08/2020 4:09:00 PM,252 Event OK
4/08/2020 4:09:00 PM,EVENT 55006 1596549232 0/0/0/0/21 IMPACT 54990 8 0 0 0 8 0 - v:121
4/08/2020 4:09:00 PM,252 Event OK
4/08/2020 4:09:00 PM,EVENT 55007 1596549258 0/0/0/0/12 INPUT 3 0 52 v:121
4/08/2020 4:09:00 PM,252 Event OK
4/08/2020 4:09:01 PM,EVENT 55008 1596549362 0/0/0/0/5 INPUT 3 1 0 v:122
4/08/2020 4:09:01 PM,252 Event OK
4/08/2020 4:09:01 PM,EVENT 55009 1596549391 0/0/0/0/11 INPUT 3 0 30 v:121
4/08/2020 4:09:01 PM,252 Event OK
4/08/2020 4:09:01 PM,EVENT 55010 1596549409 0/0/0/0/0 INPUT 4 0 211 v:121
4/08/2020 4:09:01 PM,252 Event OK
4/08/2020 4:09:01 PM,EVENT 55011 1596549409 0/0/0/0/0 INPUT 4 1 0 v:121
4/08/2020 4:09:01 PM,252 Event OK
4/08/2020 4:09:01 PM,EVENT 55012 1596549414 0/0/0/0/0 INPUT 4 0 5 v:121
4/08/2020 4:09:01 PM,252 Event OK
4/08/2020 4:09:02 PM,EVENT 55013 1596549434 0/0/0/0/0 INPUT 4 1 0 v:121
4/08/2020 4:09:02 PM,252 Event OK
4/08/2020 4:09:02 PM,EVENT 55014 1596549437 0/0/0/0/0 INPUT 4 0 4 v:122
4/08/2020 4:09:02 PM,252 Event OK
4/08/2020 4:09:02 PM,EVENT 55015 1596549437 0/0/0/0/0 INPUT 4 1 0 v:122
4/08/2020 4:09:02 PM,252 Event OK
4/08/2020 4:09:02 PM,EVENT 55016 1596549450 0/0/0/0/5 INPUT 4 0 12 v:122
4/08/2020 4:09:02 PM,252 Event OK
4/08/2020 4:09:02 PM,EVENT 55017 1596549451 0/0/0/0/5 INPUT 4 1 0 v:122
4/08/2020 4:09:02 PM,252 Event OK
4/08/2020 4:09:03 PM,EVENT 55018 1596549453 0/0/0/0/2 INPUT 3 1 0 v:122
4/08/2020 4:09:03 PM,252 Event OK
4/08/2020 4:09:03 PM,EVENT 55019 1596549526 0/0/0/0/13 INPUT 3 0 73 v:121
4/08/2020 4:09:03 PM,252 Event OK
4/08/2020 4:09:03 PM,EVENT 55020 1596549527 0/0/0/0/9 INPUT 4 0 76 v:121
4/08/2020 4:09:03 PM,252 Event OK
4/08/2020 4:09:03 PM,EVENT 55021 1596549527 0/0/0/0/7 INPUT 4 1 0 v:121
4/08/2020 4:09:03 PM,252 Event OK
4/08/2020 4:09:03 PM,EVENT 55022 1596549595 0/0/0/0/0 INPUT 4 0 68 v:122
4/08/2020 4:09:03 PM,252 Event OK
4/08/2020 4:09:04 PM,EVENT 55023 1596549595 0/0/0/0/0 INPUT 4 1 0 v:122
4/08/2020 4:09:04 PM,252 Event OK
4/08/2020 4:09:04 PM,EVENT 55024 1596549604 0/0/0/0/0 INPUT 4 0 9 v:122
4/08/2020 4:09:04 PM,252 Event OK
4/08/2020 4:09:04 PM,EVENT 55025 1596549672 0/0/0/0/0 INPUT 7 1 0 v:122
4/08/2020 4:09:04 PM,252 Event OK
4/08/2020 4:09:04 PM,EVENT 55026 1596549672 0/0/0/0/0 INPUT 8 0 558 v:122
4/08/2020 4:09:04 PM,252 Event OK
4/08/2020 4:09:05 PM,EVENT 55027 1596549672 0/0/0/0/0 INPUT 1 1 0 v:122
4/08/2020 4:09:05 PM,252 Event OK
4/08/2020 4:09:05 PM,EVENT 55028 1596549676 0/0/0/0/0 TRIP 54990 155 263 132 72 550 v:121
4/08/2020 4:09:05 PM,252 Event OK
4/08/2020 4:09:05 PM,EVENT 55029 1596549676 0/0/0/0/0 TRIPSUMMARY 54990 v:121
4/08/2020 4:09:05 PM,252 Event OK
4/08/2020 4:09:05 PM,EVENT 55030 1596549747 0/0/0/0/0 INPUT 8 1 0 v:121
4/08/2020 4:09:05 PM,252 Event OK
4/08/2020 4:09:06 PM,EVENT 55031 1596549748 0/0/0/0/0 INPUT 7 0 76 v:121
4/08/2020 4:09:06 PM,252 Event OK
4/08/2020 4:09:06 PM,EVENT 55032 1596549757 0/0/0/0/0 SIGNON 2521 03cffbfc OK 26 180201 0 v:121
4/08/2020 4:09:06 PM,252 Event OK
4/08/2020 4:09:06 PM,EVENT 55033 1596549763 0/0/0/0/0 INPUT 4 1 0 v:122
4/08/2020 4:09:06 PM,252 Event OK
4/08/2020 4:09:06 PM,EVENT 55034 1596549765 0/0/0/0/0 INPUT 4 0 2 v:122
4/08/2020 4:09:06 PM,252 Event OK
4/08/2020 4:09:07 PM,EVENT 55035 1596549772 0/0/0/0/0 INPUT 4 1 0 v:122
4/08/2020 4:09:07 PM,252 Event OK
4/08/2020 4:09:07 PM,EVENT 55036 1596549773 0/0/0/0/0 INPUT 1 0 100 v:122
4/08/2020 4:09:07 PM,252 Event OK
4/08/2020 4:09:07 PM,EVENT 55037 1596549775 0/0/0/0/2 INPUT 3 1 0 v:122
4/08/2020 4:09:07 PM,252 Event OK
4/08/2020 4:09:07 PM,EVENT 55038 1596549847 0/0/0/0/26 ENGINEOVERSPEED 55032 23 4518 v:121
4/08/2020 4:09:07 PM,252 Event OK
4/08/2020 4:09:07 PM,EVENT 55039 1596550264 0/0/0/99/10 INPUT 3 0 490 v:121
4/08/2020 4:09:07 PM,252 Event OK
4/08/2020 4:09:08 PM,EVENT 55040 1596550275 0/0/0/99/0 INPUT 4 0 503 v:121
4/08/2020 4:09:08 PM,252 Event OK
4/08/2020 4:09:08 PM,EVENT 55041 1596550276 0/0/0/99/0 INPUT 4 1 0 v:121
4/08/2020 4:09:08 PM,252 Event OK
4/08/2020 4:09:08 PM,EVENT 55042 1596550303 0/0/0/0/0 INPUT 4 0 28 v:122
4/08/2020 4:09:08 PM,252 Event OK
4/08/2020 4:09:08 PM,EVENT 55043 1596550303 0/0/0/0/0 INPUT 4 1 0 v:122
4/08/2020 4:09:08 PM,252 Event OK
4/08/2020 4:09:09 PM,EVENT 55044 1596550308 0/0/0/0/8 INPUT 3 1 0 v:121
4/08/2020 4:09:09 PM,252 Event OK
4/08/2020 4:09:09 PM,EVENT 55045 1596550309 0/0/0/0/10 INPUT 3 0 2 v:121
4/08/2020 4:09:09 PM,252 Event OK
4/08/2020 4:09:09 PM,EVENT 55046 1596550330 0/0/0/0/7 INPUT 3 1 0 v:121
4/08/2020 4:09:09 PM,252 Event OK
4/08/2020 4:09:09 PM,EVENT 55047 1596550331 0/0/0/0/9 INPUT 3 0 2 v:121
4/08/2020 4:09:09 PM,252 Event OK
4/08/2020 4:09:10 PM,EVENT 55048 1596550340 0/0/0/0/2 INPUT 7 1 0 v:121
4/08/2020 4:09:10 PM,252 Event OK
4/08/2020 4:09:10 PM,EVENT 55049 1596550340 0/0/0/0/2 INPUT 8 0 593 v:121
4/08/2020 4:09:10 PM,252 Event OK
4/08/2020 4:09:10 PM,EVENT 55050 1596550340 0/0/0/0/3 INPUT 1 1 0 v:121
4/08/2020 4:09:10 PM,252 Event OK
4/08/2020 4:09:10 PM,EVENT 55051 1596550341 0/0/0/0/1 INPUT 4 0 38 v:121
4/08/2020 4:09:10 PM,252 Event OK
4/08/2020 4:09:10 PM,EVENT 55052 1596550344 0/0/0/0/0 TRIP 55032 494 77 16 7 587 v:121
4/08/2020 4:09:10 PM,252 Event OK
4/08/2020 4:09:11 PM,EVENT 55053 1596550344 0/0/0/0/0 TRIPSUMMARY 55032 v:122
4/08/2020 4:09:11 PM,252 Event OK
4/08/2020 4:09:11 PM,EVENT 55054 1596550603 0/0/0/99/0 INPUT 8 1 0 v:122
4/08/2020 4:09:11 PM,252 Event OK
4/08/2020 4:09:11 PM,EVENT 55055 1596550603 0/0/0/99/0 INPUT 7 0 263 v:122
4/08/2020 4:09:11 PM,252 Event OK
4/08/2020 4:09:11 PM,EVENT 55056 1596550611 0/0/0/99/0 SIGNON 2521 03cffbfc OK 26 180201 0 v:122
4/08/2020 4:09:11 PM,252 Event OK
4/08/2020 4:09:12 PM,EVENT 55057 1596550617 0/0/0/99/0 INPUT 7 1 0 v:122
4/08/2020 4:09:12 PM,252 Event OK
4/08/2020 4:09:12 PM,EVENT 55058 1596550617 0/0/0/99/0 INPUT 4 1 0 v:122
4/08/2020 4:09:12 PM,252 Event OK
4/08/2020 4:09:12 PM,EVENT 55059 1596550617 0/0/0/99/0 INPUT 7 0 1 v:122
4/08/2020 4:09:12 PM,252 Event OK
4/08/2020 4:09:12 PM,EVENT 55060 1596550619 0/0/0/99/0 INPUT 1 0 278 v:122
4/08/2020 4:09:12 PM,252 Event OK
4/08/2020 4:09:12 PM,EVENT 55061 1596550635 0/0/0/0/6 INPUT 3 1 0 v:122
4/08/2020 4:09:12 PM,252 Event OK
4/08/2020 4:09:13 PM,EVENT 55062 1596550712 0/0/0/0/22 ENGINEOVERSPEED 55056 18 4280 v:122
4/08/2020 4:09:13 PM,252 Event OK
4/08/2020 4:09:13 PM,EVENT 55063 1596550751 0/0/0/0/9 INPUT 3 0 116 v:122
4/08/2020 4:09:13 PM,252 Event OK
4/08/2020 4:09:13 PM,EVENT 55064 1596550938 0/0/0/99/4 INPUT 3 1 0 v:121
4/08/2020 4:09:13 PM,252 Event OK
4/08/2020 4:09:13 PM,EVENT 55065 1596551034 0/0/0/0/17 ENGINEOVERSPEED 55056 7 4338 v:121
4/08/2020 4:09:13 PM,252 Event OK
4/08/2020 4:09:13 PM,EVENT 55066 1596551037 0/0/0/0/11 INPUT 3 0 100 v:121
4/08/2020 4:09:13 PM,252 Event OK
4/08/2020 4:09:14 PM,EVENT 55067 1596551043 0/0/0/0/0 INPUT 4 0 427 v:121
4/08/2020 4:09:14 PM,252 Event OK
4/08/2020 4:09:14 PM,EVENT 55068 1596551043 0/0/0/0/0 INPUT 4 1 0 v:121
4/08/2020 4:09:14 PM,252 Event OK
4/08/2020 4:09:14 PM,EVENT 55069 1596551048 0/0/0/0/2 REPORT 55056 0 0 v:121
4/08/2020 4:09:14 PM,252 Event OK
4/08/2020 4:09:14 PM,EVENT 55070 1596551050 0/0/0/0/0 INPUT 4 0 7 v:121
4/08/2020 4:09:14 PM,252 Event OK
4/08/2020 4:09:15 PM,EVENT 55071 1596551051 0/0/0/0/0 INPUT 4 1 0 v:122
4/08/2020 4:09:15 PM,252 Event OK
4/08/2020 4:09:15 PM,EVENT 55072 1596551054 0/0/0/0/0 INPUT 4 0 4 v:122
4/08/2020 4:09:15 PM,252 Event OK
4/08/2020 4:09:15 PM,EVENT 55073 1596551059 0/0/0/0/0 INPUT 4 1 0 v:122
4/08/2020 4:09:15 PM,252 Event OK
4/08/2020 4:09:15 PM,EVENT 55074 1596551062 0/0/0/0/0 INPUT 4 0 4 v:122
4/08/2020 4:09:15 PM,252 Event OK
4/08/2020 4:09:15 PM,EVENT 55075 1596551063 0/0/0/0/0 INPUT 4 1 0 v:122
4/08/2020 4:09:15 PM,252 Event OK
4/08/2020 4:09:16 PM,EVENT 55076 1596551066 0/0/0/0/1 INPUT 4 0 4 v:121
4/08/2020 4:09:16 PM,252 Event OK
4/08/2020 4:09:16 PM,EVENT 55077 1596551066 0/0/0/0/1 INPUT 4 1 0 v:122
4/08/2020 4:09:16 PM,252 Event OK
4/08/2020 4:09:16 PM,EVENT 55078 1596551068 0/0/0/0/0 INPUT 4 0 2 v:122
4/08/2020 4:09:16 PM,252 Event OK
4/08/2020 4:09:16 PM,EVENT 55079 1596551069 0/0/0/0/0 INPUT 4 1 0 v:122
4/08/2020 4:09:16 PM,252 Event OK
4/08/2020 4:09:17 PM,EVENT 55080 1596551077 0/0/0/0/0 INPUT 4 0 9 v:121
4/08/2020 4:09:17 PM,252 Event OK
4/08/2020 4:09:17 PM,EVENT 55081 1596551078 0/0/0/0/0 INPUT 4 1 0 v:121
4/08/2020 4:09:17 PM,252 Event OK
4/08/2020 4:09:17 PM,EVENT 55082 1596551092 0/0/0/0/3 INPUT 4 0 15 v:122
4/08/2020 4:09:17 PM,252 Event OK
4/08/2020 4:09:17 PM,EVENT 55083 1596551095 0/0/0/0/0 INPUT 7 1 0 v:121
4/08/2020 4:09:17 PM,252 Event OK
4/08/2020 4:09:17 PM,EVENT 55084 1596551095 0/0/0/0/0 INPUT 8 0 492 v:121
4/08/2020 4:09:17 PM,252 Event OK
4/08/2020 4:09:18 PM,EVENT 55085 1596551095 0/0/0/0/0 INPUT 1 1 0 v:121
4/08/2020 4:09:18 PM,252 Event OK
4/08/2020 4:09:18 PM,EVENT 55086 1596551099 0/0/0/0/0 TRIP 55056 216 256 16 7 488 v:121
4/08/2020 4:09:18 PM,252 Event OK
4/08/2020 4:09:18 PM,EVENT 55087 1596551099 0/0/0/0/0 TRIPSUMMARY 55056 v:121
4/08/2020 4:09:18 PM,252 Event OK
4/08/2020 4:09:18 PM,EVENT 55088 1596551169 0/0/0/0/0 INPUT 8 1 0 v:121
4/08/2020 4:09:18 PM,252 Event OK
4/08/2020 4:09:19 PM,EVENT 55089 1596551170 0/0/0/0/0 INPUT 7 0 75 v:122
4/08/2020 4:09:19 PM,252 Event OK
4/08/2020 4:09:19 PM,EVENT 55090 1596551188 0/0/0/0/0 SIGNON * 0 NOCARD 26 0 180220 v:122
4/08/2020 4:09:19 PM,252 Event OK
4/08/2020 4:09:19 PM,EVENT 55091 1596551196 0/0/0/0/0 SIGNON * 0 NOCARD 26 0 118020 v:122
4/08/2020 4:09:19 PM,252 Event OK
4/08/2020 4:09:19 PM,EVENT 55092 1596551205 0/0/0/0/0 SIGNON 2521 03cffbfc OK 26 180201 0 v:122
4/08/2020 4:09:19 PM,252 Event OK
4/08/2020 4:09:20 PM,EVENT 55093 1596551211 0/0/0/0/0 INPUT 1 0 117 v:121
4/08/2020 4:09:20 PM,252 Event OK
4/08/2020 4:09:20 PM,EVENT 55094 1596551211 0/0/0/0/0 INPUT 4 1 0 v:121
4/08/2020 4:09:20 PM,252 Event OK
4/08/2020 4:09:20 PM,EVENT 55095 1596551220 0/0/0/0/2 INPUT 7 1 0 v:121
4/08/2020 4:09:20 PM,252 Event OK
4/08/2020 4:09:20 PM,EVENT 55096 1596551220 0/0/0/0/2 INPUT 8 0 50 v:121
4/08/2020 4:09:20 PM,252 Event OK
4/08/2020 4:09:21 PM,EVENT 55097 1596551220 0/0/0/0/2 INPUT 1 1 0 v:121
4/08/2020 4:09:21 PM,252 Event OK
4/08/2020 4:09:21 PM,EVENT 55098 1596551221 0/0/0/0/0 INPUT 4 0 10 v:121
4/08/2020 4:09:21 PM,252 Event OK
4/08/2020 4:09:21 PM,EVENT 55099 1596551224 0/0/0/0/0 TRIP 55092 0 10 10 7 20 v:121
4/08/2020 4:09:21 PM,252 Event OK
4/08/2020 4:09:21 PM,EVENT 55100 1596551324 0/0/0/0/0 INPUT 8 1 0 v:121
4/08/2020 4:09:21 PM,252 Event OK
4/08/2020 4:09:22 PM,EVENT 55101 1596551324 0/0/0/0/0 INPUT 7 0 104 v:121
4/08/2020 4:09:22 PM,252 Event OK
4/08/2020 4:09:22 PM,EVENT 55102 1596551345 0/0/0/0/0 INPUT 7 1 0 v:121
4/08/2020 4:09:22 PM,252 Event OK
4/08/2020 4:09:22 PM,EVENT 55103 1596551345 0/0/0/0/0 INPUT 8 0 22 v:121
4/08/2020 4:09:22 PM,252 Event OK
4/08/2020 4:09:22 PM,EVENT 55104 1596551466 0/0/0/0/0 INPUT 8 1 0 v:121
4/08/2020 4:09:22 PM,252 Event OK
4/08/2020 4:09:22 PM,EVENT 55105 1596551467 0/0/0/0/0 INPUT 7 0 121 v:121
4/08/2020 4:09:22 PM,252 Event OK
4/08/2020 4:09:23 PM,EVENT 55106 1596551477 0/0/0/0/0 SIGNON 2521 03cffbfc OK 26 180201 0 v:121
4/08/2020 4:09:23 PM,252 Event OK
4/08/2020 4:09:23 PM,EVENT 55107 1596551482 0/0/0/0/0 INPUT 4 1 0 v:122
4/08/2020 4:09:23 PM,252 Event OK
4/08/2020 4:09:23 PM,EVENT 55108 1596551483 0/0/0/0/0 INPUT 1 0 264 v:122
4/08/2020 4:09:23 PM,252 Event OK
4/08/2020 4:09:23 PM,EVENT 55109 1596551508 0/0/0/0/4 INPUT 3 1 0 v:121
4/08/2020 4:09:23 PM,252 Event OK
4/08/2020 4:09:23 PM,EVENT 55110 1596551520 0/0/0/0/10 INPUT 3 0 11 v:121
4/08/2020 4:09:23 PM,252 Event OK
4/08/2020 4:09:24 PM,EVENT 55111 1596551524 0/0/0/0/7 INPUT 3 1 0 v:121
4/08/2020 4:09:24 PM,252 Event OK
4/08/2020 4:09:24 PM,EVENT 55112 1596551531 0/0/0/0/9 INPUT 3 0 8 v:121
4/08/2020 4:09:24 PM,252 Event OK
4/08/2020 4:09:24 PM,EVENT 55113 1596551535 0/0/0/0/7 INPUT 3 1 0 v:122
4/08/2020 4:09:24 PM,252 Event OK
4/08/2020 4:09:25 PM,EVENT 55114 1596551569 0/0/0/0/15 ENGINEOVERSPEED 55106 20 6625 v:121
4/08/2020 4:09:25 PM,252 Event OK
4/08/2020 4:09:25 PM,EVENT 55115 1596551605 0/0/0/0/11 INPUT 3 0 71 v:121
4/08/2020 4:09:25 PM,252 Event OK
4/08/2020 4:09:25 PM,EVENT 55116 1596551605 0/0/0/0/10 INPUT 4 0 123 v:121
4/08/2020 4:09:25 PM,252 Event OK
4/08/2020 4:09:25 PM,EVENT 55117 1596551606 0/0/0/0/9 INPUT 4 1 0 v:121
4/08/2020 4:09:25 PM,252 Event OK
4/08/2020 4:09:25 PM,EVENT 55118 1596551609 0/0/0/0/1 ENGINEOVERSPEED 55106 30 13943 v:121
4/08/2020 4:09:25 PM,252 Event OK
4/08/2020 4:09:26 PM,EVENT 55119 1596551611 0/0/0/0/0 INPUT 4 0 5 v:121
4/08/2020 4:09:26 PM,252 Event OK
4/08/2020 4:09:26 PM,EVENT 55120 1596551627 0/0/0/99/0 INPUT 4 1 0 v:121
4/08/2020 4:09:26 PM,252 Event OK
4/08/2020 4:09:26 PM,EVENT 55121 1596551639 0/0/0/99/0 INPUT 4 0 13 v:121
4/08/2020 4:09:26 PM,252 Event OK
4/08/2020 4:09:26 PM,EVENT 55122 1596551639 0/0/0/99/0 INPUT 4 1 0 v:121
4/08/2020 4:09:26 PM,252 Event OK
4/08/2020 4:09:26 PM,EVENT 55123 1596551762 0/0/0/0/0 INPUT 4 0 123 v:122
4/08/2020 4:09:26 PM,252 Event OK
4/08/2020 4:09:27 PM,EVENT 55124 1596551778 0/0/0/0/0 INPUT 4 1 0 v:122
4/08/2020 4:09:27 PM,252 Event OK
4/08/2020 4:09:27 PM,EVENT 55125 1596551792 0/0/0/0/5 INPUT 4 0 15 v:121
4/08/2020 4:09:27 PM,252 Event OK
4/08/2020 4:09:27 PM,EVENT 55126 1596551794 0/0/0/0/0 INPUT 4 1 0 v:121
4/08/2020 4:09:27 PM,252 Event OK
4/08/2020 4:09:28 PM,EVENT 55127 1596551798 0/0/0/0/0 INPUT 7 1 0 v:121
4/08/2020 4:09:28 PM,252 Event OK
4/08/2020 4:09:28 PM,EVENT 55128 1596551798 0/0/0/0/0 INPUT 8 0 331 v:121
4/08/2020 4:09:28 PM,252 Event OK
4/08/2020 4:09:28 PM,EVENT 55129 1596551798 0/0/0/0/0 INPUT 1 1 0 v:121
4/08/2020 4:09:28 PM,252 Event OK
4/08/2020 4:09:28 PM,EVENT 55130 1596551799 0/0/0/0/0 INPUT 4 0 5 v:121
4/08/2020 4:09:28 PM,252 Event OK
4/08/2020 4:09:28 PM,EVENT 55131 1596551802 0/0/0/0/0 TRIP 55106 89 195 42 15 326 v:122
4/08/2020 4:09:28 PM,252 Event OK
4/08/2020 4:09:29 PM,EVENT 55132 1596551802 0/0/0/0/0 TRIPSUMMARY 55106 v:122
4/08/2020 4:09:29 PM,252 Event OK
4/08/2020 4:09:29 PM,EVENT 55133 1596552014 0/0/0/0/0 INPUT 8 1 0 v:122
4/08/2020 4:09:29 PM,252 Event OK
4/08/2020 4:09:29 PM,EVENT 55134 1596552015 0/0/0/0/0 INPUT 7 0 217 v:122
4/08/2020 4:09:29 PM,252 Event OK
4/08/2020 4:09:30 PM,EVENT 55135 1596552024 0/0/0/0/0 SIGNON 2521 03cffbfc OK 26 180201 0 v:122
4/08/2020 4:09:30 PM,252 Event OK
4/08/2020 4:09:30 PM,EVENT 55136 1596552033 0/0/0/0/0 INPUT 7 1 0 v:122
4/08/2020 4:09:30 PM,252 Event OK
4/08/2020 4:09:30 PM,EVENT 55137 1596552034 0/0/0/0/0 INPUT 4 1 0 v:122
4/08/2020 4:09:30 PM,252 Event OK
4/08/2020 4:09:30 PM,EVENT 55138 1596552034 0/0/0/0/0 INPUT 7 0 0 v:122
4/08/2020 4:09:30 PM,252 Event OK
4/08/2020 4:09:30 PM,EVENT 55139 1596552034 0/0/0/0/0 INPUT 1 0 235 v:122
4/08/2020 4:09:30 PM,252 Event OK
4/08/2020 4:09:31 PM,EVENT 55140 1596552042 0/0/0/0/6 INPUT 4 0 9 v:121
4/08/2020 4:09:31 PM,252 Event OK
4/08/2020 4:09:31 PM,EVENT 55141 1596552042 0/0/0/0/5 INPUT 4 1 0 v:121
4/08/2020 4:09:31 PM,252 Event OK
4/08/2020 4:09:31 PM,EVENT 55142 1596552054 0/0/0/0/5 INPUT 4 0 12 v:121
4/08/2020 4:09:31 PM,252 Event OK
4/08/2020 4:09:31 PM,EVENT 55143 1596552054 0/0/0/0/4 INPUT 4 1 0 v:121
4/08/2020 4:09:31 PM,252 Event OK
4/08/2020 4:09:32 PM,EVENT 55144 1596552056 0/0/0/0/2 INPUT 3 1 0 v:121
4/08/2020 4:09:32 PM,252 Event OK
4/08/2020 4:09:32 PM,EVENT 55145 1596552094 0/0/0/0/11 INPUT 3 0 38 v:121
4/08/2020 4:09:32 PM,252 Event OK
4/08/2020 4:09:32 PM,EVENT 55146 1596552100 0/0/0/0/0 INPUT 7 1 0 v:121
4/08/2020 4:09:32 PM,252 Event OK
4/08/2020 4:09:32 PM,EVENT 55147 1596552100 0/0/0/0/0 INPUT 8 0 85 v:121
4/08/2020 4:09:32 PM,252 Event OK
4/08/2020 4:09:32 PM,EVENT 55148 1596552101 0/0/0/0/0 INPUT 1 1 0 v:121
4/08/2020 4:09:32 PM,252 Event OK
4/08/2020 4:09:33 PM,EVENT 55149 1596552101 0/0/0/0/0 INPUT 4 0 47 v:121
4/08/2020 4:09:33 PM,252 Event OK
4/08/2020 4:09:33 PM,EVENT 55150 1596552101 0/0/0/0/0 INPUT 8 1 0 v:121
4/08/2020 4:09:33 PM,252 Event OK
4/08/2020 4:09:33 PM,EVENT 55151 1596552101 0/0/0/0/0 INPUT 7 0 2 v:121
4/08/2020 4:09:33 PM,252 Event OK
4/08/2020 4:09:33 PM,EVENT 55152 1596552166 0/0/0/0/0 INPUT 4 1 0 v:122
4/08/2020 4:09:33 PM,252 Event OK
4/08/2020 4:09:34 PM,EVENT 55153 1596552166 0/0/0/0/0 INPUT 1 0 66 v:122
4/08/2020 4:09:34 PM,252 Event OK
4/08/2020 4:09:34 PM,EVENT 55154 1596552172 0/0/0/0/4 INPUT 3 1 0 v:121
4/08/2020 4:09:34 PM,252 Event OK
4/08/2020 4:09:34 PM,EVENT 55155 1596552204 0/0/0/0/10 INPUT 3 0 31 v:121
4/08/2020 4:09:34 PM,252 Event OK
4/08/2020 4:09:34 PM,EVENT 55156 1596552206 0/0/0/0/3 INPUT 7 1 0 v:121
4/08/2020 4:09:34 PM,252 Event OK
4/08/2020 4:09:35 PM,EVENT 55157 1596552206 0/0/0/0/3 INPUT 8 0 104 v:121
4/08/2020 4:09:35 PM,252 Event OK
4/08/2020 4:09:35 PM,EVENT 55158 1596552206 0/0/0/0/2 INPUT 1 1 0 v:121
4/08/2020 4:09:35 PM,252 Event OK
4/08/2020 4:09:35 PM,EVENT 55159 1596552206 0/0/0/0/2 INPUT 4 0 41 v:121
4/08/2020 4:09:35 PM,252 Event OK
4/08/2020 4:09:35 PM,EVENT 55160 1596552206 0/0/0/0/1 INPUT 4 1 0 v:121
4/08/2020 4:09:35 PM,252 Event OK
4/08/2020 4:09:36 PM,EVENT 55161 1596552208 0/0/0/0/0 INPUT 4 0 2 v:121
4/08/2020 4:09:36 PM,252 Event OK
4/08/2020 4:09:36 PM,EVENT 55162 1596552210 0/0/0/0/0 TRIP 55135 70 41 76 64 187 v:121
4/08/2020 4:09:36 PM,252 Event OK
4/08/2020 4:09:36 PM,EVENT 55163 1596552372 0/0/0/0/0 INPUT 8 1 0 v:121
4/08/2020 4:09:36 PM,252 Event OK
4/08/2020 4:09:36 PM,EVENT 55164 1596552373 0/0/0/0/0 INPUT 7 0 167 v:121
4/08/2020 4:09:36 PM,252 Event OK
4/08/2020 4:09:37 PM,EVENT 55165 1596552384 0/0/0/0/0 SIGNON 2521 03cffbfc OK 26 180201 0 v:121
4/08/2020 4:09:37 PM,252 Event OK
4/08/2020 4:09:37 PM,EVENT 55166 1596552389 0/0/0/0/0 INPUT 7 1 0 v:122
4/08/2020 4:09:37 PM,252 Event OK
4/08/2020 4:09:37 PM,EVENT 55167 1596552389 0/0/0/0/0 INPUT 4 1 0 v:122
4/08/2020 4:09:37 PM,252 Event OK
4/08/2020 4:09:37 PM,EVENT 55168 1596552390 0/0/0/0/0 INPUT 7 0 1 v:122
4/08/2020 4:09:37 PM,252 Event OK
4/08/2020 4:09:37 PM,EVENT 55169 1596552390 0/0/0/0/0 INPUT 1 0 185 v:122
4/08/2020 4:09:37 PM,252 Event OK
4/08/2020 4:09:38 PM,EVENT 55170 1596552395 0/0/0/0/7 INPUT 3 1 0 v:121
4/08/2020 4:09:38 PM,252 Event OK
4/08/2020 4:09:38 PM,EVENT 55171 1596552403 0/0/0/0/11 INPUT 3 0 9 v:121
4/08/2020 4:09:38 PM,252 Event OK
4/08/2020 4:09:38 PM,EVENT 55172 1596552404 0/0/0/0/8 INPUT 4 0 15 v:121
4/08/2020 4:09:38 PM,252 Event OK
4/08/2020 4:09:38 PM,EVENT 55173 1596552404 0/0/0/0/6 INPUT 4 1 0 v:121
4/08/2020 4:09:38 PM,252 Event OK
4/08/2020 4:09:39 PM,EVENT 55174 1596552423 0/0/0/0/3 INPUT 3 1 0 v:122
4/08/2020 4:09:39 PM,252 Event OK
4/08/2020 4:09:39 PM,EVENT 55175 1596552432 0/0/0/0/9 INPUT 3 0 9 v:122
4/08/2020 4:09:39 PM,252 Event OK
4/08/2020 4:09:39 PM,EVENT 55176 1596552433 0/0/0/0/8 INPUT 3 1 0 v:122
4/08/2020 4:09:39 PM,252 Event OK
4/08/2020 4:09:39 PM,EVENT 55177 1596552438 0/0/0/0/11 INPUT 3 0 6 v:121
4/08/2020 4:09:39 PM,252 Event OK
4/08/2020 4:09:40 PM,EVENT 55178 1596552439 0/0/0/0/8 INPUT 3 1 0 v:121
4/08/2020 4:09:40 PM,252 Event OK
4/08/2020 4:09:40 PM,EVENT 55179 1596552488 0/0/0/0/10 INPUT 3 0 49 v:121
4/08/2020 4:09:40 PM,252 Event OK
4/08/2020 4:09:40 PM,EVENT 55180 1596552528 0/0/0/0/8 INPUT 3 1 0 v:121
4/08/2020 4:09:40 PM,252 Event OK
4/08/2020 4:09:40 PM,EVENT 55181 1596552531 0/0/0/0/9 INPUT 3 0 2 v:121
4/08/2020 4:09:40 PM,252 Event OK
4/08/2020 4:09:40 PM,EVENT 55182 1596552548 0/0/0/0/0 ENGINEOVERSPEED 55165 20 7512 v:122
4/08/2020 4:09:40 PM,252 Event OK
4/08/2020 4:09:41 PM,EVENT 55183 1596552588 0/0/0/0/2 INPUT 3 1 0 v:121
4/08/2020 4:09:41 PM,252 Event OK
4/08/2020 4:09:41 PM,EVENT 55184 1596552604 0/0/0/0/12 INPUT 3 0 17 v:121
4/08/2020 4:09:41 PM,252 Event OK
4/08/2020 4:09:41 PM,EVENT 55185 1596552607 0/0/0/0/3 INPUT 3 1 0 v:121
4/08/2020 4:09:41 PM,252 Event OK
4/08/2020 4:09:41 PM,EVENT 55186 1596552620 0/0/0/0/10 INPUT 3 0 12 v:121
4/08/2020 4:09:41 PM,252 Event OK
4/08/2020 4:09:41 PM,EVENT 55187 1596552625 0/0/0/0/5 INPUT 3 1 0 v:121
4/08/2020 4:09:41 PM,252 Event OK
4/08/2020 4:09:42 PM,EVENT 55188 1596552641 0/0/0/99/18 INPUT 3 0 15 v:121
4/08/2020 4:09:42 PM,252 Event OK
4/08/2020 4:09:42 PM,EVENT 55189 1596552643 0/0/0/99/8 INPUT 3 1 0 v:121
4/08/2020 4:09:42 PM,252 Event OK
4/08/2020 4:09:42 PM,EVENT 55190 1596552644 0/0/0/99/10 INPUT 3 0 1 v:121
4/08/2020 4:09:42 PM,252 Event OK
4/08/2020 4:09:43 PM,EVENT 55191 1596552655 0/0/0/0/2 INPUT 3 1 0 v:121
4/08/2020 4:09:43 PM,252 Event OK
4/08/2020 4:09:43 PM,EVENT 55192 1596552665 0/0/0/0/12 INPUT 3 0 10 v:121
4/08/2020 4:09:43 PM,252 Event OK
4/08/2020 4:09:43 PM,EVENT 55193 1596552668 0/0/0/0/8 INPUT 3 1 0 v:121
4/08/2020 4:09:43 PM,252 Event OK
4/08/2020 4:09:43 PM,EVENT 55194 1596552814 0/0/0/0/10 INPUT 3 0 146 v:121
4/08/2020 4:09:43 PM,252 Event OK
4/08/2020 4:09:44 PM,EVENT 55195 1596552815 0/0/0/0/8 INPUT 3 1 0 v:121
4/08/2020 4:09:44 PM,252 Event OK
4/08/2020 4:09:44 PM,EVENT 55196 1596552816 0/0/0/0/10 INPUT 3 0 2 v:121
4/08/2020 4:09:44 PM,252 Event OK
4/08/2020 4:09:44 PM,EVENT 55197 1596552841 0/0/0/0/3 INPUT 7 1 0 v:121
4/08/2020 4:09:44 PM,252 Event OK
4/08/2020 4:09:44 PM,EVENT 55198 1596552841 0/0/0/0/3 INPUT 8 0 468 v:121
4/08/2020 4:09:44 PM,252 Event OK
4/08/2020 4:09:44 PM,EVENT 55199 1596552841 0/0/0/0/3 INPUT 1 1 0 v:121
4/08/2020 4:09:44 PM,252 Event OK
4/08/2020 4:09:45 PM,EVENT 55200 1596552842 0/0/0/0/1 INPUT 4 0 438 v:121
4/08/2020 4:09:45 PM,252 Event OK
4/08/2020 4:09:45 PM,EVENT 55201 1596552845 0/0/0/0/0 TRIP 55165 278 175 9 6 462 v:121
4/08/2020 4:09:45 PM,252 Event OK
4/08/2020 4:09:45 PM,EVENT 55202 1596552845 0/0/0/0/0 TRIPSUMMARY 55165 v:121
4/08/2020 4:09:45 PM,252 Event OK
4/08/2020 4:09:45 PM,EVENT 55203 1596553219 0/0/0/0/0 INPUT 8 1 0 v:121
4/08/2020 4:09:45 PM,252 Event OK
4/08/2020 4:09:45 PM,EVENT 55204 1596553220 0/0/0/0/0 INPUT 7 0 379 v:121
4/08/2020 4:09:45 PM,252 Event OK
4/08/2020 4:09:46 PM,EVENT 55205 1596553230 0/0/0/0/0 SIGNON 2521 03cffbfc OK 26 180201 0 v:121
4/08/2020 4:09:46 PM,252 Event OK
4/08/2020 4:09:46 PM,EVENT 55206 1596553240 0/0/0/0/4 INPUT 7 1 0 v:122
4/08/2020 4:09:46 PM,252 Event OK
4/08/2020 4:09:46 PM,EVENT 55207 1596553241 0/0/0/0/4 INPUT 4 1 0 v:122
4/08/2020 4:09:46 PM,252 Event OK
4/08/2020 4:09:46 PM,EVENT 55208 1596553241 0/0/0/0/4 INPUT 7 0 0 v:122
4/08/2020 4:09:46 PM,252 Event OK
4/08/2020 4:09:47 PM,EVENT 55209 1596553241 0/0/0/0/4 INPUT 1 0 399 v:121
4/08/2020 4:09:47 PM,252 Event OK
4/08/2020 4:09:47 PM,EVENT 55210 1596553242 0/0/0/0/5 INPUT 3 1 0 v:121
4/08/2020 4:09:47 PM,252 Event OK
4/08/2020 4:09:47 PM,EVENT 55211 1596553249 0/0/0/0/19 REPORT 55205 0 0 v:121
4/08/2020 4:09:47 PM,252 Event OK
4/08/2020 4:09:47 PM,EVENT 55212 1596553353 0/0/0/0/22 ENGINEOVERSPEED 55205 7 4876 v:121
4/08/2020 4:09:47 PM,252 Event OK
4/08/2020 4:09:48 PM,EVENT 55213 1596553445 0/0/0/0/10 INPUT 3 0 203 v:121
4/08/2020 4:09:48 PM,252 Event OK
4/08/2020 4:09:48 PM,EVENT 55214 1596553447 0/0/0/0/3 INPUT 7 1 0 v:121
4/08/2020 4:09:48 PM,252 Event OK
4/08/2020 4:09:48 PM,EVENT 55215 1596553447 0/0/0/0/3 INPUT 8 0 228 v:121
4/08/2020 4:09:48 PM,252 Event OK
4/08/2020 4:09:48 PM,EVENT 55216 1596553448 0/0/0/0/2 INPUT 1 1 0 v:121
4/08/2020 4:09:48 PM,252 Event OK
4/08/2020 4:09:48 PM,EVENT 55217 1596553449 0/0/0/0/0 INPUT 4 0 209 v:121
4/08/2020 4:09:48 PM,252 Event OK
4/08/2020 4:09:49 PM,EVENT 55218 1596553452 0/0/0/0/0 TRIP 55205 203 6 14 11 223 v:121
4/08/2020 4:09:49 PM,252 Event OK
4/08/2020 4:09:49 PM,EVENT 55219 1596553452 0/0/0/0/0 TRIPSUMMARY 55205 v:121
4/08/2020 4:09:49 PM,252 Event OK
4/08/2020 4:09:49 PM,EVENT 55220 1596555540 0/0/0/0/0 SWSTART OpusFC 5.0.58.517 R v:121
4/08/2020 4:09:49 PM,252 Event OK
4/08/2020 4:09:50 PM,EVENT 55221 1596553452 0/0/0/0/0 POWERDOWN v:121
4/08/2020 4:09:50 PM,252 Event OK
4/08/2020 4:09:50 PM,EVENT 55222 1596555540 0/0/0/0/0 INPUT 1 1 0 v:121
4/08/2020 4:09:50 PM,252 Event OK
4/08/2020 4:09:50 PM,EVENT 55223 1596555540 0/0/0/0/0 INPUT 2 0 0 v:121
4/08/2020 4:09:50 PM,252 Event OK
4/08/2020 4:09:50 PM,EVENT 55224 1596555540 0/0/0/0/0 INPUT 3 0 0 v:121
4/08/2020 4:09:50 PM,252 Event OK
4/08/2020 4:09:51 PM,EVENT 55225 1596555540 0/0/0/0/0 INPUT 4 0 0 v:121
4/08/2020 4:09:51 PM,252 Event OK
4/08/2020 4:09:51 PM,EVENT 55226 1596555540 0/0/0/0/0 INPUT 7 0 0 v:121
4/08/2020 4:09:51 PM,252 Event OK
4/08/2020 4:09:51 PM,EVENT 55227 1596555540 0/0/0/0/0 INPUT 8 1 0 v:121
4/08/2020 4:09:51 PM,252 Event OK
4/08/2020 4:09:51 PM,EVENT 55228 1596555542 0/0/0/0/0 ZONE_OK 2 100 FW=NO VERSION v:121
4/08/2020 4:09:51 PM,252 Event OK
4/08/2020 4:09:51 PM,EVENT 55229 1596555551 0/0/0/0/0 SIGNON 2521 03cffbfc OK 26 180201 0 v:121
4/08/2020 4:09:51 PM,252 Event OK
4/08/2020 4:09:52 PM,EVENT 55230 1596555556 0/0/0/99/0 INPUT 7 1 0 v:121
4/08/2020 4:09:52 PM,252 Event OK
4/08/2020 4:09:52 PM,EVENT 55231 1596555556 0/0/0/99/0 INPUT 4 1 0 v:122
4/08/2020 4:09:52 PM,252 Event OK
4/08/2020 4:09:52 PM,EVENT 55232 1596555557 0/0/0/99/0 INPUT 7 0 1 v:122
4/08/2020 4:09:52 PM,252 Event OK
4/08/2020 4:09:52 PM,EVENT 55233 1596555558 0/0/0/99/0 INPUT 1 0 18 v:121
4/08/2020 4:09:52 PM,252 Event OK
4/08/2020 4:09:53 PM,EVENT 55234 1596555574 0/0/0/0/6 INPUT 4 0 18 v:121
4/08/2020 4:09:53 PM,252 Event OK
4/08/2020 4:09:53 PM,EVENT 55235 1596555575 0/0/0/0/5 INPUT 4 1 0 v:121
4/08/2020 4:09:53 PM,252 Event OK
4/08/2020 4:09:53 PM,EVENT 55236 1596555575 0/0/0/0/2 INPUT 7 1 0 v:121
4/08/2020 4:09:53 PM,252 Event OK
4/08/2020 4:09:53 PM,EVENT 55237 1596555575 0/0/0/0/2 INPUT 8 0 34 v:121
4/08/2020 4:09:53 PM,252 Event OK
4/08/2020 4:09:53 PM,EVENT 55238 1596555576 0/0/0/0/1 INPUT 1 1 0 v:121
4/08/2020 4:09:53 PM,252 Event OK
4/08/2020 4:09:54 PM,EVENT 55239 1596555577 0/0/0/0/0 INPUT 4 0 3 v:121
4/08/2020 4:09:54 PM,252 Event OK
4/08/2020 4:09:54 PM,EVENT 55240 1596555579 0/0/0/0/0 TRIP 55229 0 21 8 6 29 v:121
4/08/2020 4:09:54 PM,252 Event OK
4/08/2020 4:09:54 PM,EVENT 55241 1596555603 0/0/0/0/0 REPORT * 0 0 v:121
4/08/2020 4:09:54 PM,252 Event OK
4/08/2020 4:09:54 PM,EVENT 55242 1596555834 0/0/0/0/0 INPUT 8 1 0 v:121
4/08/2020 4:09:54 PM,252 Event OK
4/08/2020 4:09:54 PM,EVENT 55243 1596555835 0/0/0/0/0 INPUT 7 0 260 v:121
4/08/2020 4:09:54 PM,252 Event OK
4/08/2020 4:09:55 PM,EVENT 55244 1596555838 0/0/0/0/0 SIGNON * 0 NOCARD 26 0 244000 v:121
4/08/2020 4:09:55 PM,252 Event OK
4/08/2020 4:09:55 PM,EVENT 55245 1596555849 0/0/0/0/0 SIGNON 2500 01b7dadc OK 26 241291 0 v:121
4/08/2020 4:09:55 PM,252 Event OK
4/08/2020 4:09:55 PM,EVENT 55246 1596555854 0/0/0/0/0 INPUT 7 1 0 v:122
4/08/2020 4:09:55 PM,252 Event OK
4/08/2020 4:09:56 PM,EVENT 55247 1596555855 0/0/0/0/0 INPUT 4 1 0 v:122
4/08/2020 4:09:56 PM,252 Event OK
4/08/2020 4:09:56 PM,EVENT 55248 1596555855 0/0/0/0/0 INPUT 7 0 1 v:122
4/08/2020 4:09:56 PM,252 Event OK
4/08/2020 4:09:56 PM,EVENT 55249 1596555856 0/0/0/0/0 INPUT 1 0 280 v:122
4/08/2020 4:09:56 PM,252 Event OK
4/08/2020 4:09:56 PM,EVENT 55250 1596555862 0/0/0/0/4 INPUT 3 1 0 v:121
4/08/2020 4:09:56 PM,252 Event OK
4/08/2020 4:09:56 PM,EVENT 55251 1596555864 0/0/0/0/9 INPUT 3 0 3 v:121
4/08/2020 4:09:56 PM,252 Event OK
4/08/2020 4:09:57 PM,EVENT 55252 1596555866 0/0/0/0/4 INPUT 7 1 0 v:121
4/08/2020 4:09:57 PM,252 Event OK
4/08/2020 4:09:57 PM,EVENT 55253 1596555866 0/0/0/0/4 INPUT 8 0 33 v:121
4/08/2020 4:09:57 PM,252 Event OK
4/08/2020 4:09:57 PM,EVENT 55254 1596555867 0/0/0/0/2 INPUT 1 1 0 v:121
4/08/2020 4:09:57 PM,252 Event OK
4/08/2020 4:09:57 PM,EVENT 55255 1596555868 0/0/0/0/0 INPUT 4 0 14 v:121
4/08/2020 4:09:57 PM,252 Event OK
4/08/2020 4:09:57 PM,EVENT 55256 1596555871 0/0/0/0/0 TRIP 55245 3 11 9 6 23 v:121
4/08/2020 4:09:57 PM,252 Event OK
4/08/2020 4:09:58 PM,EVENT 55257 1596556118 0/0/0/0/0 INPUT 8 1 0 v:121
4/08/2020 4:09:58 PM,252 Event OK
4/08/2020 4:09:58 PM,EVENT 55258 1596556118 0/0/0/0/0 INPUT 7 0 251 v:121
4/08/2020 4:09:58 PM,252 Event OK
4/08/2020 4:09:58 PM,EVENT 55259 1596556125 0/0/0/0/0 SIGNON 2521 03cffbfc OK 26 180201 0 v:121
4/08/2020 4:09:58 PM,252 Event OK
4/08/2020 4:09:59 PM,EVENT 55260 1596556130 0/0/0/0/0 INPUT 7 1 0 v:121
4/08/2020 4:09:59 PM,252 Event OK
4/08/2020 4:09:59 PM,EVENT 55261 1596556130 0/0/0/0/0 INPUT 4 1 0 v:122
4/08/2020 4:09:59 PM,252 Event OK
4/08/2020 4:09:59 PM,EVENT 55262 1596556131 0/0/0/0/0 INPUT 7 0 1 v:122
4/08/2020 4:09:59 PM,252 Event OK
4/08/2020 4:09:59 PM,EVENT 55263 1596556131 0/0/0/0/0 INPUT 1 0 264 v:122
4/08/2020 4:09:59 PM,252 Event OK
4/08/2020 4:09:59 PM,EVENT 55264 1596556140 0/0/0/0/3 INPUT 4 0 10 v:122
4/08/2020 4:09:59 PM,252 Event OK
4/08/2020 4:10:00 PM,EVENT 55265 1596556141 0/0/0/0/2 INPUT 4 1 0 v:121
4/08/2020 4:10:00 PM,252 Event OK
4/08/2020 4:10:00 PM,EVENT 55266 1596556143 0/0/0/0/3 INPUT 4 0 3 v:121
4/08/2020 4:10:00 PM,252 Event OK
4/08/2020 4:10:00 PM,EVENT 55267 1596556143 0/0/0/0/3 INPUT 4 1 0 v:121
4/08/2020 4:10:00 PM,252 Event OK
4/08/2020 4:10:00 PM,EVENT 55268 1596556147 0/0/0/0/3 INPUT 3 1 0 v:121
4/08/2020 4:10:00 PM,252 Event OK
4/08/2020 4:10:00 PM,EVENT 55269 1596556152 0/0/0/0/9 INPUT 3 0 4 v:121
4/08/2020 4:10:00 PM,252 Event OK
4/08/2020 4:10:01 PM,EVENT 55270 1596556265 0/0/0/0/6 INPUT 3 1 0 v:122
4/08/2020 4:10:01 PM,252 Event OK
4/08/2020 4:10:01 PM,EVENT 55271 1596556274 0/0/0/0/9 INPUT 3 0 10 v:122
4/08/2020 4:10:01 PM,252 Event OK
4/08/2020 4:10:01 PM,EVENT 55272 1596556281 0/0/0/0/0 INPUT 7 1 0 v:122
4/08/2020 4:10:01 PM,252 Event OK
4/08/2020 4:10:02 PM,EVENT 55273 1596556281 0/0/0/0/0 INPUT 8 0 163 v:122
4/08/2020 4:10:02 PM,252 Event OK
4/08/2020 4:10:02 PM,EVENT 55274 1596556281 0/0/0/0/0 INPUT 1 1 0 v:121
4/08/2020 4:10:02 PM,252 Event OK
4/08/2020 4:10:02 PM,EVENT 55275 1596556282 0/0/0/0/0 INPUT 4 0 139 v:121
4/08/2020 4:10:02 PM,252 Event OK
4/08/2020 4:10:02 PM,EVENT 55276 1596556285 0/0/0/0/0 TRIP 55259 14 138 9 6 161 v:121
4/08/2020 4:10:02 PM,252 Event OK
4/08/2020 4:10:03 PM,EVENT 55277 1596556286 0/0/0/0/0 INPUT 8 1 0 v:121
4/08/2020 4:10:03 PM,252 Event OK
4/08/2020 4:10:03 PM,EVENT 55278 1596556287 0/0/0/0/0 INPUT 7 0 6 v:121
4/08/2020 4:10:03 PM,252 Event OK
4/08/2020 4:10:03 PM,EVENT 55279 1596556288 0/0/0/0/0 INPUT 7 1 0 v:121
4/08/2020 4:10:03 PM,252 Event OK
4/08/2020 4:10:03 PM,EVENT 55280 1596556288 0/0/0/0/0 INPUT 8 0 1 v:121
4/08/2020 4:10:03 PM,252 Event OK
4/08/2020 4:10:04 PM,EVENT 55281 1596556309 0/0/0/0/0 INPUT 8 1 0 v:121
4/08/2020 4:10:04 PM,252 Event OK
4/08/2020 4:10:04 PM,EVENT 55282 1596556309 0/0/0/0/0 INPUT 7 0 21 v:122
4/08/2020 4:10:04 PM,252 Event OK
4/08/2020 4:10:04 PM,EVENT 55283 1596556317 0/0/0/0/0 SIGNON 2521 03cffbfc OK 26 180201 0 v:122
4/08/2020 4:10:04 PM,252 Event OK
4/08/2020 4:10:04 PM,EVENT 55284 1596556322 0/0/0/0/0 INPUT 7 1 0 v:122
4/08/2020 4:10:04 PM,252 Event OK
4/08/2020 4:10:05 PM,EVENT 55285 1596556323 0/0/0/0/0 INPUT 4 1 0 v:122
4/08/2020 4:10:05 PM,252 Event OK
4/08/2020 4:10:05 PM,EVENT 55286 1596556323 0/0/0/0/0 INPUT 7 0 1 v:122
4/08/2020 4:10:05 PM,252 Event OK
4/08/2020 4:10:05 PM,EVENT 55287 1596556323 0/0/0/0/0 INPUT 1 0 43 v:122
4/08/2020 4:10:05 PM,252 Event OK
4/08/2020 4:10:05 PM,EVENT 55288 1596556324 0/0/0/0/0 INPUT 4 0 2 v:122
4/08/2020 4:10:05 PM,252 Event OK
4/08/2020 4:10:06 PM,EVENT 55289 1596556324 0/0/0/0/0 INPUT 4 1 0 v:122
4/08/2020 4:10:06 PM,252 Event OK
4/08/2020 4:10:06 PM,EVENT 55290 1596556327 0/0/0/0/7 INPUT 3 1 0 v:122
4/08/2020 4:10:06 PM,252 Event OK
4/08/2020 4:10:06 PM,EVENT 55291 1596556335 0/0/0/0/13 INPUT 3 0 8 v:122
4/08/2020 4:10:06 PM,252 Event OK
4/08/2020 4:10:06 PM,EVENT 55292 1596556354 0/0/0/0/6 INPUT 3 1 0 v:122
4/08/2020 4:10:06 PM,252 Event OK
4/08/2020 4:10:06 PM,EVENT 55293 1596556515 0/0/0/0/15 ENGINEOVERSPEED 55283 142 5454 v:121
4/08/2020 4:10:06 PM,252 Event OK
4/08/2020 4:10:07 PM,EVENT 55294 1596556713 0/0/0/0/26 ENGINEOVERSPEED 55283 61 5216 v:121
4/08/2020 4:10:07 PM,252 Event OK
4/08/2020 4:10:07 PM,EVENT 55295 1596556740 0/0/0/0/18 INPUT 3 0 386 v:121
4/08/2020 4:10:07 PM,252 Event OK
4/08/2020 4:10:07 PM,EVENT 55296 1596556740 0/0/0/0/10 INPUT 1 1 0 v:121
4/08/2020 4:10:07 PM,252 Event OK
4/08/2020 4:10:07 PM,EVENT 55297 1596556741 0/0/0/0/9 INPUT 1 0 0 v:121
4/08/2020 4:10:07 PM,252 Event OK
4/08/2020 4:10:08 PM,EVENT 55298 1596556747 0/0/0/0/3 INPUT 3 1 0 v:121
4/08/2020 4:10:08 PM,252 Event OK
4/08/2020 4:10:08 PM,EVENT 55299 1596556753 0/0/0/0/15 INPUT 3 0 5 v:122
4/08/2020 4:10:08 PM,252 Event OK
4/08/2020 4:10:08 PM,EVENT 55300 1596556761 0/0/0/0/6 INPUT 3 1 0 v:121
4/08/2020 4:10:08 PM,252 Event OK
4/08/2020 4:10:08 PM,EVENT 55301 1596557270 -310137791/1219244990/708/9/29 ZONEOVERSPEED 55283 9 32 1 v:121
4/08/2020 4:10:08 PM,252 Event OK
4/08/2020 4:10:08 PM,EVENT 55302 1596557297 -310147231/1219234095/637/9/15 INPUT 4 0 973 v:121
4/08/2020 4:10:08 PM,252 Event OK
4/08/2020 4:10:09 PM,EVENT 55303 1596557299 -310147327/1219233362/645/9/14 INPUT 3 0 538 v:121
4/08/2020 4:10:09 PM,252 Event OK
4/08/2020 4:10:09 PM,EVENT 55304 1596557301 -310147349/1219233149/672/16/6 INPUT 7 1 0 v:121
4/08/2020 4:10:09 PM,252 Event OK
4/08/2020 4:10:09 PM,EVENT 55305 1596557301 -310147349/1219233149/672/16/6 INPUT 8 0 992 v:121
4/08/2020 4:10:09 PM,252 Event OK
4/08/2020 4:10:09 PM,EVENT 55306 1596557301 -310147355/1219233149/677/16/6 INPUT 1 1 0 v:121
4/08/2020 4:10:09 PM,252 Event OK
4/08/2020 4:10:10 PM,EVENT 55307 1596557305 -310147380/1219233134/707/16/0 TRIP 55283 937 40 12 6 989 v:121
4/08/2020 4:10:10 PM,252 Event OK
4/08/2020 4:10:10 PM,EVENT 55308 1596557305 -310147380/1219233134/707/16/0 TRIPSUMMARY 55283 v:121
4/08/2020 4:10:10 PM,252 Event OK
4/08/2020 4:10:10 PM,QUIT
4/08/2020 4:10:10 PM,221 Session ended - goodbye
4/08/2020 4:43:21 PM,UNIT 10604
4/08/2020 4:43:21 PM,333 CHAL 483ED5F
4/08/2020 4:43:22 PM,RESP 85830BF7
4/08/2020 4:43:22 PM,230 Auth OK
4/08/2020 4:43:22 PM,TIME
4/08/2020 4:43:22 PM,211 TIME 1596559402
4/08/2020 4:43:22 PM,EVCOUNT 14
4/08/2020 4:43:22 PM,252 Event OK
4/08/2020 4:43:22 PM,TODO
4/08/2020 4:43:22 PM,125 TODO GETXML 2000 Operators 
225 Work list complete
4/08/2020 4:43:22 PM,GETXML
4/08/2020 4:43:22 PM,Binary data 4200 bytes
4/08/2020 4:43:23 PM,GOT Operators 4152 1C8F75B1
4/08/2020 4:43:23 PM,250 Download OK
4/08/2020 4:43:23 PM,EVENT 55309 1596559374 0/0/0/0/0 SWSTART OpusFC 5.0.58.517 R v:121
4/08/2020 4:43:23 PM,252 Event OK
4/08/2020 4:43:24 PM,EVENT 55310 1596557305 0/0/0/0/0 POWERDOWN v:121
4/08/2020 4:43:24 PM,252 Event OK
4/08/2020 4:43:24 PM,EVENT 55311 1596559374 0/0/0/0/0 INPUT 1 1 0 v:121
4/08/2020 4:43:24 PM,252 Event OK
4/08/2020 4:43:24 PM,EVENT 55312 1596559374 0/0/0/0/0 INPUT 2 0 0 v:121
4/08/2020 4:43:24 PM,252 Event OK
4/08/2020 4:43:24 PM,EVENT 55313 1596559374 0/0/0/0/0 INPUT 3 0 0 v:121
4/08/2020 4:43:24 PM,252 Event OK
4/08/2020 4:43:25 PM,EVENT 55314 1596559374 0/0/0/0/0 INPUT 4 0 0 v:121
4/08/2020 4:43:25 PM,252 Event OK
4/08/2020 4:43:25 PM,EVENT 55315 1596559374 0/0/0/0/0 INPUT 7 0 0 v:121
4/08/2020 4:43:25 PM,252 Event OK
4/08/2020 4:43:25 PM,EVENT 55316 1596559374 0/0/0/0/0 INPUT 8 1 0 v:121
4/08/2020 4:43:25 PM,252 Event OK
4/08/2020 4:43:25 PM,EVENT 55317 1596559376 0/0/0/0/0 ZONE_OK 2 100 FW=NO VERSION v:121
4/08/2020 4:43:25 PM,252 Event OK
4/08/2020 4:43:26 PM,EVENT 55318 1596559384 0/0/0/0/0 SIGNON 2521 03cffbfc OK 26 180201 0 v:121
4/08/2020 4:43:26 PM,252 Event OK
4/08/2020 4:43:26 PM,EVENT 55319 1596559389 0/0/0/99/0 INPUT 7 1 0 v:121
4/08/2020 4:43:26 PM,252 Event OK
4/08/2020 4:43:26 PM,EVENT 55320 1596559390 0/0/0/99/0 INPUT 4 1 0 v:122
4/08/2020 4:43:26 PM,252 Event OK
4/08/2020 4:43:26 PM,EVENT 55321 1596559390 0/0/0/99/0 INPUT 7 0 1 v:122
4/08/2020 4:43:26 PM,252 Event OK
4/08/2020 4:43:26 PM,EVENT 55322 1596559393 0/0/0/99/0 INPUT 1 0 18 v:121
4/08/2020 4:43:26 PM,252 Event OK
4/08/2020 4:43:27 PM,QUIT
4/08/2020 4:43:27 PM,221 Session ended - goodbye
4/08/2020 4:43:38 PM,UNIT 10604
4/08/2020 4:43:38 PM,333 CHAL 1FC336CC
4/08/2020 4:43:38 PM,RESP B682A3A1
4/08/2020 4:43:38 PM,230 Auth OK
4/08/2020 4:43:39 PM,TIME
4/08/2020 4:43:39 PM,211 TIME 1596559419
4/08/2020 4:43:40 PM,EVCOUNT 1
4/08/2020 4:43:40 PM,252 Event OK
4/08/2020 4:43:40 PM,TODO
4/08/2020 4:43:40 PM,226 Nothing to do
4/08/2020 4:43:41 PM,EVENT 55323 1596559413 -310146462/1219235266/1638/19/7 INPUT 3 1 0 v:121
4/08/2020 4:43:41 PM,252 Event OK
4/08/2020 4:43:42 PM,QUIT
4/08/2020 4:43:42 PM,221 Session ended - goodbye
4/08/2020 8:38:03 PM,UNIT 10604
4/08/2020 8:38:03 PM,333 CHAL 6C507109
4/08/2020 8:38:03 PM,RESP B67478CD
4/08/2020 8:38:03 PM,230 Auth OK
4/08/2020 8:38:03 PM,TIME
4/08/2020 8:38:03 PM,211 TIME 1596573483
4/08/2020 8:38:04 PM,EVCOUNT 357
4/08/2020 8:38:04 PM,252 Event OK
4/08/2020 8:38:04 PM,TODO
4/08/2020 8:38:04 PM,226 Nothing to do
4/08/2020 8:38:04 PM,EVENT 55324 1596559596 0/0/0/0/21 ENGINEOVERSPEED 55318 87 3760 v:121
4/08/2020 8:38:04 PM,252 Event OK
4/08/2020 8:38:04 PM,EVENT 55325 1596559634 0/0/0/0/23 ENGINEOVERSPEED 55318 23 3545 v:121
4/08/2020 8:38:04 PM,252 Event OK
4/08/2020 8:38:04 PM,EVENT 55326 1596559756 0/0/0/0/23 ENGINEOVERSPEED 55318 13 3478 v:121
4/08/2020 8:38:04 PM,252 Event OK
4/08/2020 8:38:05 PM,EVENT 55327 1596559841 0/0/0/0/22 ENGINEOVERSPEED 55318 38 3986 v:121
4/08/2020 8:38:05 PM,252 Event OK
4/08/2020 8:38:05 PM,EVENT 55328 1596559872 0/0/0/0/21 ENGINEOVERSPEED 55318 22 3688 v:121
4/08/2020 8:38:05 PM,252 Event OK
4/08/2020 8:38:05 PM,EVENT 55329 1596560470 0/0/0/0/10 INPUT 3 0 1058 v:121
4/08/2020 8:38:05 PM,252 Event OK
4/08/2020 8:38:05 PM,EVENT 55330 1596560506 0/0/0/0/4 INPUT 3 1 0 v:121
4/08/2020 8:38:05 PM,252 Event OK
4/08/2020 8:38:06 PM,EVENT 55331 1596560577 0/0/0/0/13 INPUT 3 0 72 v:121
4/08/2020 8:38:06 PM,252 Event OK
4/08/2020 8:38:06 PM,EVENT 55332 1596560778 0/0/0/0/0 INPUT 4 0 1389 v:121
4/08/2020 8:38:06 PM,252 Event OK
4/08/2020 8:38:06 PM,EVENT 55333 1596560778 0/0/0/0/0 INPUT 4 1 0 v:121
4/08/2020 8:38:06 PM,252 Event OK
4/08/2020 8:38:06 PM,EVENT 55334 1596560790 0/0/0/0/0 INPUT 4 0 11 v:121
4/08/2020 8:38:06 PM,252 Event OK
4/08/2020 8:38:06 PM,EVENT 55335 1596560791 0/0/0/0/0 INPUT 4 1 0 v:121
4/08/2020 8:38:06 PM,252 Event OK
4/08/2020 8:38:07 PM,EVENT 55336 1596560795 0/0/0/0/4 INPUT 4 0 5 v:121
4/08/2020 8:38:07 PM,252 Event OK
4/08/2020 8:38:07 PM,EVENT 55337 1596560797 0/0/0/0/2 INPUT 4 1 0 v:122
4/08/2020 8:38:07 PM,252 Event OK
4/08/2020 8:38:07 PM,EVENT 55338 1596560799 0/0/0/0/1 INPUT 4 0 3 v:121
4/08/2020 8:38:07 PM,252 Event OK
4/08/2020 8:38:07 PM,EVENT 55339 1596560801 0/0/0/0/0 INPUT 4 1 0 v:121
4/08/2020 8:38:07 PM,252 Event OK
4/08/2020 8:38:08 PM,EVENT 55340 1596560811 0/0/0/0/0 INPUT 4 0 11 v:121
4/08/2020 8:38:08 PM,252 Event OK
4/08/2020 8:38:08 PM,EVENT 55341 1596560850 0/0/0/0/1 INPUT 4 1 0 v:121
4/08/2020 8:38:08 PM,252 Event OK
4/08/2020 8:38:08 PM,EVENT 55342 1596560851 0/0/0/0/5 INPUT 3 1 0 v:121
4/08/2020 8:38:08 PM,252 Event OK
4/08/2020 8:38:08 PM,EVENT 55343 1596560932 0/0/0/0/14 INPUT 3 0 82 v:121
4/08/2020 8:38:08 PM,252 Event OK
4/08/2020 8:38:08 PM,EVENT 55344 1596560939 0/0/0/0/0 INPUT 4 0 89 v:121
4/08/2020 8:38:08 PM,252 Event OK
4/08/2020 8:38:09 PM,EVENT 55345 1596560940 0/0/0/0/0 INPUT 4 1 0 v:121
4/08/2020 8:38:09 PM,252 Event OK
4/08/2020 8:38:09 PM,EVENT 55346 1596560942 0/0/0/0/5 INPUT 3 1 0 v:121
4/08/2020 8:38:09 PM,252 Event OK
4/08/2020 8:38:09 PM,EVENT 55347 1596561053 0/0/0/0/11 INPUT 3 0 111 v:121
4/08/2020 8:38:09 PM,252 Event OK
4/08/2020 8:38:09 PM,EVENT 55348 1596561054 0/0/0/0/8 INPUT 4 0 115 v:121
4/08/2020 8:38:09 PM,252 Event OK
4/08/2020 8:38:09 PM,EVENT 55349 1596561055 0/0/0/0/6 INPUT 3 1 0 v:121
4/08/2020 8:38:09 PM,252 Event OK
4/08/2020 8:38:10 PM,EVENT 55350 1596561055 0/0/0/0/6 INPUT 4 1 0 v:121
4/08/2020 8:38:10 PM,252 Event OK
4/08/2020 8:38:10 PM,EVENT 55351 1596561065 0/0/0/0/10 INPUT 4 0 11 v:121
4/08/2020 8:38:10 PM,252 Event OK
4/08/2020 8:38:10 PM,EVENT 55352 1596561067 0/0/0/0/11 INPUT 3 0 13 v:121
4/08/2020 8:38:10 PM,252 Event OK
4/08/2020 8:38:10 PM,EVENT 55353 1596561068 0/0/0/0/10 INPUT 4 1 0 v:121
4/08/2020 8:38:10 PM,252 Event OK
4/08/2020 8:38:11 PM,EVENT 55354 1596561068 0/0/0/0/9 INPUT 3 1 0 v:121
4/08/2020 8:38:11 PM,252 Event OK
4/08/2020 8:38:11 PM,EVENT 55355 1596561138 0/0/0/0/23 INPUT 4 0 70 v:121
4/08/2020 8:38:11 PM,252 Event OK
4/08/2020 8:38:11 PM,EVENT 55356 1596561144 0/0/0/0/24 INPUT 4 1 0 v:121
4/08/2020 8:38:11 PM,252 Event OK
4/08/2020 8:38:11 PM,EVENT 55357 1596561162 0/0/0/0/26 INPUT 4 0 18 v:121
4/08/2020 8:38:11 PM,252 Event OK
4/08/2020 8:38:11 PM,EVENT 55358 1596561172 0/0/0/0/25 INPUT 4 1 0 v:121
4/08/2020 8:38:11 PM,252 Event OK
4/08/2020 8:38:12 PM,EVENT 55359 1596561206 0/0/0/0/18 REPORT 55318 0 0 v:121
4/08/2020 8:38:12 PM,252 Event OK
4/08/2020 8:38:12 PM,EVENT 55360 1596561209 0/0/0/0/11 INPUT 3 0 140 v:121
4/08/2020 8:38:12 PM,252 Event OK
4/08/2020 8:38:12 PM,EVENT 55361 1596561215 0/0/0/0/0 INPUT 4 0 44 v:121
4/08/2020 8:38:12 PM,252 Event OK
4/08/2020 8:38:12 PM,EVENT 55362 1596561228 0/0/0/0/0 INPUT 4 1 0 v:121
4/08/2020 8:38:12 PM,252 Event OK
4/08/2020 8:38:12 PM,EVENT 55363 1596561231 0/0/0/0/0 INPUT 4 0 3 v:121
4/08/2020 8:38:12 PM,252 Event OK
4/08/2020 8:38:13 PM,EVENT 55364 1596561257 0/0/0/0/4 INPUT 3 1 0 v:121
4/08/2020 8:38:13 PM,252 Event OK
4/08/2020 8:38:13 PM,EVENT 55365 1596561257 0/0/0/0/5 INPUT 4 1 0 v:121
4/08/2020 8:38:13 PM,252 Event OK
4/08/2020 8:38:13 PM,EVENT 55366 1596561266 0/0/0/0/14 INPUT 4 0 10 v:121
4/08/2020 8:38:13 PM,252 Event OK
4/08/2020 8:38:13 PM,EVENT 55367 1596561266 0/0/0/0/14 INPUT 4 1 0 v:121
4/08/2020 8:38:13 PM,252 Event OK
4/08/2020 8:38:13 PM,EVENT 55368 1596561269 0/0/0/0/14 INPUT 4 0 3 v:121
4/08/2020 8:38:13 PM,252 Event OK
4/08/2020 8:38:14 PM,EVENT 55369 1596561274 0/0/0/0/17 INPUT 4 1 0 v:121
4/08/2020 8:38:14 PM,252 Event OK
4/08/2020 8:38:14 PM,EVENT 55370 1596561275 0/0/0/0/13 INPUT 3 0 19 v:121
4/08/2020 8:38:14 PM,252 Event OK
4/08/2020 8:38:14 PM,EVENT 55371 1596561280 0/0/0/0/7 INPUT 3 1 0 v:121
4/08/2020 8:38:14 PM,252 Event OK
4/08/2020 8:38:14 PM,EVENT 55372 1596561284 0/0/0/0/11 INPUT 4 0 10 v:121
4/08/2020 8:38:14 PM,252 Event OK
4/08/2020 8:38:14 PM,EVENT 55373 1596561285 0/0/0/0/10 INPUT 4 1 0 v:121
4/08/2020 8:38:14 PM,252 Event OK
4/08/2020 8:38:15 PM,EVENT 55374 1596561286 0/0/0/0/10 INPUT 3 0 6 v:121
4/08/2020 8:38:15 PM,252 Event OK
4/08/2020 8:38:15 PM,EVENT 55375 1596561290 0/0/0/0/7 INPUT 3 1 0 v:121
4/08/2020 8:38:15 PM,252 Event OK
4/08/2020 8:38:15 PM,EVENT 55376 1596561292 0/0/0/0/10 INPUT 3 0 2 v:121
4/08/2020 8:38:15 PM,252 Event OK
4/08/2020 8:38:15 PM,EVENT 55377 1596561296 0/0/0/0/7 INPUT 3 1 0 v:121
4/08/2020 8:38:15 PM,252 Event OK
4/08/2020 8:38:16 PM,EVENT 55378 1596561496 0/0/0/0/10 INPUT 3 0 201 v:121
4/08/2020 8:38:16 PM,252 Event OK
4/08/2020 8:38:16 PM,EVENT 55379 1596561497 0/0/0/0/9 INPUT 1 1 0 v:121
4/08/2020 8:38:16 PM,252 Event OK
4/08/2020 8:38:16 PM,EVENT 55380 1596561497 0/0/0/0/9 INPUT 1 0 0 v:120
4/08/2020 8:38:16 PM,252 Event OK
4/08/2020 8:38:16 PM,EVENT 55381 1596561602 0/0/0/0/0 INPUT 4 0 317 v:121
4/08/2020 8:38:16 PM,252 Event OK
4/08/2020 8:38:16 PM,EVENT 55382 1596561602 0/0/0/0/0 INPUT 4 1 0 v:121
4/08/2020 8:38:16 PM,252 Event OK
4/08/2020 8:38:17 PM,EVENT 55383 1596561604 0/0/0/0/5 INPUT 3 1 0 v:121
4/08/2020 8:38:17 PM,252 Event OK
4/08/2020 8:38:17 PM,EVENT 55384 1596561698 0/0/0/0/10 INPUT 3 0 94 v:121
4/08/2020 8:38:17 PM,252 Event OK
4/08/2020 8:38:17 PM,EVENT 55385 1596561700 0/0/0/0/6 INPUT 7 1 0 v:121
4/08/2020 8:38:17 PM,252 Event OK
4/08/2020 8:38:17 PM,EVENT 55386 1596561700 0/0/0/0/6 INPUT 8 0 2326 v:121
4/08/2020 8:38:17 PM,252 Event OK
4/08/2020 8:38:17 PM,EVENT 55387 1596561701 0/0/0/0/5 INPUT 1 1 0 v:121
4/08/2020 8:38:17 PM,252 Event OK
4/08/2020 8:38:18 PM,EVENT 55388 1596561701 0/0/0/0/2 INPUT 4 0 99 v:121
4/08/2020 8:38:18 PM,252 Event OK
4/08/2020 8:38:18 PM,EVENT 55389 1596561705 0/0/0/0/0 TRIP 55318 1798 434 89 39 2321 v:121
4/08/2020 8:38:18 PM,252 Event OK
4/08/2020 8:38:18 PM,EVENT 55390 1596561705 0/0/0/0/0 TRIPSUMMARY 55318 v:121
4/08/2020 8:38:18 PM,252 Event OK
4/08/2020 8:38:18 PM,EVENT 55391 1596562205 0/0/0/0/0 INPUT 8 1 0 v:121
4/08/2020 8:38:18 PM,252 Event OK
4/08/2020 8:38:18 PM,EVENT 55392 1596562205 0/0/0/0/0 INPUT 7 0 504 v:121
4/08/2020 8:38:18 PM,252 Event OK
4/08/2020 8:38:19 PM,EVENT 55393 1596562213 0/0/0/0/0 SIGNON 2521 03cffbfc OK 26 180201 0 v:121
4/08/2020 8:38:19 PM,252 Event OK
4/08/2020 8:38:19 PM,EVENT 55394 1596562219 0/0/0/0/0 INPUT 7 1 0 v:121
4/08/2020 8:38:19 PM,252 Event OK
4/08/2020 8:38:19 PM,EVENT 55395 1596562219 0/0/0/0/0 INPUT 7 0 0 v:121
4/08/2020 8:38:19 PM,252 Event OK
4/08/2020 8:38:19 PM,EVENT 55396 1596562219 0/0/0/0/0 INPUT 4 1 0 v:121
4/08/2020 8:38:19 PM,252 Event OK
4/08/2020 8:38:19 PM,EVENT 55397 1596562221 0/0/0/0/0 INPUT 1 0 521 v:122
4/08/2020 8:38:19 PM,252 Event OK
4/08/2020 8:38:20 PM,EVENT 55398 1596562241 0/0/0/0/8 INPUT 3 1 0 v:121
4/08/2020 8:38:20 PM,252 Event OK
4/08/2020 8:38:20 PM,EVENT 55399 1596562242 0/0/0/0/9 INPUT 3 0 2 v:121
4/08/2020 8:38:20 PM,252 Event OK
4/08/2020 8:38:20 PM,EVENT 55400 1596562244 0/0/0/0/8 INPUT 1 1 0 v:121
4/08/2020 8:38:20 PM,252 Event OK
4/08/2020 8:38:20 PM,EVENT 55401 1596562245 0/0/0/0/8 INPUT 4 0 26 v:121
4/08/2020 8:38:20 PM,252 Event OK
4/08/2020 8:38:21 PM,EVENT 55402 1596562247 0/0/0/0/0 ENGINEOVERSPEED 55393 10 3907 v:121
4/08/2020 8:38:21 PM,252 Event OK
4/08/2020 8:38:21 PM,EVENT 55403 1596562251 0/0/0/0/0 INPUT 7 1 0 v:122
4/08/2020 8:38:21 PM,252 Event OK
4/08/2020 8:38:21 PM,EVENT 55404 1596562252 0/0/0/0/0 INPUT 4 1 0 v:122
4/08/2020 8:38:21 PM,252 Event OK
4/08/2020 8:38:21 PM,EVENT 55405 1596562252 0/0/0/0/0 INPUT 7 0 0 v:122
4/08/2020 8:38:21 PM,252 Event OK
4/08/2020 8:38:22 PM,EVENT 55406 1596562252 0/0/0/0/0 INPUT 1 0 9 v:122
4/08/2020 8:38:22 PM,252 Event OK
4/08/2020 8:38:22 PM,EVENT 55407 1596562335 0/0/0/0/6 INPUT 3 1 0 v:121
4/08/2020 8:38:22 PM,252 Event OK
4/08/2020 8:38:22 PM,EVENT 55408 1596562337 0/0/0/0/9 INPUT 3 0 1 v:121
4/08/2020 8:38:22 PM,252 Event OK
4/08/2020 8:38:22 PM,EVENT 55409 1596562341 0/0/0/0/7 INPUT 3 1 0 v:122
4/08/2020 8:38:22 PM,252 Event OK
4/08/2020 8:38:22 PM,EVENT 55410 1596562341 0/0/0/0/8 ENGINEOVERSPEED 55393 8 5445 v:121
4/08/2020 8:38:22 PM,252 Event OK
4/08/2020 8:38:23 PM,EVENT 55411 1596562389 0/0/0/0/24 ENGINEOVERSPEED 55393 32 10236 v:121
4/08/2020 8:38:23 PM,252 Event OK
4/08/2020 8:38:23 PM,EVENT 55412 1596562427 0/0/0/0/12 INPUT 3 0 86 v:121
4/08/2020 8:38:23 PM,252 Event OK
4/08/2020 8:38:23 PM,EVENT 55413 1596562628 0/0/0/0/0 INPUT 4 0 377 v:121
4/08/2020 8:38:23 PM,252 Event OK
4/08/2020 8:38:23 PM,EVENT 55414 1596562628 0/0/0/0/0 INPUT 4 1 0 v:121
4/08/2020 8:38:23 PM,252 Event OK
4/08/2020 8:38:23 PM,EVENT 55415 1596562636 0/0/0/0/4 INPUT 3 1 0 v:121
4/08/2020 8:38:23 PM,252 Event OK
4/08/2020 8:38:24 PM,EVENT 55416 1596562714 0/0/0/0/12 INPUT 3 0 78 v:121
4/08/2020 8:38:24 PM,252 Event OK
4/08/2020 8:38:24 PM,EVENT 55417 1596562717 0/0/0/0/5 INPUT 7 1 0 v:121
4/08/2020 8:38:24 PM,252 Event OK
4/08/2020 8:38:24 PM,EVENT 55418 1596562717 0/0/0/0/5 INPUT 8 0 512 v:121
4/08/2020 8:38:24 PM,252 Event OK
4/08/2020 8:38:24 PM,EVENT 55419 1596562717 0/0/0/0/5 INPUT 1 1 0 v:121
4/08/2020 8:38:24 PM,252 Event OK
4/08/2020 8:38:24 PM,EVENT 55420 1596562718 0/0/0/0/4 ENGINEOVERSPEED 55393 7 5818 v:121
4/08/2020 8:38:24 PM,252 Event OK
4/08/2020 8:38:25 PM,EVENT 55421 1596562719 0/0/0/0/1 INPUT 4 0 91 v:120
4/08/2020 8:38:25 PM,252 Event OK
4/08/2020 8:38:25 PM,EVENT 55422 1596562721 0/0/0/0/0 TRIP 55393 167 327 14 6 508 v:121
4/08/2020 8:38:25 PM,252 Event OK
4/08/2020 8:38:25 PM,EVENT 55423 1596562721 0/0/0/0/0 TRIPSUMMARY 55393 v:121
4/08/2020 8:38:25 PM,252 Event OK
4/08/2020 8:38:25 PM,EVENT 55424 1596562743 0/0/0/99/0 INPUT 8 1 0 v:121
4/08/2020 8:38:25 PM,252 Event OK
4/08/2020 8:38:25 PM,EVENT 55425 1596562744 0/0/0/99/0 INPUT 7 0 27 v:121
4/08/2020 8:38:25 PM,252 Event OK
4/08/2020 8:38:26 PM,EVENT 55426 1596562751 0/0/0/99/0 SIGNON 2521 03cffbfc OK 26 180201 0 v:121
4/08/2020 8:38:26 PM,252 Event OK
4/08/2020 8:38:26 PM,EVENT 55427 1596562756 0/0/0/99/2 INPUT 4 1 0 v:122
4/08/2020 8:38:26 PM,252 Event OK
4/08/2020 8:38:26 PM,EVENT 55428 1596562757 0/0/0/0/3 INPUT 1 0 39 v:122
4/08/2020 8:38:26 PM,252 Event OK
4/08/2020 8:38:26 PM,EVENT 55429 1596562764 0/0/0/0/4 INPUT 3 1 0 v:121
4/08/2020 8:38:26 PM,252 Event OK
4/08/2020 8:38:27 PM,EVENT 55430 1596562772 0/0/0/0/10 INPUT 3 0 8 v:121
4/08/2020 8:38:27 PM,252 Event OK
4/08/2020 8:38:27 PM,EVENT 55431 1596562773 0/0/0/0/5 INPUT 7 1 0 v:121
4/08/2020 8:38:27 PM,252 Event OK
4/08/2020 8:38:27 PM,EVENT 55432 1596562773 0/0/0/0/5 INPUT 8 0 30 v:121
4/08/2020 8:38:27 PM,252 Event OK
4/08/2020 8:38:27 PM,EVENT 55433 1596562774 0/0/0/0/4 INPUT 1 1 0 v:121
4/08/2020 8:38:27 PM,252 Event OK
4/08/2020 8:38:27 PM,EVENT 55434 1596562774 0/0/0/0/2 INPUT 4 0 19 v:121
4/08/2020 8:38:27 PM,252 Event OK
4/08/2020 8:38:28 PM,EVENT 55435 1596562778 0/0/0/0/0 TRIP 55426 8 11 9 5 28 v:121
4/08/2020 8:38:28 PM,252 Event OK
4/08/2020 8:38:28 PM,EVENT 55436 1596563073 0/0/0/0/0 INPUT 7 0 299 v:121
4/08/2020 8:38:28 PM,252 Event OK
4/08/2020 8:38:28 PM,EVENT 55437 1596563073 0/0/0/0/0 INPUT 8 1 0 v:121
4/08/2020 8:38:28 PM,252 Event OK
4/08/2020 8:38:28 PM,EVENT 55438 1596563081 0/0/0/0/0 SIGNON 2521 03cffbfc OK 26 180201 0 v:121
4/08/2020 8:38:28 PM,252 Event OK
4/08/2020 8:38:29 PM,EVENT 55439 1596563087 0/0/0/0/0 INPUT 4 1 0 v:122
4/08/2020 8:38:29 PM,252 Event OK
4/08/2020 8:38:29 PM,EVENT 55440 1596563087 0/0/0/0/0 INPUT 1 0 314 v:122
4/08/2020 8:38:29 PM,252 Event OK
4/08/2020 8:38:29 PM,EVENT 55441 1596563097 0/0/0/0/8 REPORT 55438 0 0 v:121
4/08/2020 8:38:29 PM,252 Event OK
4/08/2020 8:38:29 PM,EVENT 55442 1596563105 0/0/0/0/8 INPUT 3 1 0 v:121
4/08/2020 8:38:29 PM,252 Event OK
4/08/2020 8:38:29 PM,EVENT 55443 1596563106 0/0/0/0/8 INPUT 3 0 1 v:121
4/08/2020 8:38:29 PM,252 Event OK
4/08/2020 8:38:30 PM,EVENT 55444 1596563107 0/0/0/0/8 INPUT 7 1 0 v:121
4/08/2020 8:38:30 PM,252 Event OK
4/08/2020 8:38:30 PM,EVENT 55445 1596563107 0/0/0/0/8 INPUT 8 0 35 v:121
4/08/2020 8:38:30 PM,252 Event OK
4/08/2020 8:38:30 PM,EVENT 55446 1596563109 0/0/0/0/2 INPUT 1 1 0 v:121
4/08/2020 8:38:30 PM,252 Event OK
4/08/2020 8:38:30 PM,EVENT 55447 1596563111 0/0/0/0/0 INPUT 4 0 24 v:121
4/08/2020 8:38:30 PM,252 Event OK
4/08/2020 8:38:30 PM,EVENT 55448 1596563112 0/0/0/0/0 ENGINEOVERSPEED 55438 13 3845 v:121
4/08/2020 8:38:30 PM,252 Event OK
4/08/2020 8:38:31 PM,EVENT 55449 1596563112 0/0/0/0/0 TRIP 55438 1 23 8 7 32 v:121
4/08/2020 8:38:31 PM,252 Event OK
4/08/2020 8:38:31 PM,EVENT 55450 1596563112 0/0/0/0/0 TRIPSUMMARY 55438 v:121
4/08/2020 8:38:31 PM,252 Event OK
4/08/2020 8:38:31 PM,EVENT 55451 1596563280 0/0/0/0/0 INPUT 8 1 0 v:121
4/08/2020 8:38:31 PM,252 Event OK
4/08/2020 8:38:31 PM,EVENT 55452 1596563281 0/0/0/0/0 INPUT 7 0 173 v:121
4/08/2020 8:38:31 PM,252 Event OK
4/08/2020 8:38:31 PM,EVENT 55453 1596563289 0/0/0/0/0 SIGNON 2521 03cffbfc OK 26 180201 0 v:121
4/08/2020 8:38:31 PM,252 Event OK
4/08/2020 8:38:32 PM,EVENT 55454 1596563294 0/0/0/0/0 INPUT 4 1 0 v:122
4/08/2020 8:38:32 PM,252 Event OK
4/08/2020 8:38:32 PM,EVENT 55455 1596563295 0/0/0/0/0 INPUT 1 0 185 v:122
4/08/2020 8:38:32 PM,252 Event OK
4/08/2020 8:38:32 PM,EVENT 55456 1596563296 0/0/0/0/3 INPUT 3 1 0 v:121
4/08/2020 8:38:32 PM,252 Event OK
4/08/2020 8:38:32 PM,EVENT 55457 1596563329 0/0/0/0/9 INPUT 3 0 33 v:121
4/08/2020 8:38:32 PM,252 Event OK
4/08/2020 8:38:32 PM,EVENT 55458 1596563330 0/0/0/0/7 ENGINEOVERSPEED 55453 9 3623 v:121
4/08/2020 8:38:32 PM,252 Event OK
4/08/2020 8:38:33 PM,EVENT 55459 1596563331 0/0/0/0/6 INPUT 3 1 0 v:121
4/08/2020 8:38:33 PM,252 Event OK
4/08/2020 8:38:33 PM,EVENT 55460 1596563393 0/0/0/0/9 INPUT 3 0 63 v:121
4/08/2020 8:38:33 PM,252 Event OK
4/08/2020 8:38:33 PM,EVENT 55461 1596563410 0/0/0/0/0 INPUT 4 0 116 v:121
4/08/2020 8:38:33 PM,252 Event OK
4/08/2020 8:38:33 PM,EVENT 55462 1596563410 0/0/0/0/0 INPUT 4 1 0 v:121
4/08/2020 8:38:33 PM,252 Event OK
4/08/2020 8:38:34 PM,EVENT 55463 1596563415 0/0/0/0/1 INPUT 7 1 0 v:121
4/08/2020 8:38:34 PM,252 Event OK
4/08/2020 8:38:34 PM,EVENT 55464 1596563415 0/0/0/0/1 INPUT 8 0 136 v:121
4/08/2020 8:38:34 PM,252 Event OK
4/08/2020 8:38:34 PM,EVENT 55465 1596563416 0/0/0/0/0 INPUT 1 1 0 v:121
4/08/2020 8:38:34 PM,252 Event OK
4/08/2020 8:38:34 PM,EVENT 55466 1596563416 0/0/0/0/0 INPUT 4 0 6 v:121
4/08/2020 8:38:34 PM,252 Event OK
4/08/2020 8:38:34 PM,EVENT 55467 1596563420 0/0/0/0/0 TRIP 55453 96 26 10 6 132 v:121
4/08/2020 8:38:34 PM,252 Event OK
4/08/2020 8:38:35 PM,EVENT 55468 1596563420 0/0/0/0/0 TRIPSUMMARY 55453 v:121
4/08/2020 8:38:35 PM,252 Event OK
4/08/2020 8:38:35 PM,EVENT 55469 1596563969 0/0/0/0/0 INPUT 8 1 0 v:121
4/08/2020 8:38:35 PM,252 Event OK
4/08/2020 8:38:35 PM,EVENT 55470 1596563970 0/0/0/0/0 INPUT 7 0 554 v:121
4/08/2020 8:38:35 PM,252 Event OK
4/08/2020 8:38:35 PM,EVENT 55471 1596563979 0/0/0/0/0 SIGNON 2521 03cffbfc OK 26 180201 0 v:121
4/08/2020 8:38:35 PM,252 Event OK
4/08/2020 8:38:35 PM,EVENT 55472 1596563984 0/0/0/0/0 INPUT 7 1 0 v:122
4/08/2020 8:38:35 PM,252 Event OK
4/08/2020 8:38:36 PM,EVENT 55473 1596563984 0/0/0/0/0 INPUT 4 1 0 v:122
4/08/2020 8:38:36 PM,252 Event OK
4/08/2020 8:38:36 PM,EVENT 55474 1596563985 0/0/0/0/0 INPUT 7 0 0 v:122
4/08/2020 8:38:36 PM,252 Event OK
4/08/2020 8:38:36 PM,EVENT 55475 1596563985 0/0/0/0/0 INPUT 1 0 570 v:122
4/08/2020 8:38:36 PM,252 Event OK
4/08/2020 8:38:36 PM,EVENT 55476 1596563988 0/0/0/0/5 INPUT 3 1 0 v:121
4/08/2020 8:38:36 PM,252 Event OK
4/08/2020 8:38:36 PM,EVENT 55477 1596563990 0/0/0/0/9 INPUT 3 0 2 v:121
4/08/2020 8:38:36 PM,252 Event OK
4/08/2020 8:38:37 PM,EVENT 55478 1596564153 0/0/0/0/2 INPUT 3 1 0 v:121
4/08/2020 8:38:37 PM,252 Event OK
4/08/2020 8:38:37 PM,EVENT 55479 1596564240 0/0/0/0/15 INPUT 3 0 88 v:121
4/08/2020 8:38:37 PM,252 Event OK
4/08/2020 8:38:37 PM,EVENT 55480 1596564244 0/0/0/0/3 INPUT 3 1 0 v:121
4/08/2020 8:38:37 PM,252 Event OK
4/08/2020 8:38:37 PM,EVENT 55481 1596564306 0/0/0/0/13 INPUT 3 0 62 v:121
4/08/2020 8:38:37 PM,252 Event OK
4/08/2020 8:38:37 PM,EVENT 55482 1596564352 0/0/0/0/2 INPUT 3 1 0 v:121
4/08/2020 8:38:37 PM,252 Event OK
4/08/2020 8:38:38 PM,EVENT 55483 1596564366 0/0/0/0/10 INPUT 3 0 14 v:121
4/08/2020 8:38:38 PM,252 Event OK
4/08/2020 8:38:38 PM,EVENT 55484 1596564422 0/0/0/0/3 INPUT 4 0 438 v:121
4/08/2020 8:38:38 PM,252 Event OK
4/08/2020 8:38:38 PM,EVENT 55485 1596564422 0/0/0/0/2 INPUT 4 1 0 v:121
4/08/2020 8:38:38 PM,252 Event OK
4/08/2020 8:38:38 PM,EVENT 55486 1596564423 0/0/0/0/2 INPUT 1 1 0 v:121
4/08/2020 8:38:38 PM,252 Event OK
4/08/2020 8:38:39 PM,EVENT 55487 1596564424 0/0/0/0/0 INPUT 4 0 2 v:121
4/08/2020 8:38:39 PM,252 Event OK
4/08/2020 8:38:39 PM,EVENT 55488 1596564429 0/0/0/0/0 INPUT 7 1 0 v:122
4/08/2020 8:38:39 PM,252 Event OK
4/08/2020 8:38:39 PM,EVENT 55489 1596564430 0/0/0/0/0 INPUT 7 0 0 v:122
4/08/2020 8:38:39 PM,252 Event OK
4/08/2020 8:38:39 PM,EVENT 55490 1596564430 0/0/0/0/0 INPUT 1 0 7 v:122
4/08/2020 8:38:39 PM,252 Event OK
4/08/2020 8:38:39 PM,EVENT 55491 1596564430 0/0/0/0/0 INPUT 4 1 0 v:122
4/08/2020 8:38:39 PM,252 Event OK
4/08/2020 8:38:40 PM,EVENT 55492 1596564445 0/0/0/99/3 INPUT 3 1 0 v:121
4/08/2020 8:38:40 PM,252 Event OK
4/08/2020 8:38:40 PM,EVENT 55493 1596564446 0/0/0/99/10 INPUT 3 0 2 v:121
4/08/2020 8:38:40 PM,252 Event OK
4/08/2020 8:38:40 PM,EVENT 55494 1596564564 0/0/0/0/7 INPUT 3 1 0 v:121
4/08/2020 8:38:40 PM,252 Event OK
4/08/2020 8:38:40 PM,EVENT 55495 1596564927 0/0/0/0/24 REPORT 55471 0 0 v:121
4/08/2020 8:38:40 PM,252 Event OK
4/08/2020 8:38:40 PM,EVENT 55496 1596564970 0/0/0/0/12 INPUT 4 0 541 v:121
4/08/2020 8:38:40 PM,252 Event OK
4/08/2020 8:38:41 PM,EVENT 55497 1596564974 0/0/0/0/15 INPUT 3 0 410 v:121
4/08/2020 8:38:41 PM,252 Event OK
4/08/2020 8:38:41 PM,EVENT 55498 1596564993 0/0/0/0/0 INPUT 4 1 0 v:121
4/08/2020 8:38:41 PM,252 Event OK
4/08/2020 8:38:41 PM,EVENT 55499 1596565002 0/0/0/0/5 INPUT 4 0 10 v:121
4/08/2020 8:38:41 PM,252 Event OK
4/08/2020 8:38:41 PM,EVENT 55500 1596565003 0/0/0/0/5 INPUT 4 1 0 v:121
4/08/2020 8:38:41 PM,252 Event OK
4/08/2020 8:38:42 PM,EVENT 55501 1596565008 0/0/0/0/4 INPUT 4 0 5 v:121
4/08/2020 8:38:42 PM,252 Event OK
4/08/2020 8:38:42 PM,EVENT 55502 1596565010 0/0/0/0/4 INPUT 3 1 0 v:121
4/08/2020 8:38:42 PM,252 Event OK
4/08/2020 8:38:42 PM,EVENT 55503 1596565013 0/0/0/0/9 INPUT 4 1 0 v:121
4/08/2020 8:38:42 PM,252 Event OK
4/08/2020 8:38:42 PM,EVENT 55504 1596565015 0/0/0/0/9 INPUT 3 0 6 v:121
4/08/2020 8:38:42 PM,252 Event OK
4/08/2020 8:38:42 PM,EVENT 55505 1596565066 0/0/0/0/0 INPUT 4 0 54 v:121
4/08/2020 8:38:42 PM,252 Event OK
4/08/2020 8:38:43 PM,EVENT 55506 1596565071 0/0/0/0/0 INPUT 4 1 0 v:121
4/08/2020 8:38:43 PM,252 Event OK
4/08/2020 8:38:43 PM,EVENT 55507 1596565075 0/0/0/0/0 INPUT 4 0 4 v:121
4/08/2020 8:38:43 PM,252 Event OK
4/08/2020 8:38:43 PM,EVENT 55508 1596565080 0/0/0/0/0 INPUT 4 1 0 v:121
4/08/2020 8:38:43 PM,252 Event OK
4/08/2020 8:38:43 PM,EVENT 55509 1596565103 0/0/0/0/0 INPUT 4 0 24 v:121
4/08/2020 8:38:43 PM,252 Event OK
4/08/2020 8:38:43 PM,EVENT 55510 1596565103 0/0/0/0/0 INPUT 4 1 0 v:121
4/08/2020 8:38:43 PM,252 Event OK
4/08/2020 8:38:44 PM,EVENT 55511 1596565109 0/0/0/0/0 INPUT 4 0 6 v:121
4/08/2020 8:38:44 PM,252 Event OK
4/08/2020 8:38:44 PM,EVENT 55512 1596565114 0/0/0/99/0 INPUT 4 1 0 v:121
4/08/2020 8:38:44 PM,252 Event OK
4/08/2020 8:38:44 PM,EVENT 55513 1596565116 0/0/0/99/0 INPUT 4 0 3 v:121
4/08/2020 8:38:44 PM,252 Event OK
4/08/2020 8:38:44 PM,EVENT 55514 1596565118 0/0/0/99/0 INPUT 4 1 0 v:121
4/08/2020 8:38:44 PM,252 Event OK
4/08/2020 8:38:44 PM,EVENT 55515 1596565119 0/0/0/99/0 INPUT 4 0 2 v:121
4/08/2020 8:38:44 PM,252 Event OK
4/08/2020 8:38:45 PM,EVENT 55516 1596565156 0/0/0/0/0 INPUT 4 1 0 v:121
4/08/2020 8:38:45 PM,252 Event OK
4/08/2020 8:38:45 PM,EVENT 55517 1596565157 0/0/0/0/0 INPUT 4 0 2 v:121
4/08/2020 8:38:45 PM,252 Event OK
4/08/2020 8:38:45 PM,EVENT 55518 1596565167 0/0/0/0/0 INPUT 4 1 0 v:121
4/08/2020 8:38:45 PM,252 Event OK
4/08/2020 8:38:45 PM,EVENT 55519 1596565168 0/0/0/0/0 INPUT 4 0 1 v:121
4/08/2020 8:38:45 PM,252 Event OK
4/08/2020 8:38:45 PM,EVENT 55520 1596565169 0/0/0/0/3 INPUT 3 1 0 v:121
4/08/2020 8:38:45 PM,252 Event OK
4/08/2020 8:38:46 PM,EVENT 55521 1596565174 0/0/0/0/15 INPUT 4 1 0 v:121
4/08/2020 8:38:46 PM,252 Event OK
4/08/2020 8:38:46 PM,EVENT 55522 1596565198 0/0/0/0/9 INPUT 3 0 30 v:121
4/08/2020 8:38:46 PM,252 Event OK
4/08/2020 8:38:46 PM,EVENT 55523 1596565199 0/0/0/0/9 INPUT 4 0 25 v:121
4/08/2020 8:38:46 PM,252 Event OK
4/08/2020 8:38:46 PM,EVENT 55524 1596565200 0/0/0/0/7 INPUT 4 1 0 v:121
4/08/2020 8:38:46 PM,252 Event OK
4/08/2020 8:38:47 PM,EVENT 55525 1596565201 0/0/0/0/7 INPUT 3 1 0 v:121
4/08/2020 8:38:47 PM,252 Event OK
4/08/2020 8:38:47 PM,EVENT 55526 1596565304 0/0/0/0/23 ENGINEOVERSPEED 55471 13 5345 v:121
4/08/2020 8:38:47 PM,252 Event OK
4/08/2020 8:38:47 PM,EVENT 55527 1596565572 0/0/0/0/10 INPUT 3 0 372 v:121
4/08/2020 8:38:47 PM,252 Event OK
4/08/2020 8:38:47 PM,EVENT 55528 1596565575 0/0/0/0/7 INPUT 3 1 0 v:121
4/08/2020 8:38:47 PM,252 Event OK
4/08/2020 8:38:47 PM,EVENT 55529 1596565576 0/0/0/0/9 INPUT 3 0 1 v:121
4/08/2020 8:38:47 PM,252 Event OK
4/08/2020 8:38:48 PM,EVENT 55530 1596565577 0/0/0/0/9 INPUT 3 1 0 v:121
4/08/2020 8:38:48 PM,252 Event OK
4/08/2020 8:38:48 PM,EVENT 55531 1596565625 0/0/0/0/11 INPUT 3 0 49 v:121
4/08/2020 8:38:48 PM,252 Event OK
4/08/2020 8:38:48 PM,EVENT 55532 1596565660 0/0/0/0/3 INPUT 3 1 0 v:121
4/08/2020 8:38:48 PM,252 Event OK
4/08/2020 8:38:48 PM,EVENT 55533 1596565673 0/0/0/0/12 INPUT 3 0 12 v:121
4/08/2020 8:38:48 PM,252 Event OK
4/08/2020 8:38:48 PM,EVENT 55534 1596565677 0/0/0/0/0 INPUT 7 1 0 v:121
4/08/2020 8:38:48 PM,252 Event OK
4/08/2020 8:38:49 PM,EVENT 55535 1596565677 0/0/0/0/0 INPUT 8 0 1709 v:121
4/08/2020 8:38:49 PM,252 Event OK
4/08/2020 8:38:49 PM,EVENT 55536 1596565678 0/0/0/0/0 INPUT 1 1 0 v:121
4/08/2020 8:38:49 PM,252 Event OK
4/08/2020 8:38:49 PM,EVENT 55537 1596565680 0/0/0/0/0 INPUT 4 0 481 v:120
4/08/2020 8:38:49 PM,252 Event OK
4/08/2020 8:38:49 PM,EVENT 55538 1596565682 0/0/0/0/0 TRIP 55471 1048 562 94 36 1704 v:120
4/08/2020 8:38:49 PM,252 Event OK
4/08/2020 8:38:50 PM,EVENT 55539 1596565682 0/0/0/0/0 TRIPSUMMARY 55471 v:120
4/08/2020 8:38:50 PM,252 Event OK
4/08/2020 8:38:50 PM,EVENT 55540 1596566152 0/0/0/99/0 INPUT 8 1 0 v:121
4/08/2020 8:38:50 PM,252 Event OK
4/08/2020 8:38:50 PM,EVENT 55541 1596566152 0/0/0/99/0 INPUT 7 0 475 v:121
4/08/2020 8:38:50 PM,252 Event OK
4/08/2020 8:38:50 PM,EVENT 55542 1596566159 0/0/0/0/0 SIGNON 2521 03cffbfc OK 26 180201 0 v:121
4/08/2020 8:38:50 PM,252 Event OK
4/08/2020 8:38:50 PM,EVENT 55543 1596566165 0/0/0/0/0 INPUT 4 1 0 v:121
4/08/2020 8:38:50 PM,252 Event OK
4/08/2020 8:38:51 PM,EVENT 55544 1596566166 0/0/0/0/0 INPUT 1 0 488 v:122
4/08/2020 8:38:51 PM,252 Event OK
4/08/2020 8:38:51 PM,EVENT 55545 1596566234 0/0/0/0/7 INPUT 3 1 0 v:121
4/08/2020 8:38:51 PM,252 Event OK
4/08/2020 8:38:51 PM,EVENT 55546 1596566236 0/0/0/0/9 INPUT 3 0 2 v:121
4/08/2020 8:38:51 PM,252 Event OK
4/08/2020 8:38:51 PM,EVENT 55547 1596566242 0/0/0/0/4 INPUT 4 0 78 v:121
4/08/2020 8:38:51 PM,252 Event OK
4/08/2020 8:38:51 PM,EVENT 55548 1596566242 0/0/0/0/2 INPUT 4 1 0 v:121
4/08/2020 8:38:51 PM,252 Event OK
4/08/2020 8:38:52 PM,EVENT 55549 1596566251 0/0/0/0/2 INPUT 3 1 0 v:121
4/08/2020 8:38:52 PM,252 Event OK
4/08/2020 8:38:52 PM,EVENT 55550 1596566305 0/0/0/0/14 ENGINEOVERSPEED 55542 32 5771 v:121
4/08/2020 8:38:52 PM,252 Event OK
4/08/2020 8:38:52 PM,EVENT 55551 1596566307 0/0/0/0/10 INPUT 3 0 57 v:121
4/08/2020 8:38:52 PM,252 Event OK
4/08/2020 8:38:52 PM,EVENT 55552 1596566310 0/0/0/0/2 INPUT 7 1 0 v:121
4/08/2020 8:38:52 PM,252 Event OK
4/08/2020 8:38:52 PM,EVENT 55553 1596566310 0/0/0/0/2 INPUT 8 0 158 v:121
4/08/2020 8:38:52 PM,252 Event OK
4/08/2020 8:38:53 PM,EVENT 55554 1596566310 0/0/0/0/2 INPUT 1 1 0 v:121
4/08/2020 8:38:53 PM,252 Event OK
4/08/2020 8:38:53 PM,EVENT 55555 1596566311 0/0/0/0/0 INPUT 4 0 69 v:121
4/08/2020 8:38:53 PM,252 Event OK
4/08/2020 8:38:53 PM,EVENT 55556 1596566314 0/0/0/0/0 TRIP 55542 59 88 8 5 155 v:121
4/08/2020 8:38:53 PM,252 Event OK
4/08/2020 8:38:53 PM,EVENT 55557 1596566314 0/0/0/0/0 TRIPSUMMARY 55542 v:121
4/08/2020 8:38:53 PM,252 Event OK
4/08/2020 8:38:53 PM,EVENT 55558 1596566599 0/0/0/0/0 INPUT 8 1 0 v:121
4/08/2020 8:38:53 PM,252 Event OK
4/08/2020 8:38:54 PM,EVENT 55559 1596566600 0/0/0/0/0 INPUT 7 0 290 v:121
4/08/2020 8:38:54 PM,252 Event OK
4/08/2020 8:38:54 PM,EVENT 55560 1596566608 0/0/0/0/0 SIGNON 2521 03cffbfc OK 26 180201 0 v:121
4/08/2020 8:38:54 PM,252 Event OK
4/08/2020 8:38:54 PM,EVENT 55561 1596566613 0/0/0/0/0 INPUT 4 1 0 v:122
4/08/2020 8:38:54 PM,252 Event OK
4/08/2020 8:38:54 PM,EVENT 55562 1596566614 0/0/0/0/0 INPUT 1 0 305 v:122
4/08/2020 8:38:54 PM,252 Event OK
4/08/2020 8:38:55 PM,EVENT 55563 1596566632 0/0/0/0/6 INPUT 3 1 0 v:121
4/08/2020 8:38:55 PM,252 Event OK
4/08/2020 8:38:55 PM,EVENT 55564 1596566715 0/0/0/0/20 ENGINEOVERSPEED 55560 67 9031 v:121
4/08/2020 8:38:55 PM,252 Event OK
4/08/2020 8:38:55 PM,EVENT 55565 1596566717 0/0/0/0/18 INPUT 3 0 85 v:121
4/08/2020 8:38:55 PM,252 Event OK
4/08/2020 8:38:55 PM,EVENT 55566 1596566757 0/0/0/0/0 REPORT 55560 0 0 v:121
4/08/2020 8:38:55 PM,252 Event OK
4/08/2020 8:38:55 PM,EVENT 55567 1596566802 0/0/0/0/2 INPUT 4 0 189 v:121
4/08/2020 8:38:55 PM,252 Event OK
4/08/2020 8:38:56 PM,EVENT 55568 1596566803 0/0/0/0/4 INPUT 4 1 0 v:121
4/08/2020 8:38:56 PM,252 Event OK
4/08/2020 8:38:56 PM,EVENT 55569 1596566804 0/0/0/0/6 INPUT 3 1 0 v:121
4/08/2020 8:38:56 PM,252 Event OK
4/08/2020 8:38:56 PM,EVENT 55570 1596566891 0/0/0/0/15 IMPACT 55560 11 0 0 0 11 0 W v:121
4/08/2020 8:38:56 PM,252 Event OK
4/08/2020 8:38:56 PM,EVENT 55571 1596566894 0/0/0/0/14 INPUT 3 0 90 v:121
4/08/2020 8:38:56 PM,252 Event OK
4/08/2020 8:38:56 PM,EVENT 55572 1596567004 0/0/0/0/1 INPUT 4 0 202 v:121
4/08/2020 8:38:56 PM,252 Event OK
4/08/2020 8:38:57 PM,EVENT 55573 1596567004 0/0/0/0/1 INPUT 4 1 0 v:121
4/08/2020 8:38:57 PM,252 Event OK
4/08/2020 8:38:57 PM,EVENT 55574 1596567021 0/0/0/0/2 INPUT 4 0 17 v:121
4/08/2020 8:38:57 PM,252 Event OK
4/08/2020 8:38:57 PM,EVENT 55575 1596567024 0/0/0/0/0 INPUT 4 1 0 v:121
4/08/2020 8:38:57 PM,252 Event OK
4/08/2020 8:38:57 PM,EVENT 55576 1596567030 0/0/0/0/0 INPUT 4 0 6 v:121
4/08/2020 8:38:57 PM,252 Event OK
4/08/2020 8:38:58 PM,EVENT 55577 1596567030 0/0/0/0/0 INPUT 4 1 0 v:121
4/08/2020 8:38:58 PM,252 Event OK
4/08/2020 8:38:58 PM,EVENT 55578 1596567138 0/0/0/0/2 INPUT 3 1 0 v:121
4/08/2020 8:38:58 PM,252 Event OK
4/08/2020 8:38:58 PM,EVENT 55579 1596567149 0/0/0/0/11 INPUT 3 0 12 v:121
4/08/2020 8:38:58 PM,252 Event OK
4/08/2020 8:38:58 PM,EVENT 55580 1596567151 0/0/0/0/0 INPUT 7 1 0 v:121
4/08/2020 8:38:58 PM,252 Event OK
4/08/2020 8:38:58 PM,EVENT 55581 1596567151 0/0/0/0/0 INPUT 8 0 551 v:121
4/08/2020 8:38:58 PM,252 Event OK
4/08/2020 8:38:59 PM,EVENT 55582 1596567151 0/0/0/0/0 INPUT 1 1 0 v:121
4/08/2020 8:38:59 PM,252 Event OK
4/08/2020 8:38:59 PM,EVENT 55583 1596567152 0/0/0/0/0 INPUT 4 0 122 v:121
4/08/2020 8:38:59 PM,252 Event OK
4/08/2020 8:38:59 PM,EVENT 55584 1596567155 0/0/0/0/0 TRIP 55560 187 349 12 6 548 v:121
4/08/2020 8:38:59 PM,252 Event OK
4/08/2020 8:38:59 PM,EVENT 55585 1596567155 0/0/0/0/0 TRIPSUMMARY 55560 v:121
4/08/2020 8:38:59 PM,252 Event OK
4/08/2020 8:39:00 PM,EVENT 55586 1596570909 0/0/0/0/0 SWSTART OpusFC 5.0.58.517 R v:121
4/08/2020 8:39:00 PM,252 Event OK
4/08/2020 8:39:00 PM,EVENT 55587 1596567155 0/0/0/0/0 POWERDOWN v:121
4/08/2020 8:39:00 PM,252 Event OK
4/08/2020 8:39:00 PM,EVENT 55588 1596570909 0/0/0/0/0 INPUT 1 1 0 v:121
4/08/2020 8:39:00 PM,252 Event OK
4/08/2020 8:39:00 PM,EVENT 55589 1596570909 0/0/0/0/0 INPUT 2 0 0 v:121
4/08/2020 8:39:00 PM,252 Event OK
4/08/2020 8:39:01 PM,EVENT 55590 1596570909 0/0/0/0/0 INPUT 3 0 0 v:121
4/08/2020 8:39:01 PM,252 Event OK
4/08/2020 8:39:01 PM,EVENT 55591 1596570909 0/0/0/0/0 INPUT 4 0 0 v:121
4/08/2020 8:39:01 PM,252 Event OK
4/08/2020 8:39:01 PM,EVENT 55592 1596570909 0/0/0/0/0 INPUT 7 0 0 v:121
4/08/2020 8:39:01 PM,252 Event OK
4/08/2020 8:39:01 PM,EVENT 55593 1596570909 0/0/0/0/0 INPUT 8 1 0 v:121
4/08/2020 8:39:01 PM,252 Event OK
4/08/2020 8:39:02 PM,EVENT 55594 1596570911 0/0/0/0/0 ZONE_OK 2 100 FW=NO VERSION v:121
4/08/2020 8:39:02 PM,252 Event OK
4/08/2020 8:39:02 PM,EVENT 55595 1596570923 0/0/0/0/0 SIGNON 2532 03f7deff OK 26 41080 0 v:121
4/08/2020 8:39:02 PM,252 Event OK
4/08/2020 8:39:02 PM,EVENT 55596 1596570930 0/0/0/99/0 INPUT 7 1 0 v:121
4/08/2020 8:39:02 PM,252 Event OK
4/08/2020 8:39:02 PM,EVENT 55597 1596570930 0/0/0/99/0 INPUT 4 1 0 v:122
4/08/2020 8:39:02 PM,252 Event OK
4/08/2020 8:39:02 PM,EVENT 55598 1596570930 0/0/0/99/0 INPUT 7 0 1 v:122
4/08/2020 8:39:02 PM,252 Event OK
4/08/2020 8:39:03 PM,EVENT 55599 1596570931 0/0/0/99/0 INPUT 4 0 2 v:121
4/08/2020 8:39:03 PM,252 Event OK
4/08/2020 8:39:03 PM,EVENT 55600 1596570937 0/0/0/0/0 INPUT 7 1 0 v:122
4/08/2020 8:39:03 PM,252 Event OK
4/08/2020 8:39:03 PM,EVENT 55601 1596570937 0/0/0/0/0 INPUT 4 1 0 v:122
4/08/2020 8:39:03 PM,252 Event OK
4/08/2020 8:39:03 PM,EVENT 55602 1596570938 0/0/0/0/0 INPUT 7 0 1 v:122
4/08/2020 8:39:03 PM,252 Event OK
4/08/2020 8:39:03 PM,EVENT 55603 1596570940 0/0/0/0/0 INPUT 4 0 3 v:121
4/08/2020 8:39:03 PM,252 Event OK
4/08/2020 8:39:04 PM,EVENT 55604 1596570949 0/0/0/0/0 INPUT 7 1 0 v:122
4/08/2020 8:39:04 PM,252 Event OK
4/08/2020 8:39:04 PM,EVENT 55605 1596570949 0/0/0/0/0 INPUT 4 1 0 v:122
4/08/2020 8:39:04 PM,252 Event OK
4/08/2020 8:39:04 PM,EVENT 55606 1596570950 0/0/0/0/0 INPUT 7 0 2 v:122
4/08/2020 8:39:04 PM,252 Event OK
4/08/2020 8:39:04 PM,EVENT 55607 1596570953 0/0/0/0/0 INPUT 1 0 43 v:121
4/08/2020 8:39:04 PM,252 Event OK
4/08/2020 8:39:05 PM,EVENT 55608 1596570976 0/0/0/0/0 INPUT 7 1 0 v:121
4/08/2020 8:39:05 PM,252 Event OK
4/08/2020 8:39:05 PM,EVENT 55609 1596570976 0/0/0/0/0 INPUT 8 0 66 v:121
4/08/2020 8:39:05 PM,252 Event OK
4/08/2020 8:39:05 PM,EVENT 55610 1596570976 0/0/0/0/0 INPUT 1 1 0 v:121
4/08/2020 8:39:05 PM,252 Event OK
4/08/2020 8:39:05 PM,EVENT 55611 1596570977 0/0/0/0/0 INPUT 4 0 28 v:121
4/08/2020 8:39:05 PM,252 Event OK
4/08/2020 8:39:05 PM,EVENT 55612 1596570980 0/0/0/0/0 TRIP 55595 0 33 25 9 58 v:121
4/08/2020 8:39:05 PM,252 Event OK
4/08/2020 8:39:06 PM,EVENT 55613 1596571033 0/0/0/0/0 REPORT * 0 0 v:121
4/08/2020 8:39:06 PM,252 Event OK
4/08/2020 8:39:06 PM,EVENT 55614 1596572076 0/0/0/0/0 INPUT 8 1 0 v:121
4/08/2020 8:39:06 PM,252 Event OK
4/08/2020 8:39:06 PM,EVENT 55615 1596572077 0/0/0/0/0 INPUT 7 0 1101 v:121
4/08/2020 8:39:06 PM,252 Event OK
4/08/2020 8:39:06 PM,EVENT 55616 1596572090 0/0/0/0/0 SIGNON 2532 03f7deff OK 26 41080 0 v:121
4/08/2020 8:39:06 PM,252 Event OK
4/08/2020 8:39:06 PM,EVENT 55617 1596572095 0/0/0/0/0 INPUT 7 1 0 v:122
4/08/2020 8:39:06 PM,252 Event OK
4/08/2020 8:39:07 PM,EVENT 55618 1596572096 0/0/0/0/0 INPUT 4 1 0 v:122
4/08/2020 8:39:07 PM,252 Event OK
4/08/2020 8:39:07 PM,EVENT 55619 1596572096 0/0/0/0/0 INPUT 7 0 2 v:122
4/08/2020 8:39:07 PM,252 Event OK
4/08/2020 8:39:07 PM,EVENT 55620 1596572099 0/0/0/0/0 INPUT 1 0 1122 v:122
4/08/2020 8:39:07 PM,252 Event OK
4/08/2020 8:39:07 PM,EVENT 55621 1596572111 0/0/0/0/0 INPUT 4 0 16 v:122
4/08/2020 8:39:07 PM,252 Event OK
4/08/2020 8:39:07 PM,EVENT 55622 1596572111 0/0/0/0/0 INPUT 4 1 0 v:122
4/08/2020 8:39:07 PM,252 Event OK
4/08/2020 8:39:08 PM,EVENT 55623 1596572114 0/0/0/0/0 INPUT 4 0 3 v:122
4/08/2020 8:39:08 PM,252 Event OK
4/08/2020 8:39:08 PM,EVENT 55624 1596572114 0/0/0/0/0 INPUT 4 1 0 v:122
4/08/2020 8:39:08 PM,252 Event OK
4/08/2020 8:39:08 PM,EVENT 55625 1596572118 0/0/0/0/0 INPUT 4 0 4 v:122
4/08/2020 8:39:08 PM,252 Event OK
4/08/2020 8:39:08 PM,EVENT 55626 1596572118 0/0/0/0/0 INPUT 4 1 0 v:122
4/08/2020 8:39:08 PM,252 Event OK
4/08/2020 8:39:08 PM,EVENT 55627 1596572130 0/0/0/0/3 INPUT 4 0 12 v:121
4/08/2020 8:39:08 PM,252 Event OK
4/08/2020 8:39:09 PM,EVENT 55628 1596572130 0/0/0/0/2 INPUT 4 1 0 v:121
4/08/2020 8:39:09 PM,252 Event OK
4/08/2020 8:39:09 PM,EVENT 55629 1596572142 0/0/0/0/0 INPUT 4 0 12 v:122
4/08/2020 8:39:09 PM,252 Event OK
4/08/2020 8:39:09 PM,EVENT 55630 1596572142 0/0/0/0/0 INPUT 4 1 0 v:122
4/08/2020 8:39:09 PM,252 Event OK
4/08/2020 8:39:09 PM,EVENT 55631 1596572150 0/0/0/0/0 INPUT 7 1 0 v:122
4/08/2020 8:39:09 PM,252 Event OK
4/08/2020 8:39:09 PM,EVENT 55632 1596572150 0/0/0/0/0 INPUT 8 0 73 v:122
4/08/2020 8:39:09 PM,252 Event OK
4/08/2020 8:39:10 PM,EVENT 55633 1596572151 0/0/0/0/0 INPUT 1 1 0 v:121
4/08/2020 8:39:10 PM,252 Event OK
4/08/2020 8:39:10 PM,EVENT 55634 1596572151 0/0/0/0/0 INPUT 4 0 9 v:121
4/08/2020 8:39:10 PM,252 Event OK
4/08/2020 8:39:10 PM,EVENT 55635 1596572154 0/0/0/0/0 TRIP 55616 0 56 9 6 65 v:121
4/08/2020 8:39:10 PM,252 Event OK
4/08/2020 8:39:10 PM,EVENT 55636 1596572335 0/0/0/0/0 INPUT 8 1 0 v:121
4/08/2020 8:39:10 PM,252 Event OK
4/08/2020 8:39:11 PM,EVENT 55637 1596572335 0/0/0/0/0 INPUT 7 0 185 v:121
4/08/2020 8:39:11 PM,252 Event OK
4/08/2020 8:39:11 PM,EVENT 55638 1596572346 0/0/0/0/0 SIGNON 2532 03f7deff OK 26 41080 0 v:121
4/08/2020 8:39:11 PM,252 Event OK
4/08/2020 8:39:11 PM,EVENT 55639 1596572351 0/0/0/0/0 INPUT 7 1 0 v:122
4/08/2020 8:39:11 PM,252 Event OK
4/08/2020 8:39:11 PM,EVENT 55640 1596572352 0/0/0/0/0 INPUT 4 1 0 v:122
4/08/2020 8:39:11 PM,252 Event OK
4/08/2020 8:39:11 PM,EVENT 55641 1596572352 0/0/0/0/0 INPUT 7 0 1 v:122
4/08/2020 8:39:11 PM,252 Event OK
4/08/2020 8:39:12 PM,EVENT 55642 1596572353 0/0/0/0/0 INPUT 1 0 202 v:122
4/08/2020 8:39:12 PM,252 Event OK
4/08/2020 8:39:12 PM,EVENT 55643 1596572366 0/0/0/0/1 INPUT 4 0 15 v:122
4/08/2020 8:39:12 PM,252 Event OK
4/08/2020 8:39:12 PM,EVENT 55644 1596572366 0/0/0/0/1 INPUT 4 1 0 v:122
4/08/2020 8:39:12 PM,252 Event OK
4/08/2020 8:39:12 PM,EVENT 55645 1596572370 0/0/0/0/3 INPUT 4 0 4 v:122
4/08/2020 8:39:12 PM,252 Event OK
4/08/2020 8:39:13 PM,EVENT 55646 1596572370 0/0/0/0/3 INPUT 4 1 0 v:122
4/08/2020 8:39:13 PM,252 Event OK
4/08/2020 8:39:13 PM,EVENT 55647 1596572375 0/0/0/0/3 INPUT 4 0 5 v:122
4/08/2020 8:39:13 PM,252 Event OK
4/08/2020 8:39:13 PM,EVENT 55648 1596572375 0/0/0/0/3 INPUT 4 1 0 v:122
4/08/2020 8:39:13 PM,252 Event OK
4/08/2020 8:39:13 PM,EVENT 55649 1596572388 0/0/0/0/3 INPUT 4 0 13 v:121
4/08/2020 8:39:13 PM,252 Event OK
4/08/2020 8:39:13 PM,EVENT 55650 1596572389 0/0/0/0/2 INPUT 4 1 0 v:121
4/08/2020 8:39:13 PM,252 Event OK
4/08/2020 8:39:14 PM,EVENT 55651 1596572394 0/0/0/0/0 INPUT 4 0 6 v:121
4/08/2020 8:39:14 PM,252 Event OK
4/08/2020 8:39:14 PM,EVENT 55652 1596572395 0/0/0/0/0 INPUT 4 1 0 v:121
4/08/2020 8:39:14 PM,252 Event OK
4/08/2020 8:39:14 PM,EVENT 55653 1596572400 0/0/0/0/3 INPUT 4 0 6 v:122
4/08/2020 8:39:14 PM,252 Event OK
4/08/2020 8:39:14 PM,EVENT 55654 1596572401 0/0/0/0/2 INPUT 4 1 0 v:122
4/08/2020 8:39:14 PM,252 Event OK
4/08/2020 8:39:14 PM,EVENT 55655 1596572403 0/0/0/0/3 INPUT 4 0 3 v:122
4/08/2020 8:39:14 PM,252 Event OK
4/08/2020 8:39:15 PM,EVENT 55656 1596572403 0/0/0/0/3 INPUT 4 1 0 v:121
4/08/2020 8:39:15 PM,252 Event OK
4/08/2020 8:39:15 PM,EVENT 55657 1596572409 0/0/0/0/0 INPUT 4 0 6 v:122
4/08/2020 8:39:15 PM,252 Event OK
4/08/2020 8:39:15 PM,EVENT 55658 1596572409 0/0/0/0/0 INPUT 4 1 0 v:122
4/08/2020 8:39:15 PM,252 Event OK
4/08/2020 8:39:15 PM,EVENT 55659 1596572413 0/0/0/0/1 INPUT 4 0 4 v:122
4/08/2020 8:39:15 PM,252 Event OK
4/08/2020 8:39:15 PM,EVENT 55660 1596572414 0/0/0/0/0 INPUT 4 1 0 v:122
4/08/2020 8:39:15 PM,252 Event OK
4/08/2020 8:39:16 PM,EVENT 55661 1596572422 0/0/0/0/3 INPUT 4 0 9 v:122
4/08/2020 8:39:16 PM,252 Event OK
4/08/2020 8:39:16 PM,EVENT 55662 1596572423 0/0/0/0/2 INPUT 4 1 0 v:122
4/08/2020 8:39:16 PM,252 Event OK
4/08/2020 8:39:16 PM,EVENT 55663 1596572426 0/0/0/0/0 INPUT 7 1 0 v:122
4/08/2020 8:39:16 PM,252 Event OK
4/08/2020 8:39:16 PM,EVENT 55664 1596572426 0/0/0/0/0 INPUT 8 0 92 v:122
4/08/2020 8:39:16 PM,252 Event OK
4/08/2020 8:39:16 PM,EVENT 55665 1596572427 0/0/0/0/0 INPUT 1 1 0 v:121
4/08/2020 8:39:16 PM,252 Event OK
4/08/2020 8:39:17 PM,EVENT 55666 1596572428 0/0/0/0/0 INPUT 4 0 6 v:121
4/08/2020 8:39:17 PM,252 Event OK
4/08/2020 8:39:17 PM,EVENT 55667 1596572431 0/0/0/0/0 TRIP 55638 0 77 9 6 86 v:121
4/08/2020 8:39:17 PM,252 Event OK
4/08/2020 8:39:17 PM,EVENT 55668 1596572621 0/0/0/0/0 INPUT 8 1 0 v:121
4/08/2020 8:39:17 PM,252 Event OK
4/08/2020 8:39:17 PM,EVENT 55669 1596572621 0/0/0/0/0 INPUT 7 0 194 v:121
4/08/2020 8:39:17 PM,252 Event OK
4/08/2020 8:39:18 PM,EVENT 55670 1596572632 0/0/0/0/0 SIGNON 2532 03f7deff OK 26 41080 0 v:121
4/08/2020 8:39:18 PM,252 Event OK
4/08/2020 8:39:18 PM,EVENT 55671 1596572637 0/0/0/0/0 INPUT 7 1 0 v:122
4/08/2020 8:39:18 PM,252 Event OK
4/08/2020 8:39:18 PM,EVENT 55672 1596572637 0/0/0/0/0 INPUT 4 1 0 v:122
4/08/2020 8:39:18 PM,252 Event OK
4/08/2020 8:39:18 PM,EVENT 55673 1596572638 0/0/0/0/0 INPUT 7 0 1 v:122
4/08/2020 8:39:18 PM,252 Event OK
4/08/2020 8:39:18 PM,EVENT 55674 1596572640 0/0/0/0/0 INPUT 1 0 213 v:122
4/08/2020 8:39:18 PM,252 Event OK
4/08/2020 8:39:19 PM,EVENT 55675 1596572759 0/0/0/0/4 INPUT 4 0 123 v:121
4/08/2020 8:39:19 PM,252 Event OK
4/08/2020 8:39:19 PM,EVENT 55676 1596572759 0/0/0/0/3 INPUT 4 1 0 v:121
4/08/2020 8:39:19 PM,252 Event OK
4/08/2020 8:39:19 PM,EVENT 55677 1596572863 0/0/0/0/0 REPORT 55670 0 0 v:121
4/08/2020 8:39:19 PM,252 Event OK
4/08/2020 8:39:19 PM,EVENT 55678 1596572922 0/0/0/0/7 INPUT 3 1 0 v:121
4/08/2020 8:39:19 PM,252 Event OK
4/08/2020 8:39:19 PM,EVENT 55679 1596573176 0/0/0/0/24 ENGINEOVERSPEED 55670 75 6416 v:121
4/08/2020 8:39:19 PM,252 Event OK
4/08/2020 8:39:20 PM,EVENT 55680 1596573478 0/0/0/1/10 INPUT 3 0 556 v:121
4/08/2020 8:39:20 PM,252 Event OK
4/08/2020 8:39:20 PM,EVENT 55681 1596573482 0/0/0/1/5 INPUT 4 0 723 v:121
4/08/2020 8:39:20 PM,252 Event OK
4/08/2020 8:39:20 PM,EVENT 55682 1596573483 0/0/0/1/3 INPUT 4 1 0 v:121
4/08/2020 8:39:20 PM,252 Event OK
4/08/2020 8:39:20 PM,EVENT 55683 1596573486 -310119521/1219227809/12723/1/0 INPUT 4 0 4 v:121
4/08/2020 8:39:20 PM,252 Event OK
4/08/2020 8:39:20 PM,EVENT 55684 1596573489 -310119544/1219227766/9176/1/0 INPUT 7 1 0 v:121
4/08/2020 8:39:20 PM,252 Event OK
4/08/2020 8:39:21 PM,EVENT 55685 1596573489 -310119544/1219227766/9176/1/0 INPUT 8 0 868 v:121
4/08/2020 8:39:21 PM,252 Event OK
4/08/2020 8:39:21 PM,EVENT 55686 1596573489 -310119555/1219227760/8709/1/0 INPUT 1 1 0 v:121
4/08/2020 8:39:21 PM,252 Event OK
4/08/2020 8:39:21 PM,EVENT 55687 1596573493 -310119606/1219227663/6362/1/0 TRIP 55670 556 294 12 7 862 v:120
4/08/2020 8:39:21 PM,252 Event OK
4/08/2020 8:39:21 PM,EVENT 55688 1596573493 -310119606/1219227663/6362/1/0 TRIPSUMMARY 55670 v:121
4/08/2020 8:39:21 PM,252 Event OK
4/08/2020 8:39:21 PM,QUIT
4/08/2020 8:39:21 PM,221 Session ended - goodbye
4/08/2020 8:39:45 PM,UNIT 10604
4/08/2020 8:39:45 PM,333 CHAL 4AB87DC4
4/08/2020 8:39:46 PM,RESP 9FBBE6B9
4/08/2020 8:39:46 PM,230 Auth OK
4/08/2020 8:39:46 PM,TIME
4/08/2020 8:39:46 PM,211 TIME 1596573586
4/08/2020 8:39:47 PM,EVCOUNT 2
4/08/2020 8:39:47 PM,252 Event OK
4/08/2020 8:39:47 PM,TODO
4/08/2020 8:39:47 PM,226 Nothing to do
4/08/2020 8:39:48 PM,EVENT 55689 1596573579 -310122055/1219228642/695/3/0 INPUT 8 1 0 v:121
4/08/2020 8:39:48 PM,252 Event OK
4/08/2020 8:39:48 PM,EVENT 55690 1596573579 -310122055/1219228644/695/3/0 INPUT 7 0 91 v:121
4/08/2020 8:39:48 PM,252 Event OK
4/08/2020 8:39:49 PM,QUIT
4/08/2020 8:39:49 PM,221 Session ended - goodbye
4/08/2020 8:39:59 PM,UNIT 10604
4/08/2020 8:39:59 PM,333 CHAL 3305A619
4/08/2020 8:40:00 PM,RESP 22EDD7CF
4/08/2020 8:40:00 PM,230 Auth OK
4/08/2020 8:40:00 PM,TIME
4/08/2020 8:40:00 PM,211 TIME 1596573600
4/08/2020 8:40:01 PM,EVCOUNT 2
4/08/2020 8:40:01 PM,252 Event OK
4/08/2020 8:40:01 PM,TODO
4/08/2020 8:40:01 PM,226 Nothing to do
4/08/2020 8:40:02 PM,EVENT 55691 1596573591 -310122073/1219228577/666/3/0 SIGNON 2532 03f7deff OK 26 41080 0 v:121
4/08/2020 8:40:02 PM,252 Event OK
4/08/2020 8:40:02 PM,EVENT 55692 1596573597 -310122076/1219228542/662/3/0 INPUT 7 1 0 v:121
4/08/2020 8:40:02 PM,252 Event OK
4/08/2020 8:40:03 PM,EVENT 55693 1596573597 -310122076/1219228539/662/3/0 INPUT 4 1 0 v:122
4/08/2020 8:40:03 PM,252 Event OK
4/08/2020 8:40:04 PM,EVENT 55694 1596573597 -310122077/1219228536/661/3/0 INPUT 7 0 1 v:122
4/08/2020 8:40:04 PM,252 Event OK
4/08/2020 8:40:04 PM,EVENT 55695 1596573598 -310122078/1219228533/661/3/0 INPUT 1 0 109 v:121
4/08/2020 8:40:04 PM,252 Event OK
4/08/2020 8:40:05 PM,QUIT
4/08/2020 8:40:05 PM,221 Session ended - goodbye
4/08/2020 8:40:15 PM,UNIT 10604
4/08/2020 8:40:15 PM,333 CHAL 7989868D
4/08/2020 8:40:16 PM,RESP 026F735F
4/08/2020 8:40:16 PM,230 Auth OK
4/08/2020 8:40:17 PM,TIME
4/08/2020 8:40:17 PM,211 TIME 1596573617
4/08/2020 8:40:18 PM,EVCOUNT 1
4/08/2020 8:40:18 PM,252 Event OK
4/08/2020 8:40:18 PM,TODO
4/08/2020 8:40:18 PM,226 Nothing to do
4/08/2020 8:40:19 PM,EVENT 55696 1596573609 -310121884/1219228921/651/3/5 INPUT 3 1 0 v:121
4/08/2020 8:40:19 PM,252 Event OK
4/08/2020 8:40:20 PM,QUIT
4/08/2020 8:40:20 PM,221 Session ended - goodbye
4/08/2020 8:41:04 PM,UNIT 10604
4/08/2020 8:41:04 PM,333 CHAL 1C62203F
4/08/2020 8:41:05 PM,RESP 69BCA663
4/08/2020 8:41:05 PM,230 Auth OK
4/08/2020 8:41:06 PM,TIME
4/08/2020 8:41:06 PM,211 TIME 1596573666
4/08/2020 8:41:07 PM,EVCOUNT 3
4/08/2020 8:41:07 PM,252 Event OK
4/08/2020 8:41:08 PM,TODO
4/08/2020 8:41:08 PM,226 Nothing to do
4/08/2020 8:41:09 PM,EVENT 55697 1596573657 -310128453/1219230458/722/8/10 INPUT 3 0 49 v:121
4/08/2020 8:41:09 PM,252 Event OK
4/08/2020 8:41:09 PM,EVENT 55698 1596573660 -310128712/1219230057/718/2/7 INPUT 3 1 0 v:121
4/08/2020 8:41:09 PM,252 Event OK
4/08/2020 8:41:10 PM,EVENT 55699 1596573661 -310128761/1219229721/720/2/9 INPUT 3 0 2 v:121
4/08/2020 8:41:10 PM,252 Event OK
4/08/2020 8:41:11 PM,QUIT
4/08/2020 8:41:11 PM,221 Session ended - goodbye
4/08/2020 8:41:22 PM,UNIT 10604
4/08/2020 8:41:22 PM,333 CHAL 56E6A131
4/08/2020 8:41:22 PM,RESP 3DF099FE
4/08/2020 8:41:22 PM,230 Auth OK
4/08/2020 8:41:23 PM,TIME
4/08/2020 8:41:23 PM,211 TIME 1596573683
4/08/2020 8:41:24 PM,EVCOUNT 5
4/08/2020 8:41:24 PM,252 Event OK
4/08/2020 8:41:25 PM,TODO
4/08/2020 8:41:25 PM,226 Nothing to do
4/08/2020 8:41:25 PM,EVENT 55700 1596573673 -310128253/1219229094/790/2/0 INPUT 7 1 0 v:121
4/08/2020 8:41:25 PM,252 Event OK
4/08/2020 8:41:26 PM,EVENT 55701 1596573673 -310128253/1219229094/790/2/0 INPUT 8 0 93 v:121
4/08/2020 8:41:26 PM,252 Event OK
4/08/2020 8:41:27 PM,EVENT 55702 1596573673 -310128253/1219229094/790/2/0 INPUT 1 1 0 v:121
4/08/2020 8:41:27 PM,252 Event OK
4/08/2020 8:41:28 PM,EVENT 55703 1596573675 -310128260/1219229074/807/2/0 INPUT 4 0 78 v:121
4/08/2020 8:41:28 PM,252 Event OK
4/08/2020 8:41:29 PM,EVENT 55704 1596573677 -310128270/1219229056/820/2/0 TRIP 55691 51 28 7 5 86 v:121
4/08/2020 8:41:29 PM,252 Event OK
4/08/2020 8:41:29 PM,QUIT
4/08/2020 8:41:29 PM,221 Session ended - goodbye
4/08/2020 8:46:15 PM,UNIT 10604
4/08/2020 8:46:15 PM,333 CHAL 4839F371
4/08/2020 8:46:16 PM,RESP F9AF21C5
4/08/2020 8:46:16 PM,230 Auth OK
4/08/2020 8:46:17 PM,TIME
4/08/2020 8:46:17 PM,211 TIME 1596573977
4/08/2020 8:46:17 PM,EVCOUNT 2
4/08/2020 8:46:17 PM,252 Event OK
4/08/2020 8:46:18 PM,TODO
4/08/2020 8:46:18 PM,226 Nothing to do
4/08/2020 8:46:19 PM,EVENT 55705 1596573970 -310128140/1219228948/884/10/0 INPUT 8 1 0 v:121
4/08/2020 8:46:19 PM,252 Event OK
4/08/2020 8:46:20 PM,EVENT 55706 1596573970 -310128142/1219228945/886/10/0 INPUT 7 0 297 v:121
4/08/2020 8:46:20 PM,252 Event OK
4/08/2020 8:46:20 PM,QUIT
4/08/2020 8:46:20 PM,221 Session ended - goodbye
4/08/2020 8:46:31 PM,UNIT 10604
4/08/2020 8:46:31 PM,333 CHAL 5AF5DD94
4/08/2020 8:46:31 PM,RESP 35823E41
4/08/2020 8:46:31 PM,230 Auth OK
4/08/2020 8:46:32 PM,TIME
4/08/2020 8:46:32 PM,211 TIME 1596573992
4/08/2020 8:46:33 PM,EVCOUNT 5
4/08/2020 8:46:33 PM,252 Event OK
4/08/2020 8:46:33 PM,TODO
4/08/2020 8:46:33 PM,226 Nothing to do
4/08/2020 8:46:34 PM,EVENT 55707 1596573980 -310128187/1219228877/907/10/0 SIGNON 2532 03f7deff OK 26 41080 0 v:121
4/08/2020 8:46:34 PM,252 Event OK
4/08/2020 8:46:35 PM,EVENT 55708 1596573987 -310128206/1219228828/911/10/0 INPUT 7 1 0 v:122
4/08/2020 8:46:35 PM,252 Event OK
4/08/2020 8:46:36 PM,EVENT 55709 1596573987 -310128207/1219228823/912/10/0 INPUT 4 1 0 v:122
4/08/2020 8:46:36 PM,252 Event OK
4/08/2020 8:46:37 PM,EVENT 55710 1596573988 -310128207/1219228823/912/10/0 INPUT 7 0 1 v:122
4/08/2020 8:46:37 PM,252 Event OK
4/08/2020 8:46:38 PM,EVENT 55711 1596573988 -310128208/1219228821/912/10/0 INPUT 1 0 315 v:122
4/08/2020 8:46:38 PM,252 Event OK
4/08/2020 8:46:39 PM,QUIT
4/08/2020 8:46:39 PM,221 Session ended - goodbye
4/08/2020 8:46:50 PM,UNIT 10604
4/08/2020 8:46:50 PM,333 CHAL 69C99489
4/08/2020 8:46:50 PM,RESP A8CA0026
4/08/2020 8:46:50 PM,230 Auth OK
4/08/2020 8:46:51 PM,TIME
4/08/2020 8:46:51 PM,211 TIME 1596574011
4/08/2020 8:46:51 PM,EVCOUNT 2
4/08/2020 8:46:51 PM,252 Event OK
4/08/2020 8:46:52 PM,TODO
4/08/2020 8:46:52 PM,226 Nothing to do
4/08/2020 8:46:53 PM,EVENT 55712 1596574000 -310128235/1219228840/858/9/0 INPUT 4 0 13 v:121
4/08/2020 8:46:53 PM,252 Event OK
4/08/2020 8:47:00 PM,EVENT 55713 1596574000 -310128235/1219228840/858/9/0 INPUT 4 1 0 v:121
4/08/2020 8:47:00 PM,252 Event OK
4/08/2020 8:47:02 PM,EVENT 55714 1596574017 -310128644/1219229318/745/9/6 INPUT 3 1 0 v:121
4/08/2020 8:47:02 PM,252 Event OK
4/08/2020 8:47:03 PM,EVENT 55715 1596574017 -310128498/1219229517/743/9/8 INPUT 3 0 1 v:121
4/08/2020 8:47:03 PM,252 Event OK
4/08/2020 8:47:04 PM,EVENT 55716 1596574018 -310128431/1219229620/741/9/8 INPUT 3 1 0 v:121
4/08/2020 8:47:04 PM,252 Event OK
4/08/2020 8:47:04 PM,QUIT
4/08/2020 8:47:04 PM,221 Session ended - goodbye
4/08/2020 8:48:12 PM,UNIT 10604
4/08/2020 8:48:12 PM,333 CHAL 33148310
4/08/2020 8:48:12 PM,RESP B640A382
4/08/2020 8:48:12 PM,230 Auth OK
4/08/2020 8:48:12 PM,TIME
4/08/2020 8:48:12 PM,211 TIME 1596574092
4/08/2020 8:48:13 PM,EVCOUNT 1
4/08/2020 8:48:13 PM,252 Event OK
4/08/2020 8:48:13 PM,TODO
4/08/2020 8:48:13 PM,226 Nothing to do
4/08/2020 8:48:14 PM,EVENT 55717 1596574085 -310122415/1219227998/705/7/12 INPUT 3 0 66 v:121
4/08/2020 8:48:14 PM,252 Event OK
4/08/2020 8:48:15 PM,QUIT
4/08/2020 8:48:15 PM,221 Session ended - goodbye
4/08/2020 8:48:25 PM,UNIT 10604
4/08/2020 8:48:25 PM,333 CHAL 268B35AF
4/08/2020 8:48:26 PM,RESP FD35464B
4/08/2020 8:48:26 PM,230 Auth OK
4/08/2020 8:48:26 PM,TIME
4/08/2020 8:48:26 PM,211 TIME 1596574106
4/08/2020 8:48:27 PM,EVCOUNT 5
4/08/2020 8:48:27 PM,252 Event OK
4/08/2020 8:48:27 PM,TODO
4/08/2020 8:48:27 PM,226 Nothing to do
4/08/2020 8:48:28 PM,EVENT 55718 1596574092 -310122172/1219228433/735/7/0 INPUT 7 1 0 v:121
4/08/2020 8:48:28 PM,252 Event OK
4/08/2020 8:48:29 PM,EVENT 55719 1596574092 -310122172/1219228433/735/7/0 INPUT 8 0 123 v:121
4/08/2020 8:48:29 PM,252 Event OK
4/08/2020 8:48:29 PM,EVENT 55720 1596574093 -310122173/1219228434/734/7/0 INPUT 1 1 0 v:121
4/08/2020 8:48:29 PM,252 Event OK
4/08/2020 8:48:30 PM,EVENT 55721 1596574094 -310122174/1219228441/732/4/0 INPUT 4 0 94 v:121
4/08/2020 8:48:30 PM,252 Event OK
4/08/2020 8:48:31 PM,EVENT 55722 1596574097 -310122170/1219228456/737/4/0 TRIP 55707 67 40 11 8 118 v:121
4/08/2020 8:48:31 PM,252 Event OK
4/08/2020 8:48:31 PM,QUIT
4/08/2020 8:48:31 PM,221 Session ended - goodbye
4/08/2020 8:48:58 PM,UNIT 10604
4/08/2020 8:48:58 PM,333 CHAL 791A8774
4/08/2020 8:48:59 PM,RESP 9EE0A68C
4/08/2020 8:48:59 PM,230 Auth OK
4/08/2020 8:48:59 PM,TIME
4/08/2020 8:48:59 PM,211 TIME 1596574139
4/08/2020 8:49:00 PM,EVCOUNT 1
4/08/2020 8:49:00 PM,252 Event OK
4/08/2020 8:49:00 PM,TODO
4/08/2020 8:49:00 PM,226 Nothing to do
4/08/2020 8:49:01 PM,EVENT 55723 1596574132 -310122142/1219228532/804/4/0 INPUT 1 0 39 v:121
4/08/2020 8:49:01 PM,252 Event OK
4/08/2020 8:49:02 PM,QUIT
4/08/2020 8:49:02 PM,221 Session ended - goodbye
4/08/2020 8:50:20 PM,UNIT 10604
4/08/2020 8:50:20 PM,333 CHAL 1001A27C
4/08/2020 8:50:21 PM,RESP F4C699E6
4/08/2020 8:50:21 PM,230 Auth OK
4/08/2020 8:50:22 PM,TIME
4/08/2020 8:50:22 PM,211 TIME 1596574222
4/08/2020 8:50:22 PM,EVCOUNT 1
4/08/2020 8:50:22 PM,252 Event OK
4/08/2020 8:50:23 PM,TODO
4/08/2020 8:50:23 PM,226 Nothing to do
4/08/2020 8:50:24 PM,EVENT 55724 1596574215 -310121918/1219228713/841/4/0 INPUT 1 1 0 v:121
4/08/2020 8:50:24 PM,252 Event OK
4/08/2020 8:50:24 PM,QUIT
4/08/2020 8:50:24 PM,221 Session ended - goodbye
4/08/2020 9:09:17 PM,UNIT 10604
4/08/2020 9:09:17 PM,333 CHAL 639093E
4/08/2020 9:09:17 PM,RESP 5EE3CDB5
4/08/2020 9:09:17 PM,230 Auth OK
4/08/2020 9:09:18 PM,TIME
4/08/2020 9:09:18 PM,211 TIME 1596575358
4/08/2020 9:09:18 PM,EVCOUNT 2
4/08/2020 9:09:18 PM,252 Event OK
4/08/2020 9:09:19 PM,TODO
4/08/2020 9:09:19 PM,226 Nothing to do
4/08/2020 9:09:20 PM,EVENT 55725 1596575350 -310122208/1219228320/739/3/0 INPUT 8 1 0 v:121
4/08/2020 9:09:20 PM,252 Event OK
4/08/2020 9:09:20 PM,EVENT 55726 1596575350 -310122205/1219228321/738/3/0 INPUT 7 0 1258 v:121
4/08/2020 9:09:20 PM,252 Event OK
4/08/2020 9:09:21 PM,QUIT
4/08/2020 9:09:21 PM,221 Session ended - goodbye
4/08/2020 9:09:31 PM,UNIT 10604
4/08/2020 9:09:31 PM,333 CHAL 5FDB85AD
4/08/2020 9:09:32 PM,RESP A0CF5DC3
4/08/2020 9:09:32 PM,230 Auth OK
4/08/2020 9:09:32 PM,TIME
4/08/2020 9:09:32 PM,211 TIME 1596575372
4/08/2020 9:09:33 PM,EVCOUNT 5
4/08/2020 9:09:33 PM,252 Event OK
4/08/2020 9:09:33 PM,TODO
4/08/2020 9:09:33 PM,226 Nothing to do
4/08/2020 9:09:34 PM,EVENT 55727 1596575363 -310122144/1219228293/748/3/0 SIGNON 2532 03f7deff OK 26 41080 0 v:121
4/08/2020 9:09:34 PM,252 Event OK
4/08/2020 9:09:35 PM,EVENT 55728 1596575367 -310122136/1219228302/741/4/0 REPORT 55727 0 70 v:121
4/08/2020 9:09:35 PM,252 Event OK
4/08/2020 9:09:35 PM,EVENT 55729 1596575368 -310122131/1219228307/739/4/0 INPUT 7 1 0 v:122
4/08/2020 9:09:35 PM,252 Event OK
4/08/2020 9:09:36 PM,EVENT 55730 1596575369 -310122131/1219228307/739/4/0 INPUT 4 1 0 v:122
4/08/2020 9:09:36 PM,252 Event OK
4/08/2020 9:09:37 PM,EVENT 55731 1596575369 -310122127/1219228308/738/4/0 INPUT 7 0 0 v:122
4/08/2020 9:09:37 PM,252 Event OK
4/08/2020 9:09:38 PM,EVENT 55732 1596575370 -310122119/1219228311/738/4/0 INPUT 1 0 1155 v:122
4/08/2020 9:09:38 PM,252 Event OK
4/08/2020 9:09:38 PM,QUIT
4/08/2020 9:09:38 PM,221 Session ended - goodbye
4/08/2020 9:09:51 PM,UNIT 10604
4/08/2020 9:09:51 PM,333 CHAL 57114DD
4/08/2020 9:09:51 PM,RESP 274E1BAB
4/08/2020 9:09:51 PM,230 Auth OK
4/08/2020 9:09:52 PM,TIME
4/08/2020 9:09:52 PM,211 TIME 1596575392
4/08/2020 9:09:53 PM,EVCOUNT 1
4/08/2020 9:09:53 PM,252 Event OK
4/08/2020 9:09:53 PM,TODO
4/08/2020 9:09:53 PM,226 Nothing to do
4/08/2020 9:09:54 PM,EVENT 55733 1596575383 -310121625/1219228863/725/4/6 INPUT 3 1 0 v:121
4/08/2020 9:09:54 PM,252 Event OK
4/08/2020 9:09:55 PM,QUIT
4/08/2020 9:09:55 PM,221 Session ended - goodbye
4/08/2020 9:11:41 PM,UNIT 10604
4/08/2020 9:11:41 PM,333 CHAL 2360A1DF
4/08/2020 9:11:41 PM,RESP A3506410
4/08/2020 9:11:41 PM,230 Auth OK
4/08/2020 9:11:42 PM,TIME
4/08/2020 9:11:42 PM,211 TIME 1596575502
4/08/2020 9:11:42 PM,EVCOUNT 1
4/08/2020 9:11:42 PM,252 Event OK
4/08/2020 9:11:43 PM,TODO
4/08/2020 9:11:43 PM,226 Nothing to do
4/08/2020 9:11:44 PM,EVENT 55734 1596575494 -310143005/1219230737/734/3/12 INPUT 3 0 111 v:121
4/08/2020 9:11:44 PM,252 Event OK
4/08/2020 9:11:45 PM,QUIT
4/08/2020 9:11:45 PM,221 Session ended - goodbye
4/08/2020 9:11:56 PM,UNIT 10604
4/08/2020 9:11:56 PM,333 CHAL 4AA1DB80
4/08/2020 9:11:57 PM,RESP 00F4DCD8
4/08/2020 9:11:57 PM,230 Auth OK
4/08/2020 9:11:58 PM,TIME
4/08/2020 9:11:58 PM,211 TIME 1596575518
4/08/2020 9:11:59 PM,EVCOUNT 5
4/08/2020 9:11:59 PM,252 Event OK
4/08/2020 9:11:59 PM,TODO
4/08/2020 9:11:59 PM,226 Nothing to do
4/08/2020 9:12:01 PM,EVENT 55735 1596575505 -310143776/1219230456/699/3/0 INPUT 7 1 0 v:121
4/08/2020 9:12:01 PM,252 Event OK
4/08/2020 9:12:02 PM,EVENT 55736 1596575505 -310143776/1219230456/699/3/0 INPUT 8 0 156 v:121
4/08/2020 9:12:02 PM,252 Event OK
4/08/2020 9:12:03 PM,EVENT 55737 1596575506 -310143776/1219230457/698/3/0 INPUT 1 1 0 v:121
4/08/2020 9:12:03 PM,252 Event OK
4/08/2020 9:12:04 PM,EVENT 55738 1596575507 -310143778/1219230459/695/3/0 INPUT 4 0 139 v:121
4/08/2020 9:12:04 PM,252 Event OK
4/08/2020 9:12:05 PM,EVENT 55739 1596575510 -310143782/1219230471/689/3/0 TRIP 55727 111 28 9 6 148 v:120
4/08/2020 9:12:05 PM,252 Event OK
4/08/2020 9:12:06 PM,QUIT
4/08/2020 9:12:06 PM,221 Session ended - goodbye
4/08/2020 10:30:53 PM,UNIT 10604
4/08/2020 10:30:53 PM,333 CHAL 43620B6D
4/08/2020 10:30:53 PM,RESP BCB12EBC
4/08/2020 10:30:53 PM,230 Auth OK
4/08/2020 10:30:53 PM,TIME
4/08/2020 10:30:53 PM,211 TIME 1596580253
4/08/2020 10:30:53 PM,EVCOUNT 11
4/08/2020 10:30:53 PM,252 Event OK
4/08/2020 10:30:54 PM,TODO
4/08/2020 10:30:54 PM,226 Nothing to do
4/08/2020 10:30:54 PM,EVENT 55740 1596580226 0/0/0/0/0 SWSTART OpusFC 5.0.58.517 R v:121
4/08/2020 10:30:54 PM,252 Event OK
4/08/2020 10:30:54 PM,EVENT 55741 1596575510 0/0/0/0/0 POWERDOWN v:120
4/08/2020 10:30:54 PM,252 Event OK
4/08/2020 10:30:55 PM,EVENT 55742 1596580226 0/0/0/0/0 INPUT 1 1 0 v:121
4/08/2020 10:30:55 PM,252 Event OK
4/08/2020 10:30:55 PM,EVENT 55743 1596580226 0/0/0/0/0 INPUT 2 0 0 v:121
4/08/2020 10:30:55 PM,252 Event OK
4/08/2020 10:30:55 PM,EVENT 55744 1596580226 0/0/0/0/0 INPUT 3 0 0 v:121
4/08/2020 10:30:55 PM,252 Event OK
4/08/2020 10:30:55 PM,EVENT 55745 1596580226 0/0/0/0/0 INPUT 4 0 0 v:121
4/08/2020 10:30:55 PM,252 Event OK
4/08/2020 10:30:55 PM,EVENT 55746 1596580226 0/0/0/0/0 INPUT 7 0 0 v:121
4/08/2020 10:30:55 PM,252 Event OK
4/08/2020 10:30:56 PM,EVENT 55747 1596580226 0/0/0/0/0 INPUT 8 1 0 v:121
4/08/2020 10:30:56 PM,252 Event OK
4/08/2020 10:30:56 PM,EVENT 55748 1596580228 0/0/0/0/0 ZONE_OK 2 100 FW=NO VERSION v:121
4/08/2020 10:30:56 PM,252 Event OK
4/08/2020 10:30:56 PM,EVENT 55749 1596580239 0/0/0/0/0 SIGNON 2491 03f1dcd0 OK_CL 26 71197 0 v:121
4/08/2020 10:30:56 PM,252 Event OK
4/08/2020 10:30:56 PM,EVENT 55750 1596580244 0/0/0/99/0 CHECKLIST 55749 OK 0 6 432 F v:121
4/08/2020 10:30:56 PM,252 Event OK
4/08/2020 10:30:57 PM,EVENT 55751 1596580250 0/0/0/6/0 INPUT 7 1 0 v:121
4/08/2020 10:30:57 PM,252 Event OK
4/08/2020 10:30:57 PM,EVENT 55752 1596580250 0/0/0/6/0 INPUT 4 1 0 v:122
4/08/2020 10:30:57 PM,252 Event OK
4/08/2020 10:30:57 PM,EVENT 55753 1596580251 0/0/0/6/0 INPUT 7 0 1 v:122
4/08/2020 10:30:57 PM,252 Event OK
4/08/2020 10:30:57 PM,EVENT 55754 1596580253 0/0/0/6/0 INPUT 1 0 27 v:121
4/08/2020 10:30:57 PM,252 Event OK
4/08/2020 10:30:57 PM,QUIT
4/08/2020 10:30:57 PM,221 Session ended - goodbye
4/08/2020 10:31:08 PM,UNIT 10604
4/08/2020 10:31:08 PM,333 CHAL 6459DDCF
4/08/2020 10:31:10 PM,RESP 2A959B48
4/08/2020 10:31:10 PM,230 Auth OK
4/08/2020 10:31:12 PM,TIME
4/08/2020 10:31:12 PM,211 TIME 1596580272
4/08/2020 10:31:13 PM,EVCOUNT 2
4/08/2020 10:31:13 PM,252 Event OK
4/08/2020 10:31:14 PM,TODO
4/08/2020 10:31:14 PM,226 Nothing to do
4/08/2020 10:31:16 PM,EVENT 55755 1596580256 0/0/0/6/0 INPUT 4 0 6 v:121
4/08/2020 10:31:16 PM,252 Event OK
4/08/2020 10:31:17 PM,EVENT 55756 1596580256 0/0/0/6/0 INPUT 4 1 0 v:121
4/08/2020 10:31:17 PM,252 Event OK
4/08/2020 10:31:19 PM,EVENT 55757 1596580269 -310143074/1219230705/1076/6/7 INPUT 3 1 0 v:121
4/08/2020 10:31:19 PM,252 Event OK
4/08/2020 10:31:20 PM,QUIT
4/08/2020 10:31:20 PM,221 Session ended - goodbye
4/08/2020 10:32:27 PM,UNIT 10604
4/08/2020 10:32:27 PM,333 CHAL 1C31DACD
4/08/2020 10:32:28 PM,RESP 61980E52
4/08/2020 10:32:28 PM,230 Auth OK
4/08/2020 10:32:30 PM,TIME
4/08/2020 10:32:30 PM,211 TIME 1596580350
4/08/2020 10:32:31 PM,EVCOUNT 4
4/08/2020 10:32:31 PM,252 Event OK
4/08/2020 10:32:32 PM,TODO
4/08/2020 10:32:32 PM,226 Nothing to do
4/08/2020 10:32:33 PM,EVENT 55758 1596580341 -310121814/1219236239/649/9/12 INPUT 3 0 72 v:121
4/08/2020 10:32:33 PM,252 Event OK
4/08/2020 10:32:34 PM,EVENT 55759 1596580346 -310121395/1219235975/630/9/3 INPUT 7 1 0 v:121
4/08/2020 10:32:34 PM,252 Event OK
4/08/2020 10:32:36 PM,EVENT 55760 1596580346 -310121395/1219235975/630/9/3 INPUT 8 0 119 v:121
4/08/2020 10:32:36 PM,252 Event OK
4/08/2020 10:32:37 PM,EVENT 55761 1596580346 -310121395/1219235975/628/9/2 INPUT 1 1 0 v:121
4/08/2020 10:32:37 PM,252 Event OK
4/08/2020 10:32:38 PM,EVENT 55762 1596580347 -310121394/1219235975/623/9/0 INPUT 4 0 91 v:121
4/08/2020 10:32:38 PM,252 Event OK
4/08/2020 10:32:39 PM,EVENT 55763 1596580350 -310121392/1219235969/616/9/0 REPORT 55749 0 84 v:120
4/08/2020 10:32:39 PM,252 Event OK
4/08/2020 10:32:40 PM,EVENT 55764 1596580350 -310121390/1219235967/614/9/0 TRIP 55749 72 25 11 8 108 v:120
4/08/2020 10:32:40 PM,252 Event OK
4/08/2020 10:32:41 PM,QUIT
4/08/2020 10:32:41 PM,221 Session ended - goodbye
4/08/2020 10:33:59 PM,UNIT 10604
4/08/2020 10:33:59 PM,333 CHAL 25929734
4/08/2020 10:34:00 PM,RESP 8F673655
4/08/2020 10:34:00 PM,230 Auth OK
4/08/2020 10:34:01 PM,TIME
4/08/2020 10:34:01 PM,211 TIME 1596580441
4/08/2020 10:34:01 PM,EVCOUNT 2
4/08/2020 10:34:01 PM,252 Event OK
4/08/2020 10:34:02 PM,TODO
4/08/2020 10:34:02 PM,226 Nothing to do
4/08/2020 10:34:03 PM,EVENT 55765 1596580434 -310121323/1219235861/582/11/0 INPUT 8 1 0 v:121
4/08/2020 10:34:03 PM,252 Event OK
4/08/2020 10:34:04 PM,EVENT 55766 1596580434 -310121321/1219235862/583/11/0 INPUT 7 0 88 v:121
4/08/2020 10:34:04 PM,252 Event OK
4/08/2020 10:34:05 PM,QUIT
4/08/2020 10:34:05 PM,221 Session ended - goodbye
4/08/2020 10:34:15 PM,UNIT 10604
4/08/2020 10:34:15 PM,333 CHAL 218F39CE
4/08/2020 10:34:16 PM,RESP 2D164E4E
4/08/2020 10:34:16 PM,230 Auth OK
4/08/2020 10:34:17 PM,TIME
4/08/2020 10:34:17 PM,211 TIME 1596580457
4/08/2020 10:34:17 PM,EVCOUNT 5
4/08/2020 10:34:17 PM,252 Event OK
4/08/2020 10:34:18 PM,TODO
4/08/2020 10:34:18 PM,226 Nothing to do
4/08/2020 10:34:20 PM,EVENT 55767 1596580442 -310121290/1219235873/583/11/0 SIGNON 2491 03f1dcd0 OK 26 71197 0 v:121
4/08/2020 10:34:20 PM,252 Event OK
4/08/2020 10:34:21 PM,EVENT 55768 1596580447 -310121278/1219235884/581/11/0 INPUT 7 1 0 v:121
4/08/2020 10:34:21 PM,252 Event OK
4/08/2020 10:34:22 PM,EVENT 55769 1596580447 -310121276/1219235886/581/11/0 INPUT 7 0 0 v:122
4/08/2020 10:34:22 PM,252 Event OK
4/08/2020 10:34:23 PM,EVENT 55770 1596580448 -310121274/1219235887/580/11/0 INPUT 1 0 103 v:122
4/08/2020 10:34:23 PM,252 Event OK
4/08/2020 10:34:24 PM,EVENT 55771 1596580448 -310121274/1219235887/580/11/0 INPUT 4 1 0 v:122
4/08/2020 10:34:24 PM,252 Event OK
4/08/2020 10:34:26 PM,EVENT 55772 1596580455 -310120797/1219235605/569/11/7 INPUT 3 1 0 v:121
4/08/2020 10:34:26 PM,252 Event OK
4/08/2020 10:34:27 PM,QUIT
4/08/2020 10:34:27 PM,221 Session ended - goodbye
4/08/2020 10:34:46 PM,UNIT 10604
4/08/2020 10:34:46 PM,333 CHAL 9771F9A
4/08/2020 10:34:47 PM,RESP 816A40D4
4/08/2020 10:34:47 PM,230 Auth OK
4/08/2020 10:34:48 PM,TIME
4/08/2020 10:34:48 PM,211 TIME 1596580488
4/08/2020 10:34:49 PM,EVCOUNT 1
4/08/2020 10:34:49 PM,252 Event OK
4/08/2020 10:34:50 PM,TODO
4/08/2020 10:34:50 PM,226 Nothing to do
4/08/2020 10:34:52 PM,EVENT 55773 1596580480 -310121846/1219228161/547/7/10 INPUT 3 0 25 v:121
4/08/2020 10:34:52 PM,252 Event OK
4/08/2020 10:34:54 PM,EVENT 55774 1596580488 -310122094/1219227443/534/7/7 INPUT 3 1 0 v:121
4/08/2020 10:34:54 PM,252 Event OK
4/08/2020 10:34:55 PM,EVENT 55775 1596580489 -310122048/1219227218/532/7/8 INPUT 3 0 1 v:121
4/08/2020 10:34:55 PM,252 Event OK
4/08/2020 10:34:56 PM,QUIT
4/08/2020 10:34:56 PM,221 Session ended - goodbye
4/08/2020 10:35:07 PM,UNIT 10604
4/08/2020 10:35:07 PM,333 CHAL 4DE5B358
4/08/2020 10:35:09 PM,RESP 0F993313
4/08/2020 10:35:09 PM,230 Auth OK
4/08/2020 10:35:11 PM,TIME
4/08/2020 10:35:11 PM,211 TIME 1596580511
4/08/2020 10:35:12 PM,EVCOUNT 5
4/08/2020 10:35:12 PM,252 Event OK
4/08/2020 10:35:13 PM,TODO
4/08/2020 10:35:13 PM,226 Nothing to do
4/08/2020 10:35:14 PM,EVENT 55776 1596580493 -310121828/1219226933/558/7/2 INPUT 4 0 45 v:121
4/08/2020 10:35:14 PM,252 Event OK
4/08/2020 10:35:16 PM,EVENT 55777 1596580493 -310121855/1219226950/560/7/1 INPUT 4 1 0 v:121
4/08/2020 10:35:16 PM,252 Event OK
4/08/2020 10:35:17 PM,EVENT 55778 1596580506 -310122904/1219227586/581/0/0 INPUT 7 1 0 v:121
4/08/2020 10:35:17 PM,252 Event OK
4/08/2020 10:35:19 PM,EVENT 55779 1596580506 -310122904/1219227586/581/0/0 INPUT 8 0 73 v:121
4/08/2020 10:35:19 PM,252 Event OK
4/08/2020 10:35:21 PM,EVENT 55780 1596580507 -310122908/1219227585/583/0/0 INPUT 1 1 0 v:121
4/08/2020 10:35:21 PM,252 Event OK
4/08/2020 10:35:22 PM,EVENT 55781 1596580508 -310122916/1219227585/586/0/0 INPUT 4 0 15 v:121
4/08/2020 10:35:22 PM,252 Event OK
4/08/2020 10:35:23 PM,EVENT 55782 1596580511 -310122943/1219227584/588/0/0 TRIP 55767 26 34 10 7 70 v:121
4/08/2020 10:35:23 PM,252 Event OK
4/08/2020 10:35:24 PM,QUIT
4/08/2020 10:35:24 PM,221 Session ended - goodbye
4/08/2020 10:47:19 PM,UNIT 10604
4/08/2020 10:47:19 PM,333 CHAL 38C4FEB7
4/08/2020 10:47:20 PM,RESP 71800E19
4/08/2020 10:47:20 PM,230 Auth OK
4/08/2020 10:47:20 PM,TIME
4/08/2020 10:47:20 PM,211 TIME 1596581240
4/08/2020 10:47:21 PM,EVCOUNT 2
4/08/2020 10:47:21 PM,252 Event OK
4/08/2020 10:47:21 PM,TODO
4/08/2020 10:47:21 PM,226 Nothing to do
4/08/2020 10:47:22 PM,EVENT 55783 1596581233 -310123058/1219227685/570/5/0 INPUT 8 1 0 v:121
4/08/2020 10:47:22 PM,252 Event OK
4/08/2020 10:47:23 PM,EVENT 55784 1596581233 -310123057/1219227683/570/5/0 INPUT 7 0 726 v:121
4/08/2020 10:47:23 PM,252 Event OK
4/08/2020 10:47:24 PM,QUIT
4/08/2020 10:47:24 PM,221 Session ended - goodbye
4/08/2020 10:47:34 PM,UNIT 10604
4/08/2020 10:47:34 PM,333 CHAL 24469FA5
4/08/2020 10:47:35 PM,RESP 8C0ABC0B
4/08/2020 10:47:35 PM,230 Auth OK
4/08/2020 10:47:36 PM,TIME
4/08/2020 10:47:36 PM,211 TIME 1596581256
4/08/2020 10:47:37 PM,EVCOUNT 5
4/08/2020 10:47:37 PM,252 Event OK
4/08/2020 10:47:37 PM,TODO
4/08/2020 10:47:37 PM,226 Nothing to do
4/08/2020 10:47:38 PM,EVENT 55785 1596581242 -310123043/1219227644/588/5/0 SIGNON 2491 03f1dcd0 OK 26 71197 0 v:121
4/08/2020 10:47:38 PM,252 Event OK
4/08/2020 10:47:39 PM,EVENT 55786 1596581248 -310123034/1219227635/598/5/0 INPUT 7 1 0 v:121
4/08/2020 10:47:39 PM,252 Event OK
4/08/2020 10:47:40 PM,EVENT 55787 1596581248 -310123034/1219227635/598/5/0 INPUT 7 0 0 v:122
4/08/2020 10:47:40 PM,252 Event OK
4/08/2020 10:47:41 PM,EVENT 55788 1596581249 -310123031/1219227634/600/5/0 INPUT 1 0 742 v:122
4/08/2020 10:47:41 PM,252 Event OK
4/08/2020 10:47:42 PM,EVENT 55789 1596581249 -310123030/1219227633/600/5/0 INPUT 4 1 0 v:121
4/08/2020 10:47:42 PM,252 Event OK
